-9.0044500E-2 -1.8622920E-4
-5.9971810E-2 -1.8035490E-4
-3.0024050E-2 -1.7330340E-4
-1.0639430E-5 -1.6523710E-4
9.9920930E-3 -1.6179260E-4
1.9985410E-2 -1.5849310E-4
3.0008320E-2 -1.5482240E-4
4.0006160E-2 -1.5061230E-4
5.0004010E-2 -1.4599060E-4
6.0001850E-2 -1.4093400E-4
6.9988250E-2 -1.3534380E-4
8.0008980E-2 -1.2919120E-4
9.0018270E-2 -1.2269060E-4
1.0001610E-1 -1.1459530E-4
1.1000250E-1 -1.0574050E-4
1.2006860E-1 -9.5436820E-5
1.2998680E-1 -8.3041010E-5
1.3999610E-1 -7.0480510E-5
1.5013070E-1 -5.4985740E-5
1.5992310E-1 -3.9319320E-5
1.7003540E-1 -1.8350360E-5
1.7953160E-1 4.7697230E-6
1.8999670E-1 3.0809200E-5
1.9997170E-1 6.2252390E-5
2.0988990E-1 9.8419460E-5
2.1998170E-1 1.3873210E-4
2.2994520E-1 1.8711900E-4
2.3997740E-1 2.4289960E-4
2.4994090E-1 3.1152480E-4
2.5995020E-1 3.8192490E-4
2.6992560E-1 4.6605660E-4
2.7994630E-1 5.5315210E-4
2.8997850E-1 6.6599480E-4
2.9995350E-1 7.8580780E-4
3.0999710E-1 9.3120640E-4
3.1998350E-1 1.0640810E-3
3.2996990E-1 1.2249460E-3
3.3995680E-1 1.3980400E-3
3.4995460E-1 1.5963990E-3
3.5998680E-1 1.7821250E-3
3.6993890E-1 1.9891750E-3
3.7997100E-1 2.1885210E-3
3.8995740E-1 2.4296460E-3
3.9995530E-1 2.6656130E-3
4.0999890E-1 2.9348430E-3
4.1994000E-1 3.1754470E-3
4.2999460E-1 3.4432280E-3
4.3994710E-1 3.6892780E-3
4.4994500E-1 3.9796610E-3
4.5994280E-1 4.2594950E-3
4.7002080E-1 4.5706820E-3
4.8000720E-1 4.8557890E-3
4.9003930E-1 5.1609480E-3
5.0001430E-1 5.4546320E-3
5.0997830E-1 5.7731200E-3
5.2001000E-1 6.0938650E-3
5.2996250E-1 6.4149030E-3
5.4002900E-1 6.7384320E-3
5.5000400E-1 7.0516450E-3
5.6000190E-1 7.3956870E-3
5.7006840E-1 7.7337600E-3
5.8000900E-1 8.1007500E-3
5.9001830E-1 8.4250330E-3
6.0002760E-1 8.7721460E-3
