0.000E+0 0
1.000E-2 2.52273484E-13
2.000E-2 6.01699081E-13
3.000E-2 1.08661557E-12
4.000E-2 1.76048823E-12
5.000E-2 2.69788863E-12
6.000E-2 4.00285451E-12
7.000E-2 5.82058964E-12
8.000E-2 8.35385794E-12
9.000E-2 1.18859836E-11
1.000E-1 1.68131599E-11
1.100E-1 2.3689888E-11
1.200E-1 3.3292947E-11
1.300E-1 4.67115323E-11
1.400E-1 6.54743533E-11
1.500E-1 9.17289295E-11
1.600E-1 1.28494611E-10
1.700E-1 1.80019713E-10
1.800E-1 2.52285677E-10
1.900E-1 3.53718865E-10
2.000E-1 4.96195565E-10
2.100E-1 6.96461112E-10
2.200E-1 9.78133903E-10
2.300E-1 1.37453557E-9
2.400E-1 1.93268814E-9
2.500E-1 2.71895977E-9
2.600E-1 3.82703927E-9
2.700E-1 5.38920065E-9
2.800E-1 7.59221524E-9
2.900E-1 1.06998298E-8
3.000E-1 1.50845196E-8
3.100E-1 2.12723438E-8
3.200E-1 3.00063064E-8
3.300E-1 4.2335856E-8
3.400E-1 5.97432916E-8
3.500E-1 8.43222746E-8
3.600E-1 1.19029876E-7
3.700E-1 1.68042347E-7
3.800E-1 2.37257109E-7
3.900E-1 3.35000628E-7
4.000E-1 4.73025727E-7
4.100E-1 6.67915753E-7
4.200E-1 9.43056316E-7
4.300E-1 1.33140048E-6
4.400E-1 1.87933108E-6
4.500E-1 2.65203163E-6
