-9.0088840E-2 -3.1154740E-6
-5.9993740E-2 -2.1881370E-6
-3.0012130E-2 -1.1442190E-6
-1.7789010E-4 -4.5562840E-9
1.0053190E-2 4.2699930E-7
1.9985080E-2 8.6857880E-7
2.9985430E-2 1.3331250E-6
3.9982800E-2 1.8376230E-6
4.9992080E-2 2.3560040E-6
5.9967040E-2 2.9233270E-6
6.9987300E-2 3.5379420E-6
8.0008030E-2 4.2125280E-6
8.9971540E-2 4.9369450E-6
1.0000320E-1 5.7195560E-6
1.0997820E-1 6.5696840E-6
1.1998750E-1 7.5143980E-6
1.2999630E-1 8.5620010E-6
1.3999410E-1 9.7358240E-6
1.5001440E-1 1.0955050E-5
1.5998940E-1 1.2467980E-5
1.6998720E-1 1.4185600E-5
1.7996220E-1 1.6186230E-5
1.8998240E-1 1.8541150E-5
1.9994590E-1 2.1344910E-5
2.0997810E-1 2.4710000E-5
2.1997790E-1 2.8823140E-5
2.2996430E-1 3.3933120E-5
2.3996210E-1 4.0403520E-5
2.4993710E-1 4.8639090E-5
2.5993490E-1 5.9277120E-5
2.6993230E-1 7.3114420E-5
2.7996440E-1 9.1255660E-5
2.8996230E-1 1.1585330E-4
2.9996010E-1 1.4868080E-4
3.0995750E-1 1.9247990E-4
3.1996680E-1 2.5166360E-4
3.2995320E-1 3.3185100E-4
3.3991670E-1 4.4038330E-4
3.4999420E-1 5.9089390E-4
3.5994630E-1 7.8950080E-4
3.6992120E-1 1.0560660E-3
3.7999920E-1 1.4146490E-3
3.8993980E-1 1.8894730E-3
3.9992620E-1 2.5053430E-3
4.0998080E-1 3.2893210E-3
4.1992140E-1 4.2649320E-3
4.2999940E-1 5.4741320E-3
4.3995140E-1 6.9314630E-3
4.4994930E-1 8.6521100E-3
4.5994660E-1 1.0628180E-2
4.6999030E-1 1.2881700E-2
4.7999910E-1 1.5386660E-2
4.9000840E-1 1.8132020E-2
5.0000620E-1 2.1078410E-2
5.0998120E-1 2.4249570E-2
5.2002430E-1 2.7648390E-2
5.2998830E-1 3.1229700E-2
5.4000850E-1 3.4972070E-2
5.5004070E-1 3.8826820E-2
5.5999280E-1 4.2802070E-2
5.7005880E-1 4.6942410E-2
5.7999940E-1 5.1216600E-2
5.9002020E-1 5.5589260E-2
6.0002950E-1 6.0041280E-2
