-9.0053080E-2 -5.9702150E-4
-5.9969900E-2 -4.7012830E-4
-2.9988770E-2 -3.4220280E-4
8.1956390E-6 -2.1385980E-4
9.9799930E-3 -1.7045650E-4
2.0010680E-2 -1.2707620E-4
3.0007360E-2 -8.3161260E-5
3.9993290E-2 -3.9581310E-5
4.9979690E-2 4.4905080E-6
5.9988500E-2 4.9331850E-5
6.9985870E-2 9.3737810E-5
8.0006120E-2 1.3924950E-4
9.0003970E-2 1.8542540E-4
1.0001280E-1 2.3148530E-4
1.1004450E-1 2.7838630E-4
1.1995080E-1 3.2589580E-4
1.2997100E-1 3.7578310E-4
1.4001420E-1 4.2581510E-4
1.4993190E-1 4.7886860E-4
1.5997510E-1 5.3307020E-4
1.6992710E-1 5.9048410E-4
1.8006130E-1 6.5078030E-4
1.8989940E-1 7.1776240E-4
2.0004510E-1 7.8858900E-4
2.0997430E-1 8.6879240E-4
2.1992870E-1 9.5539770E-4
2.2991510E-1 1.0573830E-3
2.3996970E-1 1.1740890E-3
2.4993280E-1 1.3088730E-3
2.5991920E-1 1.4688060E-3
2.6993940E-1 1.6604360E-3
2.7993730E-1 1.8957020E-3
2.8995750E-1 2.1839290E-3
2.9995490E-1 2.5423320E-3
3.0995270E-1 2.9800630E-3
3.1995010E-1 3.5271980E-3
3.2997080E-1 4.2077860E-3
3.3996820E-1 5.0647630E-3
3.4996600E-1 6.1295390E-3
3.5997490E-1 7.4391980E-3
3.6994980E-1 9.0223090E-3
3.7997010E-1 1.0969210E-2
3.8995600E-1 1.3249350E-2
3.9995380E-1 1.5932690E-2
4.0998550E-1 1.9037750E-2
4.1994910E-1 2.2610900E-2
4.2999220E-1 2.6641120E-2
4.3994430E-1 3.1087850E-2
