-9.0057370E-2 -1.6588360E-4
-5.9984210E-2 -1.1296760E-4
-2.9978750E-2 -5.7738860E-5
8.1956390E-6 -1.3851490E-8
9.9946260E-3 1.9867410E-5
2.0024600E-2 4.0078330E-5
3.0008790E-2 6.0397700E-5
3.9984230E-2 8.1034870E-5
4.9993520E-2 1.0243460E-4
5.9979920E-2 1.2402800E-4
6.9989680E-2 1.4594270E-4
8.0010410E-2 1.6798500E-4
8.9985370E-2 1.9074650E-4
1.0000610E-1 2.1391390E-4
1.0998150E-1 2.3767280E-4
1.2000230E-1 2.6150120E-4
1.2997770E-1 2.8603730E-4
1.3997550E-1 3.1114160E-4
1.5003060E-1 3.3756230E-4
1.5998320E-1 3.6478320E-4
1.7002680E-1 3.9351780E-4
1.7997880E-1 4.2332500E-4
1.8998860E-1 4.5543470E-4
1.9997500E-1 4.9028730E-4
2.0998430E-1 5.2907740E-4
2.1996210E-1 5.7336500E-4
2.2992560E-1 6.2299960E-4
2.3998070E-1 6.8161100E-4
2.4992180E-1 7.5102620E-4
2.5993160E-1 8.3738050E-4
2.6994090E-1 9.4399690E-4
2.7995060E-1 1.0774270E-3
2.8995990E-1 1.2422930E-3
2.9993530E-1 1.4562440E-3
3.0995610E-1 1.7254200E-3
3.1996540E-1 2.0684820E-3
3.2997510E-1 2.4868810E-3
3.3991620E-1 3.0049510E-3
3.4997130E-1 3.6297090E-3
3.5996910E-1 4.3860690E-3
3.6993310E-1 5.2644720E-3
3.7997670E-1 6.2841570E-3
3.8990640E-1 7.4061210E-3
3.9995000E-1 8.6602140E-3
4.0997120E-1 1.0026960E-2
4.1995760E-1 1.1520680E-2
4.2998980E-1 1.3097050E-2
4.3997670E-1 1.4788700E-2
4.4996310E-1 1.6549290E-2
4.5993850E-1 1.8406050E-2
4.7001650E-1 2.0283650E-2
4.7999190E-1 2.2238330E-2
4.9002410E-1 2.4244550E-2
5.0001050E-1 2.6306390E-2
5.1007700E-1 2.8427330E-2
5.1993850E-1 3.0562160E-2
