-9.0068340E-2 -1.5855810E-4
-5.9995170E-2 -1.0814770E-4
-3.0001640E-2 -5.5538260E-5
5.8412550E-6 -8.9611940E-9
9.9851190E-3 1.9087860E-5
2.0009130E-2 3.8651440E-5
3.0008320E-2 5.9012980E-5
3.9949420E-2 7.9272450E-5
4.9981590E-2 1.0012400E-4
5.9979440E-2 1.2163770E-4
6.9988730E-2 1.4371470E-4
8.0009460E-2 1.6580890E-4
8.9984890E-2 1.8858190E-4
9.9994180E-2 2.1163300E-4
1.0998060E-1 2.3564110E-4
1.1998990E-1 2.5989860E-4
1.2995340E-1 2.8482290E-4
1.3998560E-1 3.0975300E-4
1.4999490E-1 3.3536160E-4
1.5997030E-1 3.6139950E-4
1.6996810E-1 3.8813310E-4
1.7994310E-1 4.1583510E-4
1.8997530E-1 4.4380970E-4
1.9993930E-1 4.7270630E-4
2.0997140E-1 5.0202060E-4
2.1997210E-1 5.3313820E-4
2.2992420E-1 5.6554330E-4
2.3995640E-1 6.0032030E-4
2.4990890E-1 6.3675570E-4
2.5992970E-1 6.7693720E-4
2.6991650E-1 7.2153770E-4
2.7994870E-1 7.7304500E-4
2.8994660E-1 8.3307080E-4
2.9993300E-1 9.0508350E-4
3.0994270E-1 9.9291000E-4
3.1994060E-1 1.1023360E-3
3.2996130E-1 1.2426320E-3
3.3992530E-1 1.4259260E-3
3.4995750E-1 1.6600970E-3
3.5996680E-1 1.9671710E-3
3.6994170E-1 2.3632550E-3
3.7996240E-1 2.8843360E-3
3.8992640E-1 3.5433360E-3
3.9993570E-1 4.3674320E-3
4.0994550E-1 5.3809080E-3
4.1995480E-1 6.5707810E-3
4.2997550E-1 7.9992900E-3
4.3993900E-1 9.6284190E-3
4.4996020E-1 1.1487560E-2
4.5995810E-1 1.3571980E-2
4.7000170E-1 1.5851630E-2
4.7999950E-1 1.8309730E-2
4.9004320E-1 2.0952610E-2
