-9.0057850E-2 -1.6616770E-4
-5.9972760E-2 -1.1334480E-4
-2.9990670E-2 -5.7696520E-5
1.2835860E-4 -1.5838280E-8
1.0031130E-2 1.9971220E-5
2.0016370E-2 3.9879450E-5
3.0054090E-2 6.0685340E-5
3.9915560E-2 8.1310330E-5
5.0027370E-2 1.0302500E-4
5.9968470E-2 1.2405100E-4
6.9989200E-2 1.4613410E-4
7.9998970E-2 1.6854750E-4
8.9985370E-2 1.9147710E-4
9.9994660E-2 2.1437210E-4
1.0998150E-1 2.3795110E-4
1.1999080E-1 2.6183760E-4
1.2997720E-1 2.8682590E-4
1.3999840E-1 3.1233020E-4
1.5000770E-1 3.3883800E-4
1.5998270E-1 3.6594290E-4
1.6998100E-1 3.9448030E-4
1.7995600E-1 4.2480950E-4
1.8999960E-1 4.5728450E-4
1.9996360E-1 4.9348830E-4
2.0997290E-1 5.3284080E-4
2.1997360E-1 5.7729100E-4
2.2992610E-1 6.2841010E-4
2.3995830E-1 6.8996170E-4
2.4992230E-1 7.6345940E-4
2.5994300E-1 8.5453430E-4
2.6992990E-1 9.6636990E-4
2.7993920E-1 1.1081970E-3
2.8993750E-1 1.2910290E-3
2.9994680E-1 1.5269420E-3
3.0995660E-1 1.8230080E-3
3.1995440E-1 2.2040870E-3
3.2996420E-1 2.6832150E-3
3.3993910E-1 3.2948160E-3
3.4993740E-1 4.0483960E-3
3.5995820E-1 4.9676540E-3
3.6992220E-1 6.0426220E-3
3.7996580E-1 7.3092880E-3
3.8992980E-1 8.7526440E-3
3.9992760E-1 1.0398820E-2
4.0997120E-1 1.2214140E-2
4.2004920E-1 1.4225010E-2
4.2992210E-1 1.6385910E-2
4.4003390E-1 1.8718880E-2
4.4988390E-1 2.1108050E-2
4.5997330E-1 2.3691280E-2
4.6999410E-1 2.6338830E-2
4.7994660E-1 2.9135850E-2
4.9001310E-1 3.1987320E-2
