-9.0010170E-2 -7.2669300E-4
-6.0028550E-2 -6.7336040E-4
-2.9978280E-2 -6.1781860E-4
8.2254410E-6 -5.6101820E-4
1.0007440E-2 -5.4083230E-4
1.9997210E-2 -5.2050710E-4
3.0008320E-2 -4.9982830E-4
3.9994720E-2 -4.7885360E-4
5.0004010E-2 -4.5781510E-4
5.9979440E-2 -4.3602870E-4
6.9988250E-2 -4.1392910E-4
8.0008980E-2 -3.9137710E-4
9.0006830E-2 -3.6880780E-4
1.0000470E-1 -3.4564700E-4
1.0999110E-1 -3.2220200E-4
1.2000040E-1 -2.9769000E-4
1.2996440E-1 -2.7276050E-4
1.3999610E-1 -2.4694960E-4
1.5000530E-1 -2.2066310E-4
1.5998080E-1 -1.9309520E-4
1.6998960E-1 -1.6412970E-4
1.7997650E-1 -1.3296630E-4
1.8997430E-1 -9.9301830E-5
1.9994930E-1 -6.2005940E-5
2.0998100E-1 -2.0832900E-5
2.1999260E-1 2.6162470E-5
2.2988800E-1 8.0336500E-5
2.3995450E-1 1.4823090E-4
2.4991800E-1 2.2782220E-4
2.5998450E-1 3.2655620E-4
2.6994800E-1 4.4979060E-4
2.7994590E-1 6.0777880E-4
2.8995510E-1 8.0728760E-4
2.9995350E-1 1.0627490E-3
3.0995130E-1 1.3754980E-3
3.1994920E-1 1.7738980E-3
3.2993560E-1 2.2610150E-3
3.3993340E-1 2.8577730E-3
3.4996560E-1 3.5541430E-3
3.5997490E-1 4.3656580E-3
3.6992740E-1 5.2864660E-3
3.7995960E-1 6.3436270E-3
3.8992310E-1 7.5035900E-3
3.9994380E-1 8.7744070E-3
4.0994170E-1 1.0118300E-2
4.1995100E-1 1.1581900E-2
4.2999460E-1 1.3105530E-2
4.3995810E-1 1.4704450E-2
4.4996740E-1 1.6360730E-2
4.5996570E-1 1.8115510E-2
4.6999740E-1 1.9907920E-2
4.8000720E-1 2.1761760E-2
4.9000500E-1 2.3631810E-2
5.0002570E-1 2.5545310E-2
5.0998930E-1 2.7481410E-2
5.2001000E-1 2.9501510E-2
5.2997350E-1 3.1525090E-2
