-9.0068340E-2 -7.4830560E-4
-5.9972290E-2 -6.9734440E-4
-3.0001640E-2 -6.4438270E-4
5.8412550E-6 -5.9009870E-4
1.0002790E-2 -5.7047500E-4
1.9992650E-2 -5.5087450E-4
3.0008320E-2 -5.3076960E-4
3.9972310E-2 -5.1031090E-4
4.9993040E-2 -4.8920270E-4
5.9956550E-2 -4.6752040E-4
6.9988730E-2 -4.4557140E-4
8.0020900E-2 -4.2304250E-4
8.9995860E-2 -4.0053090E-4
1.0000560E-1 -3.7706840E-4
1.0999200E-1 -3.5328100E-4
1.2000130E-1 -3.2871090E-4
1.2997630E-1 -3.0404790E-4
1.4000840E-1 -2.7885150E-4
1.4999490E-1 -2.5343480E-4
1.5998170E-1 -2.2700310E-4
1.7000250E-1 -2.0021200E-4
1.7996600E-1 -1.7264950E-4
1.8998670E-1 -1.4501170E-4
1.9997310E-1 -1.1644020E-4
2.0998290E-1 -8.6617930E-5
2.1999450E-1 -5.6046830E-5
2.2993560E-1 -2.4104270E-5
2.3995640E-1 1.0005180E-5
2.4993180E-1 4.5986630E-5
2.5990680E-1 8.5023920E-5
2.6993890E-1 1.2867780E-4
2.7993730E-1 1.7664160E-4
2.8994660E-1 2.3311870E-4
2.9994440E-1 3.0007450E-4
3.0995370E-1 3.8149300E-4
3.1994060E-1 4.8071470E-4
3.2992700E-1 6.0654270E-4
3.3990240E-1 7.6606870E-4
3.4995750E-1 9.7744400E-4
3.5996680E-1 1.2516140E-3
3.6995320E-1 1.6054510E-3
3.7995150E-1 2.0611660E-3
3.8994930E-1 2.6543350E-3
3.9993570E-1 3.4035030E-3
4.0994550E-1 4.3437890E-3
4.1993190E-1 5.4632540E-3
4.2998700E-1 6.8137630E-3
4.3993900E-1 8.3723660E-3
4.4997170E-1 1.0193020E-2
4.5996950E-1 1.2240690E-2
4.6994450E-1 1.4465300E-2
4.8002240E-1 1.6948880E-2
4.8996350E-1 1.9569750E-2
5.0000720E-1 2.2395720E-2
