-9.0022090E-2 -2.0177020E-4
-5.9994220E-2 -2.0044810E-4
-2.9955860E-2 -1.9901580E-4
-1.3551120E-4 -1.9749070E-4
1.0440890E-2 -1.9736890E-4
1.9920650E-2 -1.9633670E-4
3.0019760E-2 -1.9630770E-4
3.9983270E-2 -1.9578580E-4
4.9969670E-2 -1.9486960E-4
6.0024740E-2 -1.9439990E-4
7.0011140E-2 -1.9375620E-4
8.0031870E-2 -1.9310090E-4
8.9995380E-2 -1.9242240E-4
1.0001610E-1 -1.9199910E-4
1.0996820E-1 -1.9104810E-4
1.1997750E-1 -1.9003320E-4
1.3002110E-1 -1.8871690E-4
1.3982490E-1 -1.8704100E-4
1.5001680E-1 -1.8517380E-4
1.6009430E-1 -1.8327750E-4
1.6998960E-1 -1.8015770E-4
1.7997600E-1 -1.7642320E-4
1.9003110E-1 -1.7102450E-4
2.0000600E-1 -1.6458190E-4
2.0998100E-1 -1.5519930E-4
2.1993590E-1 -1.4316650E-4
2.2994520E-1 -1.2678470E-4
2.4002310E-1 -1.0139700E-4
2.5008920E-1 -7.0179540E-5
2.5998450E-1 -3.0337930E-5
2.7005100E-1 2.7916090E-5
2.7974080E-1 9.6028550E-5
2.9000090E-1 2.2169250E-4
2.9999920E-1 3.5922180E-4
3.0992840E-1 5.5613250E-4
3.1985810E-1 7.8679370E-4
3.2994700E-1 1.1673460E-3
3.3995680E-1 1.6028300E-3
3.4998850E-1 2.1688750E-3
3.5997530E-1 2.8141940E-3
3.6991600E-1 3.7173260E-3
3.8000540E-1 4.7497430E-3
3.8998030E-1 6.0885340E-3
3.9979600E-1 7.3944700E-3
4.0998740E-1 8.9802980E-3
4.2000820E-1 1.0697290E-2
4.3000600E-1 1.2571390E-2
4.3997000E-1 1.4400320E-2
4.5000220E-1 1.6679960E-2
4.5993140E-1 1.8935830E-2
4.7002080E-1 2.1571760E-2
4.8008680E-1 2.3889030E-2
4.9002790E-1 2.6505840E-2
5.0001430E-1 2.8865430E-2
5.1004650E-1 3.1723220E-2
