1.025E-3 -2.313E-4
1.070E-2 -2.302E-4
2.033E-2 -2.289E-4
3.016E-2 -2.273E-4
4.016E-2 -2.259E-4
4.980E-2 -2.241E-4
6.108E-2 -2.221E-4
7.082E-2 -2.203E-4
8.062E-2 -2.183E-4
9.038E-2 -2.162E-4
1.003E-1 -2.143E-4
1.115E-1 -2.117E-4
1.212E-1 -2.093E-4
1.312E-1 -2.069E-4
1.410E-1 -2.046E-4
1.506E-1 -2.016E-4
1.619E-1 -1.985E-4
1.716E-1 -1.953E-4
1.815E-1 -1.924E-4
1.915E-1 -1.888E-4
2.012E-1 -1.850E-4
2.110E-1 -1.811E-4
2.223E-1 -1.763E-4
2.320E-1 -1.713E-4
2.420E-1 -1.667E-4
2.516E-1 -1.622E-4
2.616E-1 -1.565E-4
2.727E-1 -1.497E-4
2.824E-1 -1.442E-4
2.922E-1 -1.377E-4
3.020E-1 -1.308E-4
3.118E-1 -1.233E-4
3.229E-1 -1.155E-4
3.326E-1 -1.079E-4
3.425E-1 -9.996E-5
3.525E-1 -9.226E-5
3.621E-1 -8.225E-5
3.733E-1 -7.254E-5
3.831E-1 -6.293E-5
3.930E-1 -5.322E-5
4.028E-1 -4.357E-5
4.225E-1 -2.269E-5
4.434E-1 9.055E-7
4.632E-1 2.349E-5
4.840E-1 4.870E-5
5.037E-1 7.365E-5
5.541E-1 1.376E-4
6.044E-1 1.993E-4
6.549E-1 2.588E-4
7.054E-1 3.131E-4
7.556E-1 3.656E-4
8.062E-1 4.160E-4
8.567E-1 4.624E-4
9.068E-1 5.083E-4
9.574E-1 5.517E-4
1.006E+0 5.916E-4
