8.254E-4 -2.293E-4
1.072E-2 -2.277E-4
2.052E-2 -2.260E-4
3.017E-2 -2.246E-4
4.030E-2 -2.229E-4
4.996E-2 -2.212E-4
6.098E-2 -2.191E-4
7.085E-2 -2.174E-4
8.066E-2 -2.153E-4
9.052E-2 -2.136E-4
1.004E-1 -2.115E-4
1.116E-1 -2.093E-4
1.213E-1 -2.069E-4
1.311E-1 -2.046E-4
1.410E-1 -2.023E-4
1.509E-1 -1.998E-4
1.618E-1 -1.969E-4
1.718E-1 -1.936E-4
1.815E-1 -1.909E-4
1.914E-1 -1.874E-4
2.011E-1 -1.839E-4
2.110E-1 -1.803E-4
2.221E-1 -1.760E-4
2.321E-1 -1.717E-4
2.417E-1 -1.669E-4
2.516E-1 -1.618E-4
2.614E-1 -1.572E-4
2.725E-1 -1.511E-4
2.823E-1 -1.450E-4
2.922E-1 -1.392E-4
3.019E-1 -1.328E-4
3.118E-1 -1.256E-4
3.228E-1 -1.179E-4
3.328E-1 -1.108E-4
3.426E-1 -1.027E-4
3.524E-1 -9.428E-5
3.622E-1 -8.638E-5
3.733E-1 -7.687E-5
3.832E-1 -6.701E-5
3.929E-1 -5.795E-5
4.026E-1 -4.789E-5
4.224E-1 -2.737E-5
4.433E-1 -5.131E-6
4.631E-1 1.766E-5
4.840E-1 4.236E-5
5.037E-1 6.731E-5
5.541E-1 1.307E-4
6.046E-1 1.935E-4
6.549E-1 2.533E-4
7.052E-1 3.105E-4
7.556E-1 3.630E-4
8.060E-1 4.137E-4
8.565E-1 4.613E-4
9.068E-1 5.074E-4
9.573E-1 5.509E-4
1.006E+0 5.925E-4
