0.000E+0 0
1.000E-2 2.29783335E-13
2.000E-2 5.57085286E-13
3.000E-2 1.02343059E-12
4.000E-2 1.68802784E-12
5.000E-2 2.63530233E-12
6.000E-2 3.98563982E-12
7.000E-2 5.91071126E-12
8.000E-2 8.65533415E-12
9.000E-2 1.25686622E-11
1.000E-1 1.81486886E-11
1.100E-1 2.61057526E-11
1.200E-1 3.74531726E-11
1.300E-1 5.36366017E-11
1.400E-1 7.67186607E-11
1.500E-1 1.09642481E-10
1.600E-1 1.56607893E-10
1.700E-1 2.23608406E-10
1.800E-1 3.19197733E-10
1.900E-1 4.55583954E-10
2.000E-1 6.50191394E-10
2.100E-1 9.27890128E-10
2.200E-1 1.32417849E-9
2.300E-1 1.88972595E-9
2.400E-1 2.69685782E-9
2.500E-1 3.84881191E-9
2.600E-1 5.49295169E-9
2.700E-1 7.83962748E-9
2.800E-1 1.11890994E-8
2.900E-1 1.5969968E-8
3.000E-1 2.27940314E-8
3.100E-1 3.25345889E-8
3.200E-1 4.64382138E-8
3.300E-1 6.62843009E-8
3.400E-1 9.46128065E-8
3.500E-1 1.35049336E-7
3.600E-1 1.9276918E-7
3.700E-1 2.75159722E-7
3.800E-1 3.92765992E-7
3.900E-1 5.60640462E-7
4.000E-1 8.00269903E-7
4.100E-1 1.14232606E-6
4.200E-1 1.63059241E-6
4.300E-1 2.32756979E-6
4.400E-1 3.3224785E-6
4.500E-1 4.7426809E-6
