0.000E+0 -0.268669992
1.000E-2 -0.268667987
2.000E-2 -0.26866595
3.000E-2 -0.26866387
4.000E-2 -0.268661736
5.000E-2 -0.26865953
6.000E-2 -0.268657227
7.000E-2 -0.268654792
8.000E-2 -0.268652174
9.000E-2 -0.268649302
1.000E-1 -0.268646073
1.100E-1 -0.268642339
1.200E-1 -0.268637892
1.300E-1 -0.268632429
1.400E-1 -0.26862552
1.500E-1 -0.268616546
1.600E-1 -0.268604622
1.700E-1 -0.268588477
1.800E-1 -0.268566289
1.900E-1 -0.268535445
2.000E-1 -0.268492194
2.100E-1 -0.268431154
2.200E-1 -0.268344601
2.300E-1 -0.268221448
2.400E-1 -0.268045778
2.500E-1 -0.267794744
2.600E-1 -0.267435545
2.700E-1 -0.266921094
2.800E-1 -0.266183787
2.900E-1 -0.265126572
3.000E-1 -0.263610129
3.100E-1 -0.261434468
3.200E-1 -0.258312555
3.300E-1 -0.253832498
3.400E-1 -0.247403409
3.500E-1 -0.238177959
3.600E-1 -0.224941828
3.700E-1 -0.205956252
3.800E-1 -0.17873463
3.900E-1 -0.139727219
4.000E-1 -0.0838794766
4.100E-1 -0.00402017895
4.200E-1 0.109972955
