-9.0031620E-2 -4.3075450E-6
-6.0004710E-2 -2.9197740E-6
-3.0046460E-2 -1.5053140E-6
-1.1545420E-4 2.4729730E-10
9.9966530E-3 4.6939680E-7
1.9987430E-2 9.7854170E-7
3.0133250E-2 1.5139920E-6
4.0005210E-2 2.1121250E-6
5.0003050E-2 2.6218840E-6
5.9955120E-2 3.2527280E-6
6.9998740E-2 3.8681680E-6
8.0007550E-2 4.5561940E-6
8.9959620E-2 5.2499270E-6
1.0012820E-1 6.1242080E-6
1.0997770E-1 7.0870520E-6
1.1995270E-1 8.3299750E-6
1.2997340E-1 9.6022520E-6
1.3997080E-1 1.1222960E-5
1.5000300E-1 1.3430600E-5
1.5989780E-1 1.5993120E-5
1.7000960E-1 1.9394170E-5
1.7996170E-1 2.3451070E-5
1.8995950E-1 2.9678490E-5
1.9995690E-1 3.7554520E-5
2.1003440E-1 4.9436450E-5
2.1998930E-1 6.3203550E-5
2.3008970E-1 8.3170850E-5
2.3997350E-1 1.0839590E-4
2.4986890E-1 1.4908100E-4
2.5985480E-1 1.9619710E-4
2.6997800E-1 2.6549980E-4
2.7993010E-1 3.4619750E-4
2.8993940E-1 4.7327480E-4
2.9984620E-1 6.2978150E-4
3.1000330E-1 8.6268880E-4
3.1989860E-1 1.0997600E-3
3.2996460E-1 1.4669750E-3
3.3993960E-1 1.8917920E-3
3.5004000E-1 2.4824530E-3
3.6000350E-1 3.0755510E-3
3.6996700E-1 3.8236580E-3
3.7996480E-1 4.5696220E-3
3.8987160E-1 5.5507960E-3
3.9988040E-1 6.5563660E-3
4.1002660E-1 7.7870640E-3
4.1995570E-1 8.9458470E-3
4.3011330E-1 1.0240810E-2
4.3996290E-1 1.1600820E-2
4.4998310E-1 1.3043900E-2
4.6006110E-1 1.4365320E-2
4.7000170E-1 1.5976970E-2
4.8001100E-1 1.7512720E-2
4.9003120E-1 1.9276140E-2
5.0001760E-1 2.0874470E-2
5.1001550E-1 2.2582290E-2
5.1999040E-1 2.4252440E-2
5.2996540E-1 2.6026890E-2
5.3996320E-1 2.7853460E-2
5.5001780E-1 2.9675980E-2
5.5998130E-1 3.1495600E-2
