-9.0077880E-2 -4.2318860E-6
-5.9959890E-2 -2.9114290E-6
-3.0023570E-2 -1.4566390E-6
6.3601140E-4 6.7752670E-9
9.8966060E-3 4.8681500E-7
2.0158410E-2 9.9344520E-7
2.9996870E-2 1.5003730E-6
3.9948940E-2 2.0615520E-6
4.9935340E-2 2.6201310E-6
5.9967040E-2 3.2109770E-6
6.9885250E-2 3.8252800E-6
7.9997060E-2 4.4736260E-6
8.9994910E-2 5.1992520E-6
9.9935530E-2 5.9827580E-6
1.1007020E-1 6.9217730E-6
1.1990830E-1 7.9633630E-6
1.3005400E-1 9.1576710E-6
1.3998370E-1 1.0663450E-5
1.4994720E-1 1.2517370E-5
1.5995650E-1 1.4836360E-5
1.7002250E-1 1.7614050E-5
1.7996310E-1 2.1551520E-5
1.8999530E-1 2.6613420E-5
1.9998170E-1 3.3933390E-5
2.0997950E-1 4.2543660E-5
2.2003700E-1 5.5036270E-5
2.2993180E-1 6.9712200E-5
2.3991870E-1 9.2565810E-5
2.4999620E-1 1.2390900E-4
2.5991440E-1 1.6548160E-4
2.6993470E-1 2.1472060E-4
2.7997830E-1 2.9370240E-4
2.8993030E-1 3.9252220E-4
3.0004220E-1 5.4450120E-4
3.1001710E-1 7.1669560E-4
3.2006070E-1 9.5916140E-4
3.3004710E-1 1.2479420E-3
3.3983990E-1 1.6779770E-3
3.5010000E-1 2.1220350E-3
3.5984710E-1 2.7103280E-3
3.6990170E-1 3.3154820E-3
3.7987660E-1 4.1499380E-3
3.8996600E-1 5.0390400E-3
3.9997480E-1 6.1354800E-3
4.1004130E-1 7.2002820E-3
4.1995950E-1 8.3950050E-3
4.2992310E-1 9.5627210E-3
4.3996620E-1 1.1027980E-2
4.4995260E-1 1.2293200E-2
4.5993950E-1 1.3872430E-2
4.6998260E-1 1.5367660E-2
4.7995760E-1 1.7134000E-2
4.9002410E-1 1.8685400E-2
5.0004480E-1 2.0389180E-2
5.0996260E-1 2.1949280E-2
5.2002910E-1 2.3763700E-2
5.2998110E-1 2.5517300E-2
5.4001330E-1 2.7409340E-2
5.4996540E-1 2.9208140E-2
5.5998610E-1 3.1018500E-2
