-9.0099330E-2 -4.2689660E-6
-5.9913160E-2 -2.8935680E-6
-3.0000690E-2 -1.4433640E-6
-3.9345030E-4 -1.1424530E-9
9.8646580E-3 5.0140920E-7
2.0001410E-2 1.0109070E-6
3.0019280E-2 1.5288770E-6
3.9982800E-2 2.0857990E-6
5.0060270E-2 2.5769790E-6
6.0126300E-2 3.1946310E-6
6.9986820E-2 3.7954210E-6
8.0064300E-2 4.5322560E-6
9.0016370E-2 5.2018290E-6
1.0005950E-1 6.0245640E-6
1.0990910E-1 6.8230180E-6
1.1999800E-1 7.9092840E-6
1.2991570E-1 9.0960290E-6
1.4000420E-1 1.0533370E-5
1.5000200E-1 1.2449320E-5
1.5996550E-1 1.4694630E-5
1.7008830E-1 1.7980240E-5
1.7999460E-1 2.1664250E-5
1.9001530E-1 2.6881460E-5
1.9995590E-1 3.2915150E-5
2.0997620E-1 4.2128350E-5
2.1996450E-1 5.5419280E-5
2.2995090E-1 7.1016980E-5
2.3989150E-1 9.3317560E-5
2.4988940E-1 1.2255580E-4
2.5992110E-1 1.6408720E-4
2.6999860E-1 2.2033040E-4
2.7998500E-1 2.9551260E-4
2.8995990E-1 3.9078200E-4
2.9996870E-1 5.2949090E-4
3.1003480E-1 7.0851320E-4
3.1997590E-1 9.6640600E-4
3.2998470E-1 1.2588170E-3
3.3995960E-1 1.6263180E-3
3.4996840E-1 2.1071100E-3
3.5994340E-1 2.6923190E-3
3.7000940E-1 3.3803880E-3
3.7992760E-1 4.1702690E-3
3.8994790E-1 5.0104480E-3
3.9993430E-1 6.0481130E-3
4.1000030E-1 7.1491730E-3
4.1996380E-1 8.4492820E-3
4.3001840E-1 9.6559210E-3
4.3995900E-1 1.1001170E-2
4.4995690E-1 1.2424530E-2
4.5996570E-1 1.3902340E-2
4.7000930E-1 1.5334380E-2
4.7990420E-1 1.6988890E-2
4.8999310E-1 1.8623690E-2
5.0001340E-1 2.0454320E-2
5.1003410E-1 2.2063060E-2
5.1999760E-1 2.3822410E-2
5.2993820E-1 2.5405080E-2
5.4001570E-1 2.7330130E-2
5.5003600E-1 2.9120190E-2
5.5988550E-1 3.1176150E-2
