0.000E+0 -0.301494618
1.000E-2 -0.30148493
2.000E-2 -0.301474431
3.000E-2 -0.301462806
4.000E-2 -0.301449629
5.000E-2 -0.301434302
6.000E-2 -0.301415988
7.000E-2 -0.301393513
8.000E-2 -0.301365234
9.000E-2 -0.301328853
1.000E-1 -0.301281146
1.100E-1 -0.301217594
1.200E-1 -0.301131863
1.300E-1 -0.30101507
1.400E-1 -0.300854755
1.500E-1 -0.300633435
1.600E-1 -0.30032657
1.700E-1 -0.299899719
1.800E-1 -0.299304515
1.900E-1 -0.298473045
2.000E-1 -0.297309923
2.100E-1 -0.295681164
2.200E-1 -0.293398552
2.300E-1 -0.290197673
2.400E-1 -0.285707057
2.500E-1 -0.279404834
2.600E-1 -0.270557875
2.700E-1 -0.258136369
2.800E-1 -0.240693973
2.900E-1 -0.216199828
3.000E-1 -0.181803317
3.100E-1 -0.133505169
3.200E-1 -0.0656985677
3.300E-1 0.0294692815
