-8.9985370E-2 -4.1592320E-6
-5.9947490E-2 -2.8025350E-6
-2.9977800E-2 -1.4042530E-6
-7.0321560E-4 -5.7546710E-9
1.0053100E-2 4.9153210E-7
2.0024990E-2 9.8635770E-7
3.0064580E-2 1.5097340E-6
4.0016650E-2 2.0233570E-6
5.0025940E-2 2.5789450E-6
6.0000420E-2 3.0928220E-6
7.0032600E-2 3.7067350E-6
7.9950330E-2 4.3449910E-6
9.0004920E-2 5.0795420E-6
1.0002520E-1 5.8522580E-6
1.1002300E-1 6.7347740E-6
1.2003180E-1 7.7786280E-6
1.3000680E-1 9.0145040E-6
1.4003850E-1 1.0600660E-5
1.5001340E-1 1.2341460E-5
1.5999940E-1 1.4767120E-5
1.7000870E-1 1.7810350E-5
1.7999460E-1 2.1871280E-5
1.8999240E-1 2.7101820E-5
1.9998980E-1 3.3786140E-5
2.0997620E-1 4.3274790E-5
2.1995310E-1 5.5570050E-5
2.3000810E-1 7.4780440E-5
2.4000550E-1 9.6959830E-5
2.4991230E-1 1.2762400E-4
2.5996690E-1 1.7050070E-4
2.6995280E-1 2.3601040E-4
2.7996210E-1 3.1160450E-4
2.8995990E-1 4.2016500E-4
2.9993440E-1 5.4765870E-4
3.0995510E-1 7.4976050E-4
3.1991860E-1 9.9828820E-4
3.2995030E-1 1.3382030E-3
3.3994820E-1 1.7241330E-3
3.4995700E-1 2.2620600E-3
3.6000060E-1 2.8958880E-3
3.6996410E-1 3.7272590E-3
3.7998440E-1 4.5589790E-3
3.8994790E-1 5.5742770E-3
3.9991140E-1 6.5745080E-3
4.0998890E-1 7.9049800E-3
4.1992950E-1 9.2454780E-3
4.3000700E-1 1.0739890E-2
4.3997050E-1 1.2292430E-2
4.4996790E-1 1.4093500E-2
4.5996570E-1 1.5711520E-2
4.7000890E-1 1.7507370E-2
4.8000670E-1 1.9145070E-2
4.9002700E-1 2.1186560E-2
5.0001340E-1 2.3119720E-2
5.0998830E-1 2.5345410E-2
5.2003150E-1 2.7272190E-2
5.2999500E-1 2.9420850E-2
5.4003810E-1 3.1309400E-2
