0.000E+0 0
1.000E-2 1.66585702E-12
2.000E-2 4.0007654E-12
3.000E-2 7.27513798E-12
4.000E-2 1.1867281E-11
5.000E-2 1.8312777E-11
6.000E-2 2.7362709E-11
7.000E-2 4.00694385E-11
8.000E-2 5.79131513E-11
9.000E-2 8.29741633E-11
1.000E-1 1.18177186E-10
1.100E-1 1.67635616E-10
1.200E-1 2.37137066E-10
1.300E-1 3.34828395E-10
1.400E-1 4.72182553E-10
1.500E-1 6.65363551E-10
1.600E-1 9.37153869E-10
1.700E-1 1.31966277E-9
1.800E-1 1.85821906E-9
1.900E-1 2.61673443E-9
2.000E-1 3.68541344E-9
2.100E-1 5.19157706E-9
2.200E-1 7.31496519E-9
2.300E-1 1.03093534E-8
2.400E-1 1.45330904E-8
2.500E-1 2.04922393E-8
2.600E-1 2.89015249E-8
2.700E-1 4.07704407E-8
2.800E-1 5.75249005E-8
2.900E-1 8.11791171E-8
3.000E-1 1.14578437E-7
3.100E-1 1.61742438E-7
3.200E-1 2.28349681E-7
3.300E-1 3.22422598E-7
3.400E-1 4.55295143E-7
3.500E-1 6.42979913E-7
3.600E-1 9.08099595E-7
3.700E-1 1.28261556E-6
3.800E-1 1.81168233E-6
3.900E-1 2.55909198E-6
4.000E-1 3.61496311E-6
4.100E-1 5.10659724E-6
4.200E-1 7.21380596E-6
4.300E-1 1.01905323E-5
4.400E-1 1.43953504E-5
4.500E-1 2.03344285E-5
