0.000E+0 0
1.000E-2 5.59750878E-16
2.000E-2 1.37220081E-15
3.000E-2 2.55314285E-15
4.000E-2 4.27140555E-15
5.000E-2 6.77314877E-15
6.000E-2 1.0417313E-14
7.000E-2 1.57273719E-14
8.000E-2 2.34669344E-14
9.000E-2 3.47502761E-14
1.000E-1 5.1204077E-14
1.100E-1 7.52043072E-14
1.200E-1 1.10223489E-13
1.300E-1 1.6134018E-13
1.400E-1 2.35987013E-13
1.500E-1 3.45049585E-13
1.600E-1 5.04481431E-13
1.700E-1 7.37678097E-13
1.800E-1 1.07896775E-12
1.900E-1 1.57874387E-12
2.000E-1 2.31101306E-12
2.100E-1 3.3844949E-12
2.200E-1 4.95866103E-12
2.300E-1 7.27045645E-12
2.400E-1 1.0661812E-11
2.500E-1 1.56420652E-11
2.600E-1 2.29571936E-11
2.700E-1 3.3704594E-11
2.800E-1 4.94981266E-11
2.900E-1 7.27113408E-11
3.000E-1 1.06835271E-10
3.100E-1 1.57004796E-10
3.200E-1 2.30772957E-10
3.300E-1 3.39250124E-10
3.400E-1 4.98779829E-10
3.500E-1 7.33404246E-10
3.600E-1 1.07849129E-9
3.700E-1 1.58607072E-9
3.800E-1 2.33268459E-9
3.900E-1 3.4309367E-9
4.000E-1 5.0464844E-9
4.100E-1 7.42303606E-9
4.200E-1 1.09191285E-8
4.300E-1 1.60622331E-8
4.400E-1 2.36283564E-8
4.500E-1 3.47591496E-8
