0.000E+0 0
1.000E-2 2.45920165E-14
2.000E-2 5.93454666E-14
3.000E-2 1.08514153E-13
4.000E-2 1.78133264E-13
5.000E-2 2.76766325E-13
6.000E-2 4.16566399E-13
7.000E-2 6.14784573E-13
8.000E-2 8.9591547E-13
9.000E-2 1.29475075E-12
1.000E-1 1.86072754E-12
1.100E-1 2.66412448E-12
1.200E-1 3.80489542E-12
1.300E-1 5.42526838E-12
1.400E-1 7.72772191E-12
1.500E-1 1.1000639E-11
1.600E-1 1.56549246E-11
1.700E-1 2.22762777E-11
1.800E-1 3.16998149E-11
1.900E-1 4.51166085E-11
2.000E-1 6.42257935E-11
2.100E-1 9.14517393E-11
2.200E-1 1.30254136E-10
2.300E-1 1.85570747E-10
2.400E-1 2.64449635E-10
2.500E-1 3.76951919E-10
2.600E-1 5.37440941E-10
2.700E-1 7.66423165E-10
2.800E-1 1.0931771E-9
2.900E-1 1.55950754E-9
3.000E-1 2.22510698E-9
3.100E-1 3.17521212E-9
3.200E-1 4.53153831E-9
3.300E-1 6.46789522E-9
3.400E-1 9.23248778E-9
3.500E-1 1.31797645E-8
3.600E-1 1.88159012E-8
3.700E-1 2.6863756E-8
3.800E-1 3.83556305E-8
3.900E-1 5.47657379E-8
4.000E-1 7.81993694E-8
4.100E-1 1.11663008E-7
4.200E-1 1.59450012E-7
4.300E-1 2.27691237E-7
4.400E-1 3.25141042E-7
4.500E-1 4.64299025E-7
