-9.0044980E-2 -8.1944050E-4
-5.9948920E-2 -7.6657200E-4
-3.0001160E-2 -7.1103580E-4
-2.2441150E-5 -6.5407900E-4
9.9968020E-3 -6.3417710E-4
1.9977180E-2 -6.1391000E-4
3.0088420E-2 -5.9292950E-4
3.9915080E-2 -5.7231450E-4
5.0026890E-2 -5.5090490E-4
6.0002330E-2 -5.2952430E-4
7.0011620E-2 -5.0733770E-4
8.0031870E-2 -4.8486700E-4
8.9995860E-2 -4.6204250E-4
1.0002760E-1 -4.3887590E-4
1.0999160E-1 -4.1558160E-4
1.2000080E-1 -3.9141180E-4
1.2997580E-1 -3.6683610E-4
1.3998510E-1 -3.4104250E-4
1.5000580E-1 -3.1495330E-4
1.6000370E-1 -2.8762880E-4
1.7001300E-1 -2.5951580E-4
1.7996500E-1 -2.2912960E-4
1.8999720E-1 -1.9669630E-4
1.9997220E-1 -1.6121860E-4
2.0998140E-1 -1.2266750E-4
2.2000410E-1 -7.8025510E-5
2.2994520E-1 -2.8186520E-5
2.3992010E-1 3.1099710E-5
2.4982690E-1 1.0216040E-4
2.5992730E-1 1.9464010E-4
2.6993700E-1 3.0676970E-4
2.7994630E-1 4.4860180E-4
2.8994420E-1 6.3395520E-4
2.9993060E-1 8.7647540E-4
3.0996270E-1 1.1864680E-3
3.1997200E-1 1.6009190E-3
3.2998130E-1 2.1446530E-3
3.3992240E-1 2.8586410E-3
3.5006860E-1 3.7776510E-3
3.5992960E-1 4.9464800E-3
3.6997320E-1 6.4067320E-3
3.7999390E-1 8.2360620E-3
3.8996890E-1 1.0469700E-2
3.9996670E-1 1.3125810E-2
4.0999890E-1 1.6290650E-2
4.1992860E-1 1.9890550E-2
4.3000600E-1 2.3996220E-2
4.3997000E-1 2.8444250E-2
4.4995640E-1 3.3336040E-2
