8.565E-6 -2.426E-4
8.931E-3 -2.409E-4
1.860E-2 -2.392E-4
2.861E-2 -2.375E-4
3.850E-2 -2.356E-4
4.804E-2 -2.340E-4
5.929E-2 -2.317E-4
6.903E-2 -2.299E-4
7.901E-2 -2.279E-4
8.863E-2 -2.259E-4
9.846E-2 -2.238E-4
1.093E-1 -2.214E-4
1.194E-1 -2.190E-4
1.292E-1 -2.167E-4
1.392E-1 -2.144E-4
1.490E-1 -2.116E-4
1.601E-1 -2.087E-4
1.700E-1 -2.058E-4
1.798E-1 -2.025E-4
1.898E-1 -1.996E-4
1.997E-1 -1.963E-4
2.095E-1 -1.925E-4
2.208E-1 -1.879E-4
2.304E-1 -1.843E-4
2.402E-1 -1.793E-4
2.502E-1 -1.749E-4
2.598E-1 -1.696E-4
2.709E-1 -1.641E-4
2.810E-1 -1.587E-4
2.908E-1 -1.526E-4
3.007E-1 -1.469E-4
3.105E-1 -1.400E-4
3.214E-1 -1.317E-4
3.313E-1 -1.252E-4
3.411E-1 -1.176E-4
3.508E-1 -1.094E-4
3.608E-1 -1.014E-4
3.717E-1 -9.196E-5
3.817E-1 -8.265E-5
3.918E-1 -7.390E-5
4.016E-1 -6.414E-5
4.212E-1 -4.392E-5
4.419E-1 -2.183E-5
4.620E-1 1.107E-6
4.829E-1 2.611E-5
5.023E-1 5.111E-5
5.530E-1 1.152E-4
6.034E-1 1.797E-4
6.542E-1 2.421E-4
7.044E-1 2.990E-4
7.546E-1 3.542E-4
8.054E-1 4.060E-4
8.556E-1 4.557E-4
9.062E-1 5.024E-4
9.565E-1 5.474E-4
1.006E+0 5.897E-4
