1.373E-5 -2.407E-4
8.669E-3 -2.389E-4
1.855E-2 -2.373E-4
2.851E-2 -2.354E-4
3.832E-2 -2.337E-4
4.819E-2 -2.320E-4
5.943E-2 -2.299E-4
6.932E-2 -2.279E-4
7.908E-2 -2.261E-4
8.860E-2 -2.240E-4
9.852E-2 -2.221E-4
1.095E-1 -2.195E-4
1.192E-1 -2.171E-4
1.293E-1 -2.151E-4
1.391E-1 -2.123E-4
1.490E-1 -2.098E-4
1.601E-1 -2.070E-4
1.699E-1 -2.040E-4
1.800E-1 -2.008E-4
1.899E-1 -1.979E-4
1.995E-1 -1.944E-4
2.093E-1 -1.911E-4
2.204E-1 -1.862E-4
2.305E-1 -1.824E-4
2.404E-1 -1.779E-4
2.498E-1 -1.734E-4
2.599E-1 -1.686E-4
2.710E-1 -1.624E-4
2.810E-1 -1.571E-4
2.907E-1 -1.515E-4
3.006E-1 -1.450E-4
3.103E-1 -1.385E-4
3.213E-1 -1.314E-4
3.314E-1 -1.244E-4
3.410E-1 -1.166E-4
3.512E-1 -1.088E-4
3.606E-1 -1.007E-4
3.719E-1 -9.166E-5
3.818E-1 -8.250E-5
3.918E-1 -7.380E-5
4.014E-1 -6.520E-5
4.212E-1 -4.518E-5
4.420E-1 -2.219E-5
4.828E-1 2.430E-5
5.025E-1 4.880E-5
5.529E-1 1.129E-4
6.036E-1 1.773E-4
6.539E-1 2.377E-4
7.046E-1 2.959E-4
7.550E-1 3.513E-4
8.053E-1 4.026E-4
8.558E-1 4.525E-4
9.063E-1 4.995E-4
9.567E-1 5.452E-4
1.006E+0 5.869E-4
