0.000E+0 0
1.000E-2 2.31784311E-13
2.000E-2 5.4867803E-13
3.000E-2 9.835227E-13
4.000E-2 1.58158487E-12
5.000E-2 2.4046396E-12
6.000E-2 3.53921541E-12
7.000E-2 5.10229823E-12
8.000E-2 7.25516306E-12
9.000E-2 1.0219297E-11
1.000E-1 1.42986063E-11
1.100E-1 1.99128435E-11
1.200E-1 2.76374309E-11
1.300E-1 3.82723048E-11
1.400E-1 5.29272618E-11
1.500E-1 7.3148534E-11
1.600E-1 1.01105373E-10
1.700E-1 1.39846005E-10
1.800E-1 1.93674722E-10
1.900E-1 2.6868966E-10
2.000E-1 3.73556485E-10
2.100E-1 5.20621096E-10
2.200E-1 7.2751057E-10
2.300E-1 1.0194376E-9
2.400E-1 1.43251903E-9
2.500E-1 2.01855656E-9
2.600E-1 2.85192664E-9
2.700E-1 4.03951297E-9
2.800E-1 5.73502962E-9
2.900E-1 8.1596801E-9
3.000E-1 1.16319615E-8
3.100E-1 1.66106687E-8
3.200E-1 2.37569541E-8
3.300E-1 3.40238961E-8
3.400E-1 4.87857852E-8
3.500E-1 7.00247481E-8
3.600E-1 1.00600158E-7
3.700E-1 1.44637576E-7
3.800E-1 2.08090156E-7
3.900E-1 2.99549625E-7
4.000E-1 4.31416002E-7
4.100E-1 6.21587119E-7
4.200E-1 8.95896572E-7
4.300E-1 1.29163173E-6
4.400E-1 1.86260853E-6
4.500E-1 2.68648689E-6
