0.000E+0 4.1608809E-8
1.000E-2 4.16207276E-8
2.000E-2 4.1634E-8
3.000E-2 4.16491524E-8
4.000E-2 4.16669095E-8
5.000E-2 4.16882862E-8
6.000E-2 4.1714705E-8
7.000E-2 4.17481591E-8
8.000E-2 4.17914428E-8
9.000E-2 4.1848473E-8
1.000E-1 4.19247423E-8
1.100E-1 4.20279531E-8
1.200E-1 4.21689093E-8
1.300E-1 4.23627667E-8
1.400E-1 4.26307894E-8
1.500E-1 4.30028144E-8
1.600E-1 4.35207107E-8
1.700E-1 4.42432302E-8
1.800E-1 4.52528074E-8
1.900E-1 4.66650796E-8
2.000E-1 4.86421968E-8
2.100E-1 5.14113919E-8
2.200E-1 5.52908119E-8
2.300E-1 6.07253043E-8
2.400E-1 6.83357065E-8
2.500E-1 7.89861896E-8
2.600E-1 9.38752427E-8
2.700E-1 1.14656706E-7
2.800E-1 1.43597404E-7
2.900E-1 1.83776736E-7
3.000E-1 2.39330398E-7
3.100E-1 3.15735885E-7
3.200E-1 4.20135454E-7
3.300E-1 5.61704258E-7
3.400E-1 7.52117584E-7
3.500E-1 1.00627131E-6
3.600E-1 1.34355207E-6
3.700E-1 1.79005765E-6
