-9.0055940E-2 -2.0161950E-4
-5.9971330E-2 -2.0013490E-4
-3.0012610E-2 -1.9896360E-4
-1.0719900E-4 -1.9715420E-4
1.0312500E-2 -1.9694550E-4
2.0037230E-2 -1.9572200E-4
3.0008320E-2 -1.9559440E-4
3.9960380E-2 -1.9482900E-4
4.9946780E-2 -1.9415050E-4
5.9978960E-2 -1.9361700E-4
7.0011140E-2 -1.9274130E-4
8.0065730E-2 -1.9218460E-4
8.9972500E-2 -1.9145980E-4
9.9981780E-2 -1.9049130E-4
1.0995670E-1 -1.8948820E-4
1.2001180E-1 -1.8829930E-4
1.3004400E-1 -1.8694240E-4
1.3997320E-1 -1.8535930E-4
1.4999390E-1 -1.8336450E-4
1.5993500E-1 -1.8084200E-4
1.7000100E-1 -1.7753080E-4
1.7999890E-1 -1.7296710E-4
1.9001960E-1 -1.6781770E-4
1.9999460E-1 -1.6083000E-4
2.0996950E-1 -1.5244470E-4
2.2007270E-1 -1.3942040E-4
2.2992230E-1 -1.2263840E-4
2.3986340E-1 -9.8891270E-5
2.4997520E-1 -6.6672350E-5
2.5981380E-1 -2.4642800E-5
2.7007390E-1 3.0954150E-5
2.7988910E-1 1.0849610E-4
2.8998990E-1 2.2597820E-4
2.9997630E-1 3.6669080E-4
3.1007670E-1 5.6512700E-4
3.1996060E-1 8.0981010E-4
3.3000420E-1 1.1942350E-3
3.3987670E-1 1.6133210E-3
3.4997750E-1 2.1953580E-3
3.5992960E-1 2.8228870E-3
3.6989360E-1 3.7210940E-3
3.7989140E-1 4.7221610E-3
3.8986640E-1 6.0291380E-3
3.9998960E-1 7.3530380E-3
4.1006760E-1 8.9215390E-3
4.1997430E-1 1.0619640E-2
4.2999510E-1 1.2535470E-2
4.3991280E-1 1.4312250E-2
4.4994500E-1 1.6534540E-2
4.5993190E-1 1.8732470E-2
4.6997500E-1 2.1269340E-2
4.7992750E-1 2.3620800E-2
4.9005080E-1 2.6178510E-2
4.9999190E-1 2.8675390E-2
5.0994400E-1 3.1379670E-2
