-9.0065960E-2 -1.7875170E-4
-5.9879300E-2 -1.7740050E-4
-3.0012130E-2 -1.7584060E-4
-3.8892030E-5 -1.7466920E-4
1.0188640E-2 -1.7420540E-4
2.0062830E-2 -1.7322530E-4
3.0042170E-2 -1.7290640E-4
3.9994240E-2 -1.7232080E-4
4.9854760E-2 -1.7178140E-4
5.9943680E-2 -1.7118420E-4
6.9987300E-2 -1.7061590E-4
7.9961780E-2 -1.7001280E-4
8.9982510E-2 -1.6932270E-4
1.0000280E-1 -1.6837170E-4
1.0997770E-1 -1.6748450E-4
1.1998700E-1 -1.6604060E-4
1.2997340E-1 -1.6488090E-4
1.3995930E-1 -1.6313550E-4
1.5001440E-1 -1.6109420E-4
1.5985250E-1 -1.5842100E-4
1.7000960E-1 -1.5516790E-4
1.7995020E-1 -1.5090000E-4
1.8997100E-1 -1.4493870E-4
1.9997980E-1 -1.3698850E-4
2.1001200E-1 -1.2515320E-4
2.1994400E-1 -1.1123020E-4
2.2983880E-1 -9.1664860E-5
2.4017860E-1 -6.4018280E-5
2.4991420E-1 -3.1022280E-5
2.5984380E-1 1.9708470E-5
2.6954510E-1 8.5657420E-5
2.7994160E-1 1.8442540E-4
2.8985980E-1 2.9316060E-4
2.9992580E-1 4.6709900E-4
3.0985500E-1 6.8027250E-4
3.2001260E-1 9.9726420E-4
3.2993030E-1 1.3121390E-3
3.3992820E-1 1.8024350E-3
3.4993740E-1 2.3731650E-3
3.5986660E-1 3.1469430E-3
3.6989880E-1 3.9244290E-3
3.7999920E-1 4.9034020E-3
3.8986020E-1 5.8582090E-3
3.9993760E-1 7.1389150E-3
4.0992400E-1 8.4440190E-3
4.1995570E-1 1.0034630E-2
4.2997650E-1 1.1466430E-2
4.3997430E-1 1.3287220E-2
4.4999460E-1 1.4923770E-2
4.5996950E-1 1.6792640E-2
4.6994450E-1 1.8473220E-2
4.8002200E-1 2.0544260E-2
4.8998590E-1 2.2534210E-2
5.0002910E-1 2.4814380E-2
5.0996970E-1 2.6859940E-2
5.2002480E-1 2.9067110E-2
5.2995400E-1 3.1156700E-2
