-2.404E-10 -2.282E-4
8.759E-3 -2.266E-4
1.861E-2 -2.251E-4
2.847E-2 -2.234E-4
3.835E-2 -2.218E-4
4.812E-2 -2.200E-4
5.915E-2 -2.179E-4
6.904E-2 -2.162E-4
7.892E-2 -2.145E-4
8.863E-2 -2.125E-4
9.855E-2 -2.106E-4
1.097E-1 -2.086E-4
1.195E-1 -2.064E-4
1.292E-1 -2.043E-4
1.391E-1 -2.024E-4
1.492E-1 -2.002E-4
1.601E-1 -1.976E-4
1.698E-1 -1.953E-4
1.795E-1 -1.926E-4
1.897E-1 -1.901E-4
1.997E-1 -1.871E-4
2.093E-1 -1.845E-4
2.205E-1 -1.807E-4
2.305E-1 -1.775E-4
2.402E-1 -1.739E-4
2.500E-1 -1.701E-4
2.598E-1 -1.664E-4
2.710E-1 -1.614E-4
2.806E-1 -1.571E-4
2.905E-1 -1.523E-4
3.002E-1 -1.476E-4
3.102E-1 -1.420E-4
3.211E-1 -1.360E-4
3.312E-1 -1.302E-4
3.411E-1 -1.241E-4
3.510E-1 -1.180E-4
3.608E-1 -1.116E-4
3.717E-1 -1.042E-4
3.813E-1 -9.684E-5
3.914E-1 -9.025E-5
4.014E-1 -8.286E-5
4.210E-1 -6.827E-5
4.419E-1 -5.207E-5
4.615E-1 -3.682E-5
4.828E-1 -2.138E-5
5.023E-1 -7.093E-6
5.529E-1 2.470E-5
6.034E-1 5.162E-5
6.539E-1 7.471E-5
7.043E-1 9.583E-5
7.546E-1 1.165E-4
8.051E-1 1.355E-4
8.553E-1 1.535E-4
9.061E-1 1.699E-4
9.564E-1 1.855E-4
1.006E+0 1.993E-4
