0.000E+0 0
1.000E-2 2.30348216E-15
2.000E-2 5.50624767E-15
3.000E-2 9.97734677E-15
4.000E-2 1.62330634E-14
5.000E-2 2.49935625E-14
6.000E-2 3.72605684E-14
7.000E-2 5.44238055E-14
8.000E-2 7.84069956E-14
9.000E-2 1.11868716E-13
1.000E-1 1.58480204E-13
1.100E-1 2.23312452E-13
1.200E-1 3.13380537E-13
1.300E-1 4.38416611E-13
1.400E-1 6.11978177E-13
1.500E-1 8.53050293E-13
1.600E-1 1.18837685E-12
1.700E-1 1.65586807E-12
1.800E-1 2.30959514E-12
1.900E-1 3.22712408E-12
2.000E-1 4.52029517E-12
2.100E-1 6.35107944E-12
2.200E-1 8.95491921E-12
2.300E-1 1.26751096E-11
2.400E-1 1.80134785E-11
2.500E-1 2.57051429E-11
2.600E-1 3.68288434E-11
2.700E-1 5.29698804E-11
2.800E-1 7.64608342E-11
2.900E-1 1.10737342E-10
3.000E-1 1.6086409E-10
3.100E-1 2.34312661E-10
3.200E-1 3.42112097E-10
3.300E-1 5.00550374E-10
3.400E-1 7.33695562E-10
3.500E-1 1.07711932E-9
3.600E-1 1.58341537E-9
3.700E-1 2.33036355E-9
3.800E-1 3.43301541E-9
3.900E-1 5.06158493E-9
4.000E-1 7.46793391E-9
4.100E-1 1.10247825E-8
4.200E-1 1.62837604E-8
4.300E-1 2.40613529E-8
4.400E-1 3.55661455E-8
4.500E-1 5.25871814E-8
