-9.0034960E-2 -2.0792810E-5
-5.9961320E-2 -1.4794820E-5
-3.0001640E-2 -7.9050650E-6
-2.6389960E-4 -3.5559470E-8
9.8203720E-3 2.8477500E-6
2.0038900E-2 6.0116090E-6
3.0043600E-2 9.3219150E-6
3.9973260E-2 1.3039110E-5
5.0142290E-2 1.6656600E-5
5.9844020E-2 2.0838360E-5
6.9956300E-2 2.4985890E-5
8.0034260E-2 3.0115790E-5
8.9986800E-2 3.5413280E-5
1.0005280E-1 4.1808550E-5
1.1003970E-1 4.8149290E-5
1.2002660E-1 5.5609300E-5
1.2997910E-1 6.3313400E-5
1.3999990E-1 7.2872090E-5
1.4995240E-1 8.3235700E-5
1.5996170E-1 9.5642930E-5
1.7009690E-1 1.0835960E-4
1.7994640E-1 1.2489290E-4
1.8999050E-1 1.4303280E-4
2.0001130E-1 1.6625830E-4
2.0989510E-1 1.9055670E-4
2.2003270E-1 2.1929740E-4
2.3007630E-1 2.5633650E-4
2.3994870E-1 3.0028820E-4
2.4992420E-1 3.5687050E-4
2.5995680E-1 4.1854430E-4
2.6994320E-1 4.9753440E-4
2.7989580E-1 5.8624380E-4
2.8992840E-1 7.0795040E-4
2.9994920E-1 8.4865510E-4
3.1002710E-1 1.0319310E-3
3.1999110E-1 1.2158770E-3
3.2996650E-1 1.4594420E-3
3.3996490E-1 1.7345900E-3
3.5000850E-1 2.0709340E-3
3.5991570E-1 2.4080310E-3
3.6990210E-1 2.7998910E-3
3.7993480E-1 3.1968500E-3
3.8990970E-1 3.6822990E-3
3.9995380E-1 4.1758600E-3
4.0998600E-1 4.7487580E-3
4.1991570E-1 5.2860140E-3
4.3001650E-1 5.8861470E-3
4.3987800E-1 6.4637380E-3
4.4995590E-1 7.1272680E-3
4.5993140E-1 7.7909720E-3
4.6999790E-1 8.5078160E-3
4.8000760E-1 9.2041470E-3
4.9000550E-1 9.9335670E-3
5.0003810E-1 1.0694650E-2
5.0996780E-1 1.1475030E-2
5.2002290E-1 1.2215990E-2
5.2997540E-1 1.3042700E-2
5.4001900E-1 1.3861880E-2
5.5004020E-1 1.4726830E-2
5.6000420E-1 1.5559350E-2
5.7008220E-1 1.6416180E-2
5.8010290E-1 1.7292140E-2
5.9005550E-1 1.8188370E-2
6.0004230E-1 1.9134430E-2
