-9.0032580E-2 -2.0176280E-4
-6.0130600E-2 -2.0026090E-4
-3.0092240E-2 -1.9875310E-4
-5.7727100E-5 -1.9722800E-4
1.0396030E-2 -1.9704250E-4
2.0097170E-2 -1.9599870E-4
2.9996400E-2 -1.9577830E-4
3.9948940E-2 -1.9517530E-4
5.0026420E-2 -1.9447940E-4
5.9864520E-2 -1.9382990E-4
7.0033070E-2 -1.9309930E-4
7.9985620E-2 -1.9244400E-4
8.9994430E-2 -1.9143500E-4
1.0001520E-1 -1.9028680E-4
1.1002450E-1 -1.8915600E-4
1.2005620E-1 -1.8806010E-4
1.2999730E-1 -1.8652330E-4
1.3999510E-1 -1.8514320E-4
1.5003820E-1 -1.8301500E-4
1.5999030E-1 -1.8050420E-4
1.7001100E-1 -1.7690880E-4
1.7988350E-1 -1.7297140E-4
1.9001770E-1 -1.6721900E-4
2.0001550E-1 -1.6052120E-4
2.1000190E-1 -1.5075600E-4
2.2000270E-1 -1.3661270E-4
2.2994330E-1 -1.2020770E-4
2.3998690E-1 -9.6944920E-5
2.5001910E-1 -6.4683370E-5
2.5975470E-1 -2.7301390E-5
2.6991180E-1 3.2589790E-5
2.7987580E-1 1.1425930E-4
2.9001050E-1 2.2356400E-4
2.9990530E-1 3.5159900E-4
3.0994890E-1 5.5784480E-4
3.1995820E-1 8.1129370E-4
3.2992170E-1 1.1685530E-3
3.3997680E-1 1.5821890E-3
3.4992890E-1 2.1742470E-3
3.5997250E-1 2.8849840E-3
3.6997030E-1 3.8499980E-3
3.7986520E-1 4.8401620E-3
3.8995460E-1 6.0799660E-3
3.9991810E-1 7.3308980E-3
4.0997270E-1 9.0188180E-3
4.1992520E-1 1.0696600E-2
4.3000270E-1 1.2703360E-2
4.3996620E-1 1.4762270E-2
4.4987300E-1 1.7197130E-2
4.6000770E-1 1.9369570E-2
4.6999410E-1 2.1851380E-2
4.7998050E-1 2.4099710E-2
4.9001260E-1 2.6892600E-2
5.0001050E-1 2.9531390E-2
5.0990580E-1 3.2620310E-2
