0.000E+0 -0.11262677
1.000E-2 -0.112618193
2.000E-2 -0.112608798
3.000E-2 -0.11259828
4.000E-2 -0.11258622
5.000E-2 -0.112572036
6.000E-2 -0.11255492
7.000E-2 -0.112533754
8.000E-2 -0.112506987
9.000E-2 -0.112472466
1.000E-1 -0.112427201
1.100E-1 -0.11236704
1.200E-1 -0.112286205
1.300E-1 -0.112176652
1.400E-1 -0.112027168
1.500E-1 -0.111822106
1.600E-1 -0.111539609
1.700E-1 -0.111149118
1.800E-1 -0.110607872
1.900E-1 -0.109855993
2.000E-1 -0.108809581
2.100E-1 -0.107351024
2.200E-1 -0.10531537
2.300E-1 -0.102471211
2.400E-1 -0.0984937971
2.500E-1 -0.0929272844
2.600E-1 -0.0851316861
2.700E-1 -0.0742083349
2.800E-1 -0.0588951489
2.900E-1 -0.0374194672
3.000E-1 -0.00729127023
3.100E-1 0.0349873551
