-9.0057370E-2 -8.1816060E-4
-5.9972760E-2 -7.6516360E-4
-3.0001640E-2 -7.0948170E-4
-2.9802320E-8 -6.5224550E-4
1.0006400E-2 -6.3218680E-4
2.0009310E-2 -6.1162350E-4
3.0020240E-2 -5.9094430E-4
3.9995670E-2 -5.7018390E-4
5.0016400E-2 -5.4875660E-4
5.9979920E-2 -5.2698710E-4
6.9989680E-2 -5.0471320E-4
8.0021860E-2 -4.8238120E-4
8.9985370E-2 -4.5962010E-4
1.0000660E-1 -4.3662720E-4
1.0998150E-1 -4.1264830E-4
1.2000230E-1 -3.8833890E-4
1.2997770E-1 -3.6326400E-4
1.3998700E-1 -3.3805580E-4
1.5003060E-1 -3.1177470E-4
1.5999460E-1 -2.8463530E-4
1.6999240E-1 -2.5572740E-4
1.7997880E-1 -2.2535220E-4
1.8998860E-1 -1.9257050E-4
1.9997500E-1 -1.5733000E-4
2.0999570E-1 -1.1858110E-4
2.1996210E-1 -7.3955860E-5
2.2992560E-1 -2.2672100E-5
2.3991250E-1 3.7531980E-5
2.4983070E-1 1.1281250E-4
2.6005700E-1 2.0124300E-4
2.6988410E-1 3.1670860E-4
2.8000740E-1 4.6086260E-4
2.8992560E-1 6.5083520E-4
2.9998060E-1 8.9287780E-4
3.0994460E-1 1.2112890E-3
3.1997680E-1 1.6299190E-3
3.2995220E-1 2.1886140E-3
3.3992770E-1 2.9051040E-3
3.4999420E-1 3.8398910E-3
3.5999200E-1 5.0133750E-3
3.6992170E-1 6.5197800E-3
3.7998820E-1 8.3890070E-3
3.8996360E-1 1.0652840E-2
3.9996150E-1 1.3350800E-2
4.0997120E-1 1.6581150E-2
4.1995760E-1 2.0223410E-2
4.2997880E-1 2.4366800E-2
4.3995380E-1 2.8879210E-2
4.4994070E-1 3.3910710E-2
