0.000E+0 0
1.000E-2 1.35663643E-14
2.000E-2 3.26276789E-14
3.000E-2 5.94522108E-14
4.000E-2 9.7243868E-14
5.000E-2 1.50528288E-13
6.000E-2 2.25698817E-13
7.000E-2 3.31789156E-13
8.000E-2 4.81567747E-13
9.000E-2 6.93089387E-13
1.000E-1 9.91897428E-13
1.100E-1 1.41415266E-12
1.200E-1 2.01108337E-12
1.300E-1 2.85532012E-12
1.400E-1 4.04992051E-12
1.500E-1 5.74123365E-12
1.600E-1 8.13724615E-12
1.700E-1 1.1533753E-11
1.800E-1 1.63516979E-11
1.900E-1 2.31904569E-11
2.000E-1 3.29038786E-11
2.100E-1 4.67088087E-11
2.200E-1 6.63399833E-11
2.300E-1 9.42711179E-11
2.400E-1 1.34030494E-10
2.500E-1 1.90651457E-10
2.600E-1 2.71315507E-10
2.700E-1 3.86270344E-10
2.800E-1 5.50140393E-10
2.900E-1 7.83797524E-10
3.000E-1 1.11703124E-9
3.100E-1 1.59235944E-9
3.200E-1 2.27046595E-9
3.300E-1 3.23795673E-9
3.400E-1 4.61841888E-9
3.500E-1 6.58817829E-9
3.600E-1 9.39873181E-9
3.700E-1 1.34086378E-8
3.800E-1 1.9128766E-8
3.900E-1 2.72863193E-8
4.000E-1 3.89150876E-8
4.100E-1 5.54818457E-8
4.200E-1 7.9062016E-8
4.300E-1 1.12580644E-7
4.400E-1 1.60136941E-7
4.500E-1 2.27429047E-7
