-9.0021130E-2 -2.0017390E-4
-5.9959890E-2 -1.9911270E-4
-3.0024050E-2 -1.9784270E-4
-4.1246410E-5 -1.9639880E-4
1.0381910E-2 -1.9596970E-4
2.0136030E-2 -1.9514630E-4
2.9996870E-2 -1.9467070E-4
3.9994720E-2 -1.9405030E-4
5.0015450E-2 -1.9358650E-4
6.0001850E-2 -1.9313410E-4
6.9965360E-2 -1.9257150E-4
7.9997060E-2 -1.9198590E-4
8.9983460E-2 -1.9135380E-4
1.0002710E-1 -1.9043180E-4
1.1007020E-1 -1.8961410E-4
1.2003370E-1 -1.8823400E-4
1.2994050E-1 -1.8712060E-4
1.4000650E-1 -1.8574640E-4
1.5001580E-1 -1.8388490E-4
1.6001370E-1 -1.8124640E-4
1.7001150E-1 -1.7843400E-4
1.7996360E-1 -1.7445020E-4
1.8993850E-1 -1.6947470E-4
1.9997070E-1 -1.6242340E-4
2.0997950E-1 -1.5270440E-4
2.1999120E-1 -1.3972090E-4
2.2995470E-1 -1.2219090E-4
2.3996400E-1 -1.0198190E-4
2.4973390E-1 -7.0845260E-5
2.5986860E-1 -2.6034900E-5
2.6966090E-1 2.9964020E-5
2.7988670E-1 1.1610910E-4
2.8988460E-1 2.0964050E-4
2.9990530E-1 3.6269240E-4
3.0993750E-1 5.4944770E-4
3.2004930E-1 8.3544060E-4
3.2995610E-1 1.1152400E-3
3.3994250E-1 1.5505500E-3
3.5000850E-1 2.0609570E-3
3.6000630E-1 2.7694350E-3
3.6998130E-1 3.4763480E-3
3.7997910E-1 4.3693320E-3
3.8985160E-1 5.2456860E-3
3.9988370E-1 6.4425510E-3
4.0991590E-1 7.6452700E-3
4.2002770E-1 9.1526810E-3
4.2996840E-1 1.0456790E-2
4.3985220E-1 1.2170990E-2
4.4999840E-1 1.3673740E-2
4.5995040E-1 1.5385610E-2
4.6995970E-1 1.6928340E-2
4.7999190E-1 1.8852830E-2
4.8997830E-1 2.0669580E-2
5.0005580E-1 2.2815380E-2
5.1004220E-1 2.4658750E-2
5.2001710E-1 2.6707230E-2
5.2996970E-1 2.8547720E-2
5.4003570E-1 3.0684250E-2
