-8.9976310E-2 -2.0065110E-4
-5.9971810E-2 -1.9920140E-4
-2.9966830E-2 -1.9785600E-4
-7.3075290E-5 -1.9631350E-4
1.0419670E-2 -1.9605260E-4
2.0012500E-2 -1.9488690E-4
3.0019760E-2 -1.9486380E-4
3.9960380E-2 -1.9435350E-4
4.9946780E-2 -1.9396490E-4
6.0047150E-2 -1.9339670E-4
6.9976810E-2 -1.9268910E-4
8.0054280E-2 -1.9199330E-4
8.9983940E-2 -1.9102490E-4
1.0003900E-1 -1.9038120E-4
1.0997960E-1 -1.8943600E-4
1.2003470E-1 -1.8847920E-4
1.2997530E-1 -1.8704680E-4
1.3992740E-1 -1.8585810E-4
1.5001680E-1 -1.8392120E-4
1.5996890E-1 -1.8180460E-4
1.6998960E-1 -1.7860940E-4
1.7997600E-1 -1.7445740E-4
1.8998530E-1 -1.6866440E-4
2.0003990E-1 -1.6194920E-4
2.0995810E-1 -1.5229980E-4
2.1993590E-1 -1.4020330E-4
2.2992230E-1 -1.2335160E-4
2.3996590E-1 -1.0019950E-4
2.5006630E-1 -6.4297680E-5
2.5989340E-1 -2.3309040E-5
2.7008530E-1 3.7171820E-5
2.7999160E-1 1.1356430E-4
2.9001240E-1 2.3466490E-4
2.9998780E-1 3.7260590E-4
3.0992840E-1 5.6908770E-4
3.1988100E-1 7.9150820E-4
3.2995840E-1 1.1547690E-3
3.3995680E-1 1.5732180E-3
3.4992030E-1 2.0986400E-3
3.5994100E-1 2.6747100E-3
3.6988210E-1 3.4668130E-3
3.8005070E-1 4.3439850E-3
3.8995740E-1 5.4670910E-3
3.9994380E-1 6.5218190E-3
4.0996460E-1 7.7813360E-3
4.1985990E-1 8.9654620E-3
4.2999460E-1 1.0568680E-2
4.3993570E-1 1.1966590E-2
4.4987680E-1 1.3677330E-2
4.6001150E-1 1.5359100E-2
4.6999790E-1 1.7321260E-2
4.8000720E-1 1.9012300E-2
4.8997070E-1 2.0920010E-2
4.9999140E-1 2.2611050E-2
5.0996690E-1 2.4709360E-2
5.1998760E-1 2.6658790E-2
5.3005360E-1 2.8947680E-2
5.4000620E-1 3.0908690E-2
