0.000E+0 0
1.000E-2 6.12411075E-13
2.000E-2 1.45005458E-12
3.000E-2 2.59987307E-12
4.000E-2 4.18119951E-12
5.000E-2 6.35927506E-12
6.000E-2 9.36033401E-12
7.000E-2 1.34953815E-11
8.000E-2 1.91897554E-11
9.000E-2 2.70262629E-11
1.000E-1 3.78041154E-11
1.100E-1 5.2625619E-11
1.200E-1 7.30016025E-11
1.300E-1 1.01019798E-10
1.400E-1 1.39571295E-10
1.500E-1 1.92679607E-10
1.600E-1 2.65962073E-10
1.700E-1 3.67302724E-10
1.800E-1 5.07798917E-10
1.900E-1 7.03145804E-10
2.000E-1 9.75604556E-10
2.100E-1 1.35683807E-9
2.200E-1 1.89199008E-9
2.300E-1 2.64555301E-9
2.400E-1 3.70981433E-9
2.500E-1 5.21701955E-9
2.600E-1 7.35689494E-9
2.700E-1 1.04019003E-8
2.800E-1 1.47436335E-8
2.900E-1 2.09453251E-8
3.000E-1 2.98175538E-8
3.100E-1 4.25274681E-8
3.200E-1 6.07563751E-8
3.300E-1 8.69271325E-8
3.400E-1 1.24532303E-7
3.500E-1 1.78607739E-7
3.600E-1 2.56416083E-7
3.700E-1 3.68433197E-7
3.800E-1 5.29771719E-7
3.900E-1 7.622352E-7
4.000E-1 1.09728151E-6
4.100E-1 1.58029668E-6
4.200E-1 2.27675547E-6
4.300E-1 3.28109438E-6
4.400E-1 4.72948295E-6
4.500E-1 6.81816437E-6
