0.000E+0 0
1.000E-2 3.81091258E-13
2.000E-2 9.30493692E-13
3.000E-2 1.72317174E-12
4.000E-2 2.86745952E-12
5.000E-2 4.51990843E-12
6.000E-2 6.90674415E-12
7.000E-2 1.03548819E-11
8.000E-2 1.53367708E-11
9.000E-2 2.25352577E-11
1.000E-1 3.29374474E-11
1.100E-1 4.79705906E-11
1.200E-1 6.96989191E-11
1.300E-1 1.01108913E-10
1.400E-1 1.4652293E-10
1.500E-1 2.12199207E-10
1.600E-1 3.07202508E-10
1.700E-1 4.44667787E-10
1.800E-1 6.43634566E-10
1.900E-1 9.31709935E-10
2.000E-1 1.34893443E-9
2.100E-1 1.95339361E-9
2.200E-1 2.82936243E-9
2.300E-1 4.09912215E-9
2.400E-1 5.94009913E-9
2.500E-1 8.60970684E-9
2.600E-1 1.24813203E-8
2.700E-1 1.80963019E-8
2.800E-1 2.62390898E-8
2.900E-1 3.80452574E-8
3.000E-1 5.51563496E-8
3.100E-1 7.99325893E-8
3.200E-1 1.15802473E-7
3.300E-1 1.67617703E-7
3.400E-1 2.42318316E-7
3.500E-1 3.49666357E-7
3.600E-1 5.03211151E-7
3.700E-1 7.21358112E-7
3.800E-1 1.02830346E-6
3.900E-1 1.45429861E-6
4.000E-1 2.03418535E-6
4.100E-1 2.80263869E-6
4.200E-1 3.78452699E-6
4.300E-1 4.98042103E-6
4.400E-1 6.35219926E-6
4.500E-1 7.81993173E-6
