-9.0018270E-2 -5.8917690E-4
-5.9957980E-2 -4.6285290E-4
-2.9977320E-2 -3.3565910E-4
3.5166740E-6 -2.0752010E-4
1.0007020E-2 -1.6484770E-4
1.9995210E-2 -1.2106770E-4
3.0018810E-2 -7.7565990E-5
4.0004730E-2 -3.3585720E-5
4.9979690E-2 9.9882710E-6
6.0022350E-2 5.4408830E-5
7.0008750E-2 9.9237720E-5
8.0029010E-2 1.4345840E-4
9.0026380E-2 1.8939030E-4
1.0000090E-1 2.3565300E-4
1.0999820E-1 2.8283750E-4
1.2000700E-1 3.3004510E-4
1.2998200E-1 3.7867950E-4
1.4001370E-1 4.2817760E-4
1.5002250E-1 4.8072610E-4
1.5998550E-1 5.3489810E-4
1.7002870E-1 5.9228270E-4
1.7998030E-1 6.5209130E-4
1.9000050E-1 7.1675330E-4
1.9996400E-1 7.8657060E-4
2.0999570E-1 8.6483640E-4
2.1998410E-1 9.5226450E-4
2.2994710E-1 1.0491850E-3
2.3996730E-1 1.1609830E-3
2.4995370E-1 1.2917110E-3
2.5993970E-1 1.4474130E-3
2.6992610E-1 1.6315650E-3
2.7994630E-1 1.8517640E-3
2.8997800E-1 2.1164040E-3
2.9996400E-1 2.4454840E-3
3.0997280E-1 2.8458930E-3
3.1997060E-1 3.3416820E-3
3.2995650E-1 3.9337220E-3
3.3998820E-1 4.6552720E-3
3.4997420E-1 5.5218620E-3
3.5999490E-1 6.5761390E-3
3.6993500E-1 7.8070980E-3
3.8000110E-1 9.2569780E-3
3.9004420E-1 1.0887440E-2
4.0004160E-1 1.2774210E-2
4.0998220E-1 1.4828410E-2
4.2005970E-1 1.7116070E-2
4.2999980E-1 1.9563020E-2
4.3999770E-1 2.2299630E-2
4.4996070E-1 2.5132980E-2
4.5997000E-1 2.8229910E-2
4.7001270E-1 3.1350020E-2
