0.000E+0 -29.2104491
1.000E-2 -29.2096992
2.000E-2 -29.2089451
3.000E-2 -29.2081863
4.000E-2 -29.2074229
5.000E-2 -29.2066548
6.000E-2 -29.2058817
7.000E-2 -29.2051037
8.000E-2 -29.2043204
9.000E-2 -29.2035319
1.000E-1 -29.2027379
1.100E-1 -29.2019383
1.200E-1 -29.2011329
1.300E-1 -29.2003214
1.400E-1 -29.1995038
1.500E-1 -29.1986797
1.600E-1 -29.1978488
1.700E-1 -29.1970107
1.800E-1 -29.1961651
1.900E-1 -29.1952873
2.000E-1 -29.1944245
2.100E-1 -29.1935519
2.200E-1 -29.192668
2.300E-1 -29.191771
2.400E-1 -29.1908582
2.500E-1 -29.1899259
2.600E-1 -29.1889687
2.700E-1 -29.187979
2.800E-1 -29.1869455
2.900E-1 -29.185852
3.000E-1 -29.1846748
3.100E-1 -29.1833795
3.200E-1 -29.1819154
3.300E-1 -29.1802087
3.400E-1 -29.1781509
3.500E-1 -29.175583
3.600E-1 -29.1722716
3.700E-1 -29.167874
3.800E-1 -29.161887
3.900E-1 -29.1535713
4.000E-1 -29.1418402
4.100E-1 -29.1250971
4.200E-1 -29.1009951
4.300E-1 -29.0660844
4.400E-1 -29.0152945
4.500E-1 -28.9411727
4.600E-1 -28.8327672
4.700E-1 -28.6739884
4.800E-1 -28.4412089
4.900E-1 -28.0997556
5.000E-1 -27.5987973
5.100E-1 -26.8639257
5.200E-1 -25.7864601
5.300E-1 -24.2081727
5.400E-1 -21.8997794
5.500E-1 -18.5312776
5.600E-1 -13.6322607
5.700E-1 -6.54155423
5.800E-1 3.65304754
