0.000E+0 -0.15990629
1.000E-2 -0.159895896
2.000E-2 -0.159885219
3.000E-2 -0.159874167
4.000E-2 -0.159862612
5.000E-2 -0.159850385
6.000E-2 -0.159837239
7.000E-2 -0.159822838
8.000E-2 -0.159806712
9.000E-2 -0.159788203
1.000E-1 -0.159766393
1.100E-1 -0.159739998
1.200E-1 -0.159707218
1.300E-1 -0.159665529
1.400E-1 -0.159611386
1.500E-1 -0.159539791
1.600E-1 -0.159443697
1.700E-1 -0.15931315
1.800E-1 -0.15913406
1.900E-1 -0.158886456
2.000E-1 -0.158542011
2.100E-1 -0.158060488
2.200E-1 -0.157384697
2.300E-1 -0.156433282
2.400E-1 -0.155090462
2.500E-1 -0.15319136
2.600E-1 -0.150501109
2.700E-1 -0.146685024
2.800E-1 -0.141266038
2.900E-1 -0.13356399
3.000E-1 -0.122608969
3.100E-1 -0.107017704
3.200E-1 -0.0848171854
3.300E-1 -0.0531931136
3.400E-1 -0.00813118
3.500E-1 0.0560942066
