0.000E+0 0
1.000E-2 3.07466894E-14
2.000E-2 7.4322863E-14
3.000E-2 1.36092005E-13
4.000E-2 2.23659288E-13
5.000E-2 3.47808222E-13
6.000E-2 5.2382866E-13
7.000E-2 7.73399875E-13
8.000E-2 1.12726079E-12
9.000E-2 1.62899706E-12
1.000E-1 2.34041272E-12
1.100E-1 3.34915054E-12
1.200E-1 4.77950437E-12
1.300E-1 6.80776371E-12
1.400E-1 9.68399288E-12
1.500E-1 1.37629481E-11
1.600E-1 1.95479773E-11
1.700E-1 2.77533492E-11
1.800E-1 3.93927727E-11
1.900E-1 5.59051045E-11
2.000E-1 7.93328809E-11
2.100E-1 1.12575893E-10
2.200E-1 1.59751308E-10
2.300E-1 2.26705189E-10
2.400E-1 3.21738951E-10
2.500E-1 4.56641299E-10
2.600E-1 6.48153741E-10
2.700E-1 9.20052358E-10
2.800E-1 1.30610444E-9
2.900E-1 1.85426834E-9
3.000E-1 2.63265838E-9
3.100E-1 3.73801771E-9
3.200E-1 5.30775235E-9
3.300E-1 7.53702423E-9
3.400E-1 1.07030279E-8
3.500E-1 1.51994709E-8
3.600E-1 2.15855417E-8
3.700E-1 3.06554499E-8
3.800E-1 4.35371708E-8
3.900E-1 6.18325744E-8
4.000E-1 8.78166601E-8
4.100E-1 1.24741779E-7
4.200E-1 1.77127706E-7
4.300E-1 2.51550987E-7
4.400E-1 3.57291607E-7
4.500E-1 5.07375468E-7
4.600E-1 7.20371818E-7
4.700E-1 1.02281646E-6
4.800E-1 1.45174624E-6
4.900E-1 2.06009327E-6
5.000E-1 2.92193064E-6
5.100E-1 4.14246094E-6
5.200E-1 5.86861382E-6
5.300E-1 8.30721752E-6
5.400E-1 1.17425323E-5
5.500E-1 1.65778378E-5
5.600E-1 2.33577066E-5
5.700E-1 3.28247083E-5
5.800E-1 4.5974171E-5
5.900E-1 6.41214071E-5
6.000E-1 8.89805757E-5
6.100E-1 0.000122755033
6.200E-1 0.000168260408
