0.000E+0 0
1.000E-2 7.6780701E-14
2.000E-2 1.85429273E-13
3.000E-2 3.39546268E-13
4.000E-2 5.58518461E-13
5.000E-2 8.69975595E-13
6.000E-2 1.31329298E-12
7.000E-2 1.94433249E-12
8.000E-2 2.84342709E-12
9.000E-2 4.12439332E-12
1.000E-1 5.95413278E-12
1.100E-1 8.55954074E-12
1.200E-1 1.22760639E-11
1.300E-1 1.75807277E-11
1.400E-1 2.51580927E-11
1.500E-1 3.59916048E-11
1.600E-1 5.14958283E-11
1.700E-1 7.37106922E-11
1.800E-1 1.0557815E-10
1.900E-1 1.51348472E-10
2.000E-1 2.17167397E-10
2.100E-1 3.11928716E-10
2.200E-1 4.4851175E-10
2.300E-1 6.45577681E-10
2.400E-1 9.30177435E-10
2.500E-1 1.34153818E-9
2.600E-1 1.93656167E-9
2.700E-1 2.79780902E-9
2.800E-1 4.04509729E-9
2.900E-1 5.85234268E-9
3.000E-1 8.47202542E-9
3.100E-1 1.2270727E-8
3.200E-1 1.7780752E-8
3.300E-1 2.57751208E-8
3.400E-1 3.73765083E-8
3.500E-1 5.42155092E-8
3.600E-1 7.86605608E-8
3.700E-1 1.14151972E-7
3.800E-1 1.65687186E-7
3.900E-1 2.40525877E-7
4.000E-1 3.49214106E-7
4.100E-1 5.07072426E-7
4.200E-1 7.36357621E-7
4.300E-1 1.06940312E-6
4.400E-1 1.55318083E-6
4.500E-1 2.25592704E-6
