0.000E+0 0
1.000E-2 1.43576327E-13
2.000E-2 3.46995958E-13
3.000E-2 6.35436244E-13
4.000E-2 1.04466515E-12
5.000E-2 1.6254971E-12
6.000E-2 2.45012647E-12
7.000E-2 3.62113293E-12
8.000E-2 5.2842906E-12
9.000E-2 7.64679599E-12
1.000E-1 1.10032192E-11
1.100E-1 1.57724692E-11
1.200E-1 2.25504722E-11
1.300E-1 3.21852766E-11
1.400E-1 4.58841702E-11
1.500E-1 6.53665027E-11
1.600E-1 9.30817631E-11
1.700E-1 1.32520824E-10
1.800E-1 1.88660197E-10
1.900E-1 2.68596187E-10
2.000E-1 3.82450117E-10
2.100E-1 5.44660528E-10
2.200E-1 7.75827723E-10
2.300E-1 1.10534665E-9
2.400E-1 1.57516475E-9
2.500E-1 2.24514486E-9
2.600E-1 3.2007171E-9
2.700E-1 4.56379366E-9
2.800E-1 6.5083314E-9
2.900E-1 9.28250725E-9
3.000E-1 1.32402882E-8
3.100E-1 1.88863079E-8
3.200E-1 2.69396036E-8
3.300E-1 3.84237181E-8
3.400E-1 5.47938394E-8
3.500E-1 7.81149763E-8
3.600E-1 1.11309706E-7
3.700E-1 1.58498495E-7
3.800E-1 2.25458794E-7
3.900E-1 3.20227482E-7
4.000E-1 4.53857447E-7
4.100E-1 6.41299958E-7
4.200E-1 9.02296124E-7
4.300E-1 1.26199579E-6
4.400E-1 1.75074882E-6
4.500E-1 2.40217619E-6
