0.000E+0 -0.372857174
1.000E-2 -0.372856697
2.000E-2 -0.372856216
3.000E-2 -0.372855731
4.000E-2 -0.372855241
5.000E-2 -0.372854745
6.000E-2 -0.372854242
7.000E-2 -0.372853731
8.000E-2 -0.37285321
9.000E-2 -0.372852675
1.000E-1 -0.372852122
1.100E-1 -0.372851545
1.200E-1 -0.372850934
1.300E-1 -0.372850275
1.400E-1 -0.372849548
1.500E-1 -0.372848722
1.600E-1 -0.372847755
1.700E-1 -0.372846582
1.800E-1 -0.372845107
1.900E-1 -0.372843191
2.000E-1 -0.372840631
2.100E-1 -0.372837123
2.200E-1 -0.372832227
2.300E-1 -0.37282529
2.400E-1 -0.372815355
2.500E-1 -0.372801013
2.600E-1 -0.37278019
2.700E-1 -0.37274984
2.800E-1 -0.372705477
2.900E-1 -0.372640504
3.000E-1 -0.372545215
3.100E-1 -0.372405335
3.200E-1 -0.372199858
3.300E-1 -0.371897887
3.400E-1 -0.371453965
3.500E-1 -0.370801218
3.600E-1 -0.369841268
3.700E-1 -0.368429386
3.800E-1 -0.366352664
3.900E-1 -0.363297895
4.000E-1 -0.358804344
4.100E-1 -0.352194289
4.200E-1 -0.342470898
4.300E-1 -0.328168134
4.400E-1 -0.307130207
4.500E-1 -0.276187796
4.600E-1 -0.230683016
4.700E-1 -0.163773497
4.800E-1 -0.0654146627
4.900E-1 0.0791245896
