-9.0032580E-2 -4.2167980E-6
-5.9891220E-2 -2.8664180E-6
-3.0035020E-2 -1.5256120E-6
1.4954810E-4 -9.0277010E-8
1.0072110E-2 3.5181690E-7
2.0386900E-2 8.7908170E-7
2.9984950E-2 1.3622360E-6
3.9959910E-2 1.8330120E-6
5.0014970E-2 2.4096570E-6
5.9955600E-2 2.9460480E-6
6.9942000E-2 3.6203860E-6
7.9882620E-2 4.2074300E-6
8.9994430E-2 4.9164450E-6
1.0000370E-1 5.5881850E-6
1.0991050E-1 6.4992420E-6
1.1995360E-1 7.4723650E-6
1.2994000E-1 8.8275740E-6
1.4004040E-1 1.0217010E-5
1.4998100E-1 1.1929350E-5
1.5993360E-1 1.4500020E-5
1.6992000E-1 1.7271920E-5
1.7997460E-1 2.1231420E-5
1.8994950E-1 2.5687900E-5
1.9995880E-1 3.2613560E-5
2.0988800E-1 4.1320660E-5
2.2000270E-1 5.4014500E-5
2.2986360E-1 7.0525800E-5
2.3996400E-1 9.0185320E-5
2.4990460E-1 1.2193130E-4
2.5992540E-1 1.6442030E-4
2.6994610E-1 2.2035140E-4
2.8003500E-1 2.9338920E-4
2.9001000E-1 3.9643070E-4
2.9996250E-1 5.3548390E-4
3.0997180E-1 7.3503750E-4
3.1998110E-1 9.7206400E-4
3.2992170E-1 1.2697320E-3
3.3995390E-1 1.6904360E-3
3.4986020E-1 2.2017140E-3
3.6001780E-1 2.8597190E-3
3.6994740E-1 3.6148430E-3
3.7997910E-1 4.4855750E-3
3.8989730E-1 5.5187380E-3
3.9996340E-1 6.6881920E-3
4.1000700E-1 8.0755350E-3
4.1984510E-1 9.4328600E-3
4.2997980E-1 1.0902290E-2
4.4014880E-1 1.2606640E-2
4.4988440E-1 1.4310400E-2
4.6003060E-1 1.6057630E-2
4.6994830E-1 1.7935780E-2
4.8007150E-1 1.9903720E-2
4.9004650E-1 2.2077320E-2
4.9986220E-1 2.4042370E-2
5.0998540E-1 2.6121540E-2
5.1990320E-1 2.8095280E-2
5.3010650E-1 3.0384730E-2
