0.000E+0 0
1.000E-2 1.59884015E-14
2.000E-2 3.87414364E-14
3.000E-2 7.11302557E-14
4.000E-2 1.17244653E-13
5.000E-2 1.82910427E-13
6.000E-2 2.76426663E-13
7.000E-2 4.09616613E-13
8.000E-2 5.99325961E-13
9.000E-2 8.69559459E-13
1.000E-1 1.25452871E-12
1.100E-1 1.80300076E-12
1.200E-1 2.58450397E-12
1.300E-1 3.6981862E-12
1.400E-1 5.28546042E-12
1.500E-1 7.54805915E-12
1.600E-1 1.07738129E-11
1.700E-1 1.5373459E-11
1.800E-1 2.1933202E-11
1.900E-1 3.12897667E-11
2.000E-1 4.46375726E-11
2.100E-1 6.36817786E-11
2.200E-1 9.08568335E-11
2.300E-1 1.2963857E-10
2.400E-1 1.84989895E-10
2.500E-1 2.6399727E-10
2.600E-1 3.76779646E-10
2.700E-1 5.37786519E-10
2.800E-1 7.67651695E-10
2.900E-1 1.0958407E-9
3.000E-1 1.56443156E-9
3.100E-1 2.2335143E-9
3.200E-1 3.18890224E-9
3.300E-1 4.55314462E-9
3.400E-1 6.50125435E-9
3.500E-1 9.28317002E-9
3.600E-1 1.32558331E-8
3.700E-1 1.89290032E-8
3.800E-1 2.70306814E-8
3.900E-1 3.86005553E-8
4.000E-1 5.51234382E-8
4.100E-1 7.87198479E-8
4.200E-1 1.12418167E-7
4.300E-1 1.60543315E-7
4.400E-1 2.29271792E-7
4.500E-1 3.27424285E-7
