0.000E+0 0
1.000E-2 6.45884651E-13
2.000E-2 1.54978216E-12
3.000E-2 2.81538145E-12
4.000E-2 4.58805419E-12
5.000E-2 7.07162295E-12
6.000E-2 1.05504159E-11
7.000E-2 1.54288935E-11
8.000E-2 2.22658881E-11
9.000E-2 3.18508006E-11
1.000E-1 4.52897579E-11
1.100E-1 6.41348756E-11
1.200E-1 9.05644961E-11
1.300E-1 1.27636437E-10
1.400E-1 1.79643876E-10
1.500E-1 2.52615526E-10
1.600E-1 3.55018621E-10
1.700E-1 4.98747024E-10
1.800E-1 7.0051012E-10
1.900E-1 9.83785091E-10
2.000E-1 1.38156117E-9
2.100E-1 1.9401972E-9
2.200E-1 2.72484415E-9
2.300E-1 3.82706786E-9
2.400E-1 5.37556435E-9
2.500E-1 7.5512234E-9
2.600E-1 1.06083041E-8
2.700E-1 1.49042033E-8
2.800E-1 2.09413046E-8
2.900E-1 2.94258083E-8
3.000E-1 4.13504369E-8
3.100E-1 5.81107025E-8
3.200E-1 8.16683556E-8
3.300E-1 1.14781163E-7
3.400E-1 1.61325929E-7
3.500E-1 2.26752581E-7
3.600E-1 3.18722506E-7
3.700E-1 4.48005851E-7
3.800E-1 6.29742794E-7
3.900E-1 8.85216318E-7
4.000E-1 1.24434344E-6
4.100E-1 1.74917723E-6
4.200E-1 2.45882443E-6
4.300E-1 3.4563555E-6
4.400E-1 4.85850585E-6
4.500E-1 6.82929105E-6
