0.000E+0 -0.346399048
1.000E-2 -0.346397998
2.000E-2 -0.346396937
3.000E-2 -0.346395862
4.000E-2 -0.346394768
5.000E-2 -0.34639365
6.000E-2 -0.346392502
7.000E-2 -0.346391312
8.000E-2 -0.346390065
9.000E-2 -0.346388738
1.000E-1 -0.346387301
1.100E-1 -0.346385706
1.200E-1 -0.346383889
1.300E-1 -0.346381753
1.400E-1 -0.346379163
1.500E-1 -0.346375921
1.600E-1 -0.346371741
1.700E-1 -0.346366212
1.800E-1 -0.346358741
1.900E-1 -0.34634847
2.000E-1 -0.346334163
2.100E-1 -0.346314034
2.200E-1 -0.346285504
2.300E-1 -0.346244849
2.400E-1 -0.346186694
2.500E-1 -0.346103272
2.600E-1 -0.345983371
2.700E-1 -0.345810796
2.800E-1 -0.34556216
2.900E-1 -0.345203684
3.000E-1 -0.344686584
3.100E-1 -0.343940404
3.200E-1 -0.342863383
3.300E-1 -0.341308552
3.400E-1 -0.339063646
3.500E-1 -0.335822094
3.600E-1 -0.331141134
3.700E-1 -0.324381319
3.800E-1 -0.31461918
3.900E-1 -0.300521136
4.000E-1 -0.280161517
4.100E-1 -0.250759988
4.200E-1 -0.208302876
4.300E-1 -0.146997413
4.400E-1 -0.0584859412
4.500E-1 0.0692839534
