0.000E+0 0
1.000E-2 8.69194445E-15
2.000E-2 2.07886401E-14
3.000E-2 3.76903564E-14
4.000E-2 6.13571503E-14
5.000E-2 9.45244512E-14
6.000E-2 1.40998451E-13
7.000E-2 2.06060273E-13
8.000E-2 2.97019037E-13
9.000E-2 4.23970254E-13
1.000E-1 6.00840288E-13
1.100E-1 8.46834469E-13
1.200E-1 1.18846227E-12
1.300E-1 1.66239766E-12
1.400E-1 2.31955617E-12
1.500E-1 3.23097389E-12
1.600E-1 4.49632995E-12
1.700E-1 6.25636647E-12
1.800E-1 8.71107463E-12
1.900E-1 1.21462242E-11
2.000E-1 1.6973001E-11
2.100E-1 2.37849581E-11
2.200E-1 3.34430651E-11
2.300E-1 4.72002874E-11
2.400E-1 6.68852346E-11
2.500E-1 9.51729041E-11
2.600E-1 1.35984091E-10
2.700E-1 1.95074963E-10
2.800E-1 2.80907785E-10
2.900E-1 4.05937417E-10
3.000E-1 5.88512818E-10
3.100E-1 8.55688394E-10
3.200E-1 1.24738159E-9
3.300E-1 1.82252269E-9
3.400E-1 2.66814821E-9
3.500E-1 3.9128808E-9
3.600E-1 5.74682602E-9
3.700E-1 8.45107171E-9
3.800E-1 1.2441323E-8
3.900E-1 1.8332497E-8
4.000E-1 2.70343399E-8
4.100E-1 3.98929728E-8
4.200E-1 5.89004299E-8
4.300E-1 8.70048503E-8
4.400E-1 1.28571401E-7
4.500E-1 1.90053167E-7
