0.000E+0 -0.302687715
1.000E-2 -0.302686814
2.000E-2 -0.302685874
3.000E-2 -0.302684883
4.000E-2 -0.30268382
5.000E-2 -0.302682658
6.000E-2 -0.302681354
7.000E-2 -0.302679852
8.000E-2 -0.302678069
9.000E-2 -0.302675891
1.000E-1 -0.302673152
1.100E-1 -0.302669618
1.200E-1 -0.302664957
1.300E-1 -0.302658697
1.400E-1 -0.302650168
1.500E-1 -0.302638419
1.600E-1 -0.302622098
1.700E-1 -0.302599284
1.800E-1 -0.30256725
1.900E-1 -0.302522122
2.000E-1 -0.302458399
2.100E-1 -0.302368265
2.200E-1 -0.302240617
2.300E-1 -0.302059687
2.400E-1 -0.301803078
2.500E-1 -0.301438975
2.600E-1 -0.300922188
2.700E-1 -0.300188528
2.800E-1 -0.299146822
2.900E-1 -0.297667564
3.000E-1 -0.295566801
3.100E-1 -0.292583244
3.200E-1 -0.288345758
3.300E-1 -0.282327175
3.400E-1 -0.273778702
3.500E-1 -0.261636753
3.600E-1 -0.244390613
3.700E-1 -0.219894483
3.800E-1 -0.185100522
3.900E-1 -0.135679706
4.000E-1 -0.0654833709
4.100E-1 0.0342214353
