0.000E+0 0
1.000E-2 7.78576122E-13
2.000E-2 1.89522826E-12
3.000E-2 3.49753186E-12
4.000E-2 5.79738603E-12
5.000E-2 9.09899564E-12
6.000E-2 1.38390088E-11
7.000E-2 2.06440925E-11
8.000E-2 3.04135358E-11
9.000E-2 4.44377765E-11
1.000E-1 6.45685308E-11
1.100E-1 9.34630991E-11
1.200E-1 1.34935392E-10
1.300E-1 1.94460537E-10
1.400E-1 2.79900836E-10
1.500E-1 4.02550744E-10
1.600E-1 5.7864218E-10
1.700E-1 8.31513971E-10
1.800E-1 1.19474014E-9
1.900E-1 1.71664211E-9
2.000E-1 2.46679901E-9
2.100E-1 3.5454419E-9
2.200E-1 5.09701075E-9
2.300E-1 7.32971882E-9
2.400E-1 1.05437858E-8
2.500E-1 1.51721772E-8
2.600E-1 2.18393814E-8
2.700E-1 3.14461915E-8
2.800E-1 4.52919541E-8
2.900E-1 6.52507572E-8
3.000E-1 9.40251247E-8
3.100E-1 1.35510971E-7
3.200E-1 1.95321705E-7
3.300E-1 2.81539159E-7
3.400E-1 4.05786031E-7
3.500E-1 5.84750556E-7
3.600E-1 8.42340672E-7
3.700E-1 1.21270269E-6
3.800E-1 1.74440562E-6
3.900E-1 2.50617479E-6
4.000E-1 3.59461738E-6
4.100E-1 5.14451985E-6
4.200E-1 7.34244937E-6
4.300E-1 1.04445375E-5
4.400E-1 1.47993588E-5
4.500E-1 2.08764493E-5
4.600E-1 2.92979691E-5
4.700E-1 4.08668782E-5
4.800E-1 5.65788727E-5
4.900E-1 7.75976781E-5
5.000E-1 0.000105196223
5.100E-1 0.000140631221
5.200E-1 0.000185010831
5.300E-1 0.000239111032
5.400E-1 0.000303277796
5.500E-1 0.000377282425
5.600E-1 0.000460380278
5.700E-1 0.000551189619
5.800E-1 0.000647858386
5.900E-1 0.000748002243
6.000E-1 0.000849097088
6.100E-1 0.000948542203
6.200E-1 0.00104389303
