0.000E+0 0
1.000E-2 4.61083079E-14
2.000E-2 1.12182401E-13
3.000E-2 2.07000562E-13
4.000E-2 3.43137663E-13
5.000E-2 5.3869858E-13
6.000E-2 8.19663533E-13
7.000E-2 1.22333045E-12
8.000E-2 1.8032392E-12
9.000E-2 2.63625497E-12
1.000E-1 3.83277151E-12
1.100E-1 5.55143583E-12
1.200E-1 8.02044111E-12
1.300E-1 1.15683814E-11
1.400E-1 1.6669048E-11
1.500E-1 2.40065778E-11
1.600E-1 3.45703248E-11
1.700E-1 4.97931575E-11
1.800E-1 7.17531915E-11
1.900E-1 1.03468183E-10
2.000E-1 1.49325257E-10
2.100E-1 2.15708295E-10
2.200E-1 3.11914024E-10
2.300E-1 4.51489822E-10
2.400E-1 6.54187622E-10
2.500E-1 9.4881798E-10
2.600E-1 1.37741949E-9
2.700E-1 2.00135035E-9
2.800E-1 2.91018907E-9
2.900E-1 4.23474061E-9
3.000E-1 6.16604316E-9
3.100E-1 8.98314495E-9
3.200E-1 1.30936909E-8
3.300E-1 1.90932911E-8
3.400E-1 2.7852193E-8
3.500E-1 4.06420675E-8
3.600E-1 5.93212756E-8
3.700E-1 8.6605678E-8
3.800E-1 1.26464475E-7
3.900E-1 1.84698798E-7
4.000E-1 2.69788054E-7
4.100E-1 3.94123701E-7
4.200E-1 5.7582183E-7
4.300E-1 8.41347598E-7
4.400E-1 1.2294017E-6
4.500E-1 1.79653811E-6
