-9.0135570E-2 -4.1619950E-6
-5.9948920E-2 -2.7975930E-6
-3.0115130E-2 -1.4275500E-6
5.9244040E-4 -2.3890580E-9
1.0043920E-2 4.6209700E-7
2.0032530E-2 9.5148270E-7
2.9996870E-2 1.4450420E-6
3.9926530E-2 1.9815000E-6
4.9992560E-2 2.5265160E-6
5.9990410E-2 3.0754620E-6
7.0011140E-2 3.6711950E-6
8.0020430E-2 4.2742830E-6
8.9972500E-2 4.9853970E-6
1.0002760E-1 5.7415850E-6
1.1002540E-1 6.6965840E-6
1.2004610E-1 7.6454960E-6
1.2996390E-1 8.8377240E-6
1.3995030E-1 1.0155920E-5
1.5005110E-1 1.2101680E-5
1.5993500E-1 1.4398650E-5
1.6998960E-1 1.7099820E-5
1.7996450E-1 2.1052400E-5
1.9001960E-1 2.6090550E-5
1.9996020E-1 3.3502800E-5
2.0999240E-1 4.2098620E-5
2.2006130E-1 5.4609340E-5
2.2986560E-1 6.9748160E-5
2.3995450E-1 9.2792720E-5
2.4994130E-1 1.2440860E-4
2.5992770E-1 1.6711820E-4
2.6992560E-1 2.1788850E-4
2.7998070E-1 2.9932960E-4
2.8992130E-1 4.0241280E-4
3.0004450E-1 5.6263340E-4
3.1002000E-1 7.4854940E-4
3.2012030E-1 1.0133320E-3
3.2998130E-1 1.3391080E-3
3.3989950E-1 1.8294120E-3
3.4980630E-1 2.3688580E-3
3.5995240E-1 3.0886400E-3
3.6990500E-1 3.8644020E-3
3.7992530E-1 4.9637500E-3
3.8988920E-1 6.1580740E-3
4.0004680E-1 7.7184050E-3
4.0998740E-1 9.2276260E-3
4.1995140E-1 1.1113810E-2
4.2999510E-1 1.2927090E-2
4.3997000E-1 1.5021920E-2
4.4997930E-1 1.6996250E-2
4.5996570E-1 1.9464750E-2
4.6999790E-1 2.1855030E-2
4.7992750E-1 2.4680390E-2
4.8999360E-1 2.7203920E-2
5.0003720E-1 2.9977130E-2
5.0989820E-1 3.2554540E-2
