0.000E+0 0
1.000E-2 2.16844152E-14
2.000E-2 5.2763154E-14
3.000E-2 9.73671445E-14
4.000E-2 1.61441194E-13
5.000E-2 2.53539177E-13
6.000E-2 3.85967557E-13
7.000E-2 5.76430023E-13
8.000E-2 8.50393401E-13
9.000E-2 1.24449239E-12
1.000E-1 1.81143175E-12
1.100E-1 2.62704935E-12
1.200E-1 3.80050041E-12
1.300E-1 5.48895627E-12
1.400E-1 7.91883946E-12
1.500E-1 1.14165329E-11
1.600E-1 1.64528327E-11
1.700E-1 2.37073517E-11
1.800E-1 3.41618919E-11
1.900E-1 4.9235893E-11
2.000E-1 7.0982993E-11
2.100E-1 1.02376351E-10
2.200E-1 1.47722858E-10
2.300E-1 2.13264612E-10
2.400E-1 3.08052169E-10
2.500E-1 4.45212821E-10
2.600E-1 6.43792182E-10
2.700E-1 9.31429017E-10
2.800E-1 1.34823976E-9
2.900E-1 1.95246074E-9
3.000E-1 2.82863521E-9
3.100E-1 4.09954509E-9
3.200E-1 5.94345775E-9
3.300E-1 8.61925976E-9
3.400E-1 1.25029122E-8
3.500E-1 1.81403935E-8
3.600E-1 2.63245533E-8
3.700E-1 3.820664E-8
3.800E-1 5.54580597E-8
3.900E-1 8.0504815E-8
4.000E-1 1.16866899E-7
4.100E-1 1.69652612E-7
4.200E-1 2.46252445E-7
4.300E-1 3.57365657E-7
4.400E-1 5.18470898E-7
4.500E-1 7.51867341E-7
4.600E-1 1.08953526E-6
4.700E-1 1.57717773E-6
4.800E-1 2.27962452E-6
4.900E-1 3.28749871E-6
5.000E-1 4.72595375E-6
5.100E-1 6.76295967E-6
5.200E-1 9.61681717E-6
5.300E-1 1.35549052E-5
5.400E-1 1.88791266E-5
5.500E-1 2.58850597E-5
5.600E-1 3.47932914E-5
5.700E-1 4.56565868E-5
5.800E-1 5.82952723E-5
5.900E-1 7.23159484E-5
6.000E-1 8.72599651E-5
6.100E-1 0.000102848139
6.200E-1 0.000119223605
