0.000E+0 0
1.000E-2 2.08670862E-13
2.000E-2 5.02786893E-13
3.000E-2 9.18025734E-13
4.000E-2 1.50429774E-12
5.000E-2 2.33320781E-12
6.000E-2 3.50501267E-12
7.000E-2 5.16118755E-12
8.000E-2 7.5011251E-12
9.000E-2 1.08058339E-11
1.000E-1 1.54720514E-11
1.100E-1 2.20586938E-11
1.200E-1 3.13592919E-11
1.300E-1 4.44928705E-11
1.400E-1 6.30519275E-11
1.500E-1 8.93018446E-11
1.600E-1 1.26475485E-10
1.700E-1 1.79199302E-10
1.800E-1 2.54103227E-10
1.900E-1 3.60717648E-10
2.000E-1 5.12760554E-10
2.100E-1 7.30009634E-10
2.200E-1 1.04101544E-9
2.300E-1 1.48703615E-9
2.400E-1 2.12774534E-9
2.500E-1 3.0495132E-9
2.600E-1 4.37742434E-9
2.700E-1 6.29272076E-9
2.800E-1 9.05812334E-9
2.900E-1 1.30545949E-8
3.000E-1 1.88347208E-8
3.100E-1 2.72002252E-8
3.200E-1 3.93145467E-8
3.300E-1 5.6866335E-8
3.400E-1 8.23069229E-8
3.500E-1 1.19195246E-7
3.600E-1 1.7269886E-7
3.700E-1 2.50299994E-7
3.800E-1 3.62929695E-7
3.900E-1 5.26398217E-7
4.000E-1 7.63689833E-7
4.100E-1 1.10818763E-6
4.200E-1 1.60837909E-6
4.300E-1 2.33469022E-6
4.400E-1 3.3894097E-6
4.500E-1 4.9210971E-6
