0.000E+0 -0.0979468073
1.000E-2 -0.0979382336
2.000E-2 -0.0979295191
3.000E-2 -0.0979206276
4.000E-2 -0.0979115082
5.000E-2 -0.0979020907
6.000E-2 -0.0978922788
7.000E-2 -0.0978819402
8.000E-2 -0.0978708915
9.000E-2 -0.0978588805
1.000E-1 -0.0978455584
1.100E-1 -0.0978304438
1.200E-1 -0.0978128694
1.300E-1 -0.0977919083
1.400E-1 -0.09776627
1.500E-1 -0.0977341493
1.600E-1 -0.0976930128
1.700E-1 -0.0976392943
1.800E-1 -0.0975679505
1.900E-1 -0.09747183
2.000E-1 -0.0973407641
2.100E-1 -0.0971602539
2.200E-1 -0.0969095886
2.300E-1 -0.0965591299
2.400E-1 -0.0960664035
2.500E-1 -0.0953704703
2.600E-1 -0.0943838105
2.700E-1 -0.0929806248
2.800E-1 -0.0909799662
2.900E-1 -0.0881214119
3.000E-1 -0.0840299659
3.100E-1 -0.0781654267
3.200E-1 -0.0697493325
3.300E-1 -0.0576595357
3.400E-1 -0.0402780879
3.500E-1 -0.0152717205
3.600E-1 0.0207248891
