0.000E+0 -0.073302782
1.000E-2 -0.0732932828
2.000E-2 -0.0732835656
3.000E-2 -0.0732735655
4.000E-2 -0.0732631934
5.000E-2 -0.0732523275
6.000E-2 -0.0732408035
7.000E-2 -0.0732283919
8.000E-2 -0.073214785
9.000E-2 -0.0731995582
1.000E-1 -0.0731821366
1.100E-1 -0.0731617328
1.200E-1 -0.0731372714
1.300E-1 -0.0731072784
1.400E-1 -0.0730697252
1.500E-1 -0.0730218105
1.600E-1 -0.0729596475
1.700E-1 -0.072877817
1.800E-1 -0.072768726
1.900E-1 -0.072621695
2.000E-1 -0.0724216384
2.100E-1 -0.0721471794
2.200E-1 -0.0717679319
2.300E-1 -0.0712406054
2.400E-1 -0.0705033943
2.500E-1 -0.0694679054
2.600E-1 -0.0680075459
2.700E-1 -0.0659407875
2.800E-1 -0.063007065
2.900E-1 -0.0588320358
3.000E-1 -0.0528775001
3.100E-1 -0.0443691955
3.200E-1 -0.0321926657
3.300E-1 -0.0147430837
3.400E-1 0.0102913612
