0.000E+0 0
1.000E-2 1.08652389E-12
2.000E-2 2.57331874E-12
3.000E-2 4.61283455E-12
4.000E-2 7.41555947E-12
5.000E-2 1.12721868E-11
6.000E-2 1.6584342E-11
7.000E-2 2.39072451E-11
8.000E-2 3.40090453E-11
9.000E-2 4.79534904E-11
1.000E-1 6.72153036E-11
1.100E-1 9.38414578E-11
1.200E-1 1.30676903E-10
1.300E-1 1.81680841E-10
1.400E-1 2.52370208E-10
1.500E-1 3.50441895E-10
1.600E-1 4.86646027E-10
1.700E-1 6.76011925E-10
1.800E-1 9.39569439E-10
1.900E-1 1.30676612E-9
2.000E-1 1.81886189E-9
2.100E-1 2.53369698E-9
2.200E-1 3.53238951E-9
2.300E-1 4.92874421E-9
2.400E-1 6.88247165E-9
2.500E-1 9.61776189E-9
2.600E-1 1.34493842E-8
2.700E-1 1.88193641E-8
2.800E-1 2.63485268E-8
2.900E-1 3.69089387E-8
3.000E-1 5.17257174E-8
3.100E-1 7.25201275E-8
3.200E-1 1.01710703E-7
3.300E-1 1.42695927E-7
3.400E-1 2.00251543E-7
3.500E-1 2.81088963E-7
3.600E-1 3.94640063E-7
3.700E-1 5.54160064E-7
3.800E-1 7.78277261E-7
3.900E-1 1.09317028E-6
4.000E-1 1.5356263E-6
4.100E-1 2.15733526E-6
4.200E-1 3.03091671E-6
4.300E-1 4.25837302E-6
4.400E-1 5.98293439E-6
4.500E-1 8.40563504E-6
