-9.0031150E-2 -4.1462990E-6
-5.9913160E-2 -2.8180020E-6
-3.0057430E-2 -1.4083090E-6
-5.0663950E-5 -1.1627460E-9
1.0103760E-2 4.6233440E-7
1.9897790E-2 9.3895510E-7
2.9973030E-2 1.4186330E-6
3.9959430E-2 1.9966030E-6
4.9979690E-2 2.5284190E-6
6.0057160E-2 3.1837920E-6
7.0043560E-2 3.7611260E-6
8.0052380E-2 4.4568810E-6
8.9913370E-2 5.1040120E-6
9.9945070E-2 5.9748640E-6
1.0993150E-1 6.9083470E-6
1.1994030E-1 8.1856200E-6
1.3002920E-1 9.5333890E-6
1.3999270E-1 1.1134720E-5
1.5003590E-1 1.3595750E-5
1.6003320E-1 1.6275970E-5
1.7004250E-1 2.0062030E-5
1.7997170E-1 2.4410580E-5
1.8998050E-1 3.1043280E-5
1.9994400E-1 3.9562930E-5
2.0996430E-1 5.2165530E-5
2.1996500E-1 6.8106540E-5
2.2985980E-1 8.7081480E-5
2.3992590E-1 1.1922120E-4
2.4993520E-1 1.6056720E-4
2.5994400E-1 2.1548830E-4
2.6994180E-1 2.8480780E-4
2.7993920E-1 3.8945400E-4
2.9000570E-1 5.2457330E-4
2.9995780E-1 7.2559640E-4
3.0997800E-1 9.5027340E-4
3.1995300E-1 1.2443290E-3
3.2997320E-1 1.6339680E-3
3.3999400E-1 2.1310990E-3
3.4995750E-1 2.7154400E-3
3.5997770E-1 3.4050160E-3
3.6991830E-1 4.1492920E-3
3.7993910E-1 5.1071050E-3
3.8994790E-1 6.1290660E-3
4.0000250E-1 7.3850770E-3
4.1005750E-1 8.5398540E-3
4.1996380E-1 9.8666750E-3
4.3002990E-1 1.1274020E-2
4.3994760E-1 1.2742560E-2
4.4996830E-1 1.4172300E-2
4.5997710E-1 1.5883580E-2
4.7003170E-1 1.7547940E-2
4.7998380E-1 1.9478190E-2
4.9000450E-1 2.1147180E-2
5.0002480E-1 2.2980680E-2
5.0997690E-1 2.4629400E-2
5.1998620E-1 2.6661600E-2
5.2997260E-1 2.8560580E-2
5.4003860E-1 3.0791490E-2
