-2.7000E-3 -1.4000E-4
1.7500E-2 -1.1730E-4
3.7500E-2 -9.2970E-5
5.7800E-2 -6.7380E-5
7.7800E-2 -4.0720E-5
9.8100E-2 -1.2710E-5
1.1820E-1 1.6300E-5
1.3840E-1 4.6770E-5
1.5860E-1 7.8070E-5
1.7860E-1 1.1086E-4
1.9880E-1 1.4480E-4
2.1890E-1 1.8030E-4
2.3900E-1 2.1790E-4
2.5920E-1 2.5900E-4
2.7930E-1 3.0610E-4
2.9940E-1 3.6430E-4
3.1930E-1 4.4380E-4
3.3950E-1 5.6520E-4
3.5960E-1 7.6650E-4
3.7990E-1 1.1181E-3
3.9990E-1 1.7300E-3
4.2030E-1 2.8340E-3
4.4030E-1 4.6480E-3
4.6030E-1 7.4350E-3
4.8030E-1 1.1388E-2
5.0040E-1 1.6530E-2
5.2030E-1 2.2760E-2
