-9.0055470E-2 -1.8988100E-4
-6.0016630E-2 -1.8830360E-4
-2.9978280E-2 -1.8697570E-4
-1.5315410E-4 -1.8557240E-4
1.0376010E-2 -1.8507370E-4
2.0042990E-2 -1.8423870E-4
2.9973980E-2 -1.8414590E-4
3.9983270E-2 -1.8389070E-4
5.0152300E-2 -1.8326450E-4
5.9978960E-2 -1.8272510E-4
6.9988250E-2 -1.8204090E-4
8.0031390E-2 -1.8110730E-4
9.0017800E-2 -1.8046370E-4
1.0010670E-1 -1.7983150E-4
1.0994480E-1 -1.7899650E-4
1.1997700E-1 -1.7787740E-4
1.2997480E-1 -1.7660740E-4
1.4000650E-1 -1.7502430E-4
1.5000440E-1 -1.7317440E-4
1.6011620E-1 -1.7102890E-4
1.7004540E-1 -1.6750310E-4
1.7999790E-1 -1.6339180E-4
1.9002960E-1 -1.5744220E-4
2.0005040E-1 -1.5031530E-4
2.1001390E-1 -1.4030650E-4
2.2000270E-1 -1.2770550E-4
2.2994330E-1 -1.1002480E-4
2.3991820E-1 -8.5773350E-5
2.5009870E-1 -4.7421800E-5
2.5997110E-1 -3.9196660E-6
2.6964950E-1 5.4175120E-5
2.7989820E-1 1.4603770E-4
2.8988460E-1 2.4551870E-4
2.9998490E-1 4.1171680E-4
3.0991460E-1 6.1405380E-4
3.2015180E-1 9.3364020E-4
3.2993320E-1 1.2424380E-3
3.3995390E-1 1.7296670E-3
3.4996270E-1 2.3206250E-3
3.6001780E-1 3.1542130E-3
3.6995840E-1 3.9930160E-3
3.7999060E-1 5.0790250E-3
3.8989730E-1 6.1484630E-3
3.9991810E-1 7.6598130E-3
4.0992690E-1 9.1979370E-3
4.2005010E-1 1.1012350E-2
4.2995690E-1 1.2849360E-2
4.4008020E-1 1.5201970E-2
4.4979290E-1 1.7171650E-2
4.5995040E-1 1.9519630E-2
4.6999410E-1 2.1584900E-2
4.8003720E-1 2.4261920E-2
4.9000120E-1 2.6769790E-2
5.0003290E-1 2.9793830E-2
5.1000790E-1 3.2336460E-2
