-9.0098860E-2 -4.1071510E-6
-5.9947010E-2 -2.7711300E-6
-3.0068870E-2 -1.3982170E-6
-2.0849700E-4 -9.1724530E-9
1.0023590E-2 4.8297740E-7
2.0157930E-2 9.7938660E-7
3.0053140E-2 1.4988800E-6
3.9879800E-2 1.9855560E-6
5.0036910E-2 2.5271950E-6
5.9908870E-2 3.0117150E-6
6.9940570E-2 3.6180790E-6
7.9972270E-2 4.2120810E-6
9.0072630E-2 4.9711620E-6
1.0002470E-1 5.6811730E-6
1.1004500E-1 6.5574060E-6
1.2004230E-1 7.4462530E-6
1.2994860E-1 8.6360320E-6
1.3985490E-1 1.0029500E-5
1.4993240E-1 1.1682040E-5
1.5998700E-1 1.3987050E-5
1.6998430E-1 1.6719450E-5
1.8002750E-1 2.0798890E-5
1.9001390E-1 2.5508100E-5
2.0006800E-1 3.2128560E-5
2.0999720E-1 4.0195260E-5
2.2000840E-1 5.1923900E-5
2.2998330E-1 6.9638030E-5
2.4000360E-1 8.9858990E-5
2.4993280E-1 1.1765470E-4
2.5994210E-1 1.5702280E-4
2.6991650E-1 2.1322490E-4
2.7999400E-1 2.8406320E-4
2.8988890E-1 3.7963340E-4
2.9989810E-1 4.9538930E-4
3.1002090E-1 6.6960320E-4
3.1998440E-1 8.8377650E-4
3.3002760E-1 1.1674220E-3
3.3997960E-1 1.5073980E-3
3.4994320E-1 1.9094910E-3
3.5992910E-1 2.4041270E-3
3.6990400E-1 3.0027760E-3
3.7986760E-1 3.6491750E-3
3.8993360E-1 4.3750180E-3
3.9995380E-1 5.1089750E-3
4.0997410E-1 6.0225670E-3
4.1993760E-1 6.9501810E-3
4.2994640E-1 8.0516950E-3
4.3981890E-1 9.0185400E-3
4.4997600E-1 1.0117620E-2
4.5997330E-1 1.1228160E-2
4.7001650E-1 1.2387930E-2
4.8007110E-1 1.3479920E-2
4.9010320E-1 1.4774650E-2
5.0004390E-1 1.6026530E-2
5.0997300E-1 1.7439450E-2
5.1998190E-1 1.8654260E-2
5.2999070E-1 1.9986080E-2
5.3995420E-1 2.1166700E-2
5.5000880E-1 2.2616680E-2
5.5998370E-1 2.3950830E-2
5.7011800E-1 2.5505100E-2
5.7995610E-1 2.6829390E-2
5.9003350E-1 2.8267220E-2
6.0001950E-1 2.9527780E-2
