-9.0044020E-2 -2.0100900E-4
-6.0005660E-2 -1.9980860E-4
-3.0001160E-2 -1.9855600E-4
-1.0487440E-4 -1.9711790E-4
1.0440800E-2 -1.9674680E-4
2.0272670E-2 -1.9595820E-4
3.0076980E-2 -1.9556390E-4
3.9971830E-2 -1.9512310E-4
5.0004010E-2 -1.9439820E-4
5.9978960E-2 -1.9392280E-4
7.0044990E-2 -1.9326750E-4
8.0031390E-2 -1.9245560E-4
9.0029240E-2 -1.9160900E-4
9.9981310E-2 -1.9088990E-4
1.0992190E-1 -1.8996210E-4
1.1999990E-1 -1.8893580E-4
1.2989470E-1 -1.8753240E-4
1.4005230E-1 -1.8616960E-4
1.5003870E-1 -1.8426760E-4
1.6010480E-1 -1.8208730E-4
1.7003390E-1 -1.7892120E-4
1.7997500E-1 -1.7501270E-4
1.8998380E-1 -1.6945740E-4
1.9995930E-1 -1.6270750E-4
2.0999100E-1 -1.5344670E-4
2.1995690E-1 -1.4104880E-4
2.2994330E-1 -1.2463210E-4
2.3994110E-1 -1.0211750E-4
2.5011010E-1 -6.7341000E-5
2.5999360E-1 -2.7065370E-5
2.7015110E-1 3.1177160E-5
2.7970460E-1 9.9333150E-5
2.8998710E-1 2.2612120E-4
2.9995110E-1 3.6441460E-4
3.0996040E-1 5.6230980E-4
3.1984380E-1 7.9225000E-4
3.2996700E-1 1.1734220E-3
3.3997630E-1 1.6199130E-3
3.4996270E-1 2.1933710E-3
3.5993810E-1 2.8521270E-3
3.6992450E-1 3.7746650E-3
3.7997910E-1 4.8308910E-3
3.8997700E-1 6.2163790E-3
3.9994050E-1 7.5675600E-3
4.0997270E-1 9.1981120E-3
4.2003920E-1 1.0988010E-2
4.2994550E-1 1.2940900E-2
4.3995480E-1 1.4853810E-2
4.4997550E-1 1.7241750E-2
4.6000770E-1 1.9614060E-2
4.7000550E-1 2.2388990E-2
4.8001480E-1 2.4820390E-2
4.9002360E-1 2.7554770E-2
5.0005580E-1 3.0019760E-2
