-2.1000E-3 -1.4970E-4
1.8100E-2 -1.4910E-4
3.8300E-2 -1.4840E-4
5.8300E-2 -1.4730E-4
7.8500E-2 -1.4600E-4
9.8600E-2 -1.4460E-4
1.1870E-1 -1.4220E-4
1.3890E-1 -1.3840E-4
1.5890E-1 -1.3250E-4
1.7910E-1 -1.2240E-4
1.9930E-1 -1.0480E-4
2.1940E-1 -7.3290E-5
2.3950E-1 -1.5730E-5
2.5950E-1 9.0090E-5
2.7960E-1 2.7660E-4
2.9960E-1 6.0180E-4
3.1960E-1 1.1320E-3
3.3940E-1 1.8500E-3
3.5980E-1 2.9500E-3
3.8000E-1 4.3540E-3
4.0010E-1 6.0120E-3
4.2020E-1 7.9210E-3
4.4030E-1 9.8780E-3
4.6020E-1 1.1850E-2
4.8030E-1 1.4110E-2
5.0040E-1 1.6510E-2
5.2050E-1 1.9010E-2
5.4050E-1 2.1820E-2
