-9.0125080E-2 -4.5701090E-6
-5.9983730E-2 -3.1682940E-6
-2.9887680E-2 -1.5979080E-6
2.5868420E-5 2.2596580E-8
1.0009860E-2 5.7718030E-7
1.9993810E-2 1.1813240E-6
3.0054090E-2 1.7462520E-6
4.0017600E-2 2.4107740E-6
4.9935820E-2 3.0616670E-6
5.9842590E-2 3.7927570E-6
7.0011620E-2 4.5255580E-6
8.0043790E-2 5.3280330E-6
8.9950560E-2 6.2110830E-6
9.9994180E-2 7.1865030E-6
1.1002640E-1 8.3678370E-6
1.2003560E-1 9.5994420E-6
1.3001060E-1 1.1073610E-5
1.3997460E-1 1.2903210E-5
1.4992670E-1 1.5062760E-5
1.5999320E-1 1.7720450E-5
1.6996810E-1 2.0812500E-5
1.7989780E-1 2.5280070E-5
1.9000960E-1 3.0850030E-5
1.9996210E-1 3.9033610E-5
2.0998290E-1 4.8211150E-5
2.2006320E-1 6.1634160E-5
2.2987890E-1 7.7426620E-5
2.3993400E-1 1.0173090E-4
2.4988600E-1 1.3467390E-4
2.6000980E-1 1.8012100E-4
2.6987080E-1 2.3117010E-4
2.8003980E-1 3.1671180E-4
2.8987840E-1 4.2103670E-4
3.0003600E-1 5.8711580E-4
3.0993130E-1 7.7627510E-4
3.2008890E-1 1.0359850E-3
3.2997270E-1 1.3786960E-3
3.3987950E-1 1.8917210E-3
3.5002570E-1 2.4444420E-3
3.6000110E-1 3.1959280E-3
3.6990790E-1 3.9840970E-3
3.7996290E-1 5.1188600E-3
3.8984680E-1 6.3356220E-3
3.9995860E-1 7.9359510E-3
4.0992260E-1 9.4998290E-3
4.1997770E-1 1.1452810E-2
4.2994120E-1 1.3315350E-2
4.3997340E-1 1.5499990E-2
4.4999410E-1 1.7513160E-2
4.5996950E-1 2.0048870E-2
4.6996740E-1 2.2482040E-2
4.7998810E-1 2.5343910E-2
4.9003170E-1 2.7963640E-2
5.0004150E-1 3.0797120E-2
