0.000E+0 0
1.000E-2 2.62165619E-12
2.000E-2 6.34134331E-12
3.000E-2 1.16213257E-11
4.000E-2 1.91182371E-11
5.000E-2 2.97646826E-11
6.000E-2 4.48850742E-11
7.000E-2 6.63600984E-11
8.000E-2 9.68602248E-11
9.000E-2 1.40177438E-10
1.000E-1 2.01696569E-10
1.100E-1 2.89065363E-10
1.200E-1 4.13147556E-10
1.300E-1 5.89379239E-10
1.400E-1 8.39677844E-10
1.500E-1 1.19527421E-9
1.600E-1 1.70052527E-9
1.700E-1 2.41849931E-9
1.800E-1 3.43913507E-9
1.900E-1 4.8905268E-9
2.000E-1 6.95503022E-9
2.100E-1 9.89262561E-9
2.200E-1 1.40739635E-8
2.300E-1 2.00276077E-8
2.400E-1 2.85074688E-8
2.500E-1 4.05890586E-8
2.600E-1 5.78068782E-8
2.700E-1 8.23505131E-8
2.800E-1 1.17344497E-7
2.900E-1 1.67247676E-7
3.000E-1 2.38423002E-7
3.100E-1 3.39950214E-7
3.200E-1 4.84784238E-7
3.300E-1 6.91406927E-7
3.400E-1 9.86175606E-7
3.500E-1 1.40666468E-6
3.600E-1 2.00640595E-6
3.700E-1 2.86159769E-6
3.800E-1 4.08056428E-6
3.900E-1 5.81702333E-6
4.000E-1 8.28857306E-6
4.100E-1 1.1802079E-5
4.200E-1 1.67882906E-5
4.300E-1 2.38476943E-5
4.400E-1 3.38098051E-5
4.500E-1 4.78065442E-5
4.600E-1 6.73571506E-5
4.700E-1 9.44565611E-5
4.800E-1 0.00013164867
4.900E-1 0.000182044207
5.000E-1 0.000249269487
5.100E-1 0.000337234388
5.200E-1 0.000449784904
5.300E-1 0.000590204752
5.400E-1 0.000760603875
5.500E-1 0.000961697393
5.600E-1 0.00119256477
5.700E-1 0.00145003707
5.800E-1 0.00173019109
5.900E-1 0.00202673134
6.000E-1 0.00233362442
6.100E-1 0.00264306782
6.200E-1 0.00294820107
