0.000E+0 0
1.000E-2 1.04204189E-14
2.000E-2 2.53600541E-14
3.000E-2 4.67906169E-14
4.000E-2 7.75434318E-14
5.000E-2 1.2168394E-13
6.000E-2 1.85049491E-13
7.000E-2 2.76021872E-13
8.000E-2 4.06637478E-13
9.000E-2 5.94183494E-13
1.000E-1 8.63494144E-13
1.100E-1 1.25025606E-12
1.200E-1 1.80576917E-12
1.300E-1 2.60380796E-12
1.400E-1 3.75051493E-12
1.500E-1 5.39867234E-12
1.600E-1 7.76829645E-12
1.700E-1 1.11763623E-11
1.800E-1 1.60797133E-11
1.900E-1 2.3137011E-11
2.000E-1 3.32981776E-11
2.100E-1 4.79335401E-11
2.200E-1 6.90203046E-11
2.300E-1 9.9411821E-11
2.400E-1 1.4322641E-10
2.500E-1 2.0640886E-10
2.600E-1 2.97541299E-10
2.700E-1 4.29014233E-10
2.800E-1 6.18717756E-10
2.900E-1 8.9248406E-10
3.000E-1 1.28761505E-9
3.100E-1 1.85797724E-9
3.200E-1 2.68136021E-9
3.300E-1 3.86588236E-9
3.400E-1 5.57999038E-9
3.500E-1 8.05538388E-9
3.600E-1 1.16298259E-8
3.700E-1 1.67914997E-8
3.800E-1 2.42454764E-8
3.900E-1 3.50100778E-8
4.000E-1 5.05560444E-8
4.100E-1 7.30075166E-8
4.200E-1 1.05439165E-7
4.300E-1 1.52260757E-7
4.400E-1 2.19891208E-7
4.500E-1 3.17562875E-7
