-9.0054510E-2 -2.0065370E-4
-5.9890750E-2 -1.9932570E-4
-3.0000690E-2 -1.9770790E-4
-1.5348200E-5 -1.9600880E-4
1.0444250E-2 -1.9577110E-4
2.0033390E-2 -1.9466940E-4
2.9984950E-2 -1.9461140E-4
4.0062430E-2 -1.9410680E-4
4.9991610E-2 -1.9361980E-4
6.0046670E-2 -1.9286580E-4
7.0021150E-2 -1.9221650E-4
8.0030440E-2 -1.9130600E-4
8.9925770E-2 -1.9062170E-4
9.9991800E-2 -1.8976350E-4
1.0998920E-1 -1.8881830E-4
1.2003280E-1 -1.8759480E-4
1.3000730E-1 -1.8641180E-4
1.3999370E-1 -1.8478230E-4
1.5001440E-1 -1.8321080E-4
1.6001180E-1 -1.8083340E-4
1.6998670E-1 -1.7751650E-4
1.7998460E-1 -1.7330660E-4
1.8995950E-1 -1.6837170E-4
2.0000270E-1 -1.6159300E-4
2.1010300E-1 -1.5266860E-4
2.1996640E-1 -1.4087370E-4
2.2985030E-1 -1.2243930E-4
2.3980240E-1 -1.0102430E-4
2.4997140E-1 -7.0401660E-5
2.6012850E-1 -2.8008040E-5
2.6979590E-1 2.2111520E-5
2.7983900E-1 9.9303360E-5
2.8998520E-1 2.1014920E-4
2.9996010E-1 3.5394500E-4
3.0983260E-1 5.2219440E-4
3.1992150E-1 7.8537200E-4
3.3004470E-1 1.1266470E-3
3.3998540E-1 1.5548820E-3
3.4994890E-1 2.0436720E-3
3.5995820E-1 2.7497670E-3
3.6991020E-1 3.5597630E-3
3.8002200E-1 4.6383480E-3
3.9001940E-1 5.7074280E-3
3.9998340E-1 7.0237140E-3
4.0991260E-1 8.3154910E-3
4.1993330E-1 9.9803340E-3
4.2998790E-1 1.1603150E-2
4.3989420E-1 1.3549060E-2
4.4996070E-1 1.5494970E-2
4.5999240E-1 1.7776310E-2
4.6987630E-1 1.9813180E-2
4.8001100E-1 2.2097990E-2
4.9008850E-1 2.4186400E-2
4.9986930E-1 2.6684400E-2
5.1007270E-1 2.9095500E-2
5.1988790E-1 3.1798010E-2
