7.741E-4 -2.247E-4
1.049E-2 -2.230E-4
2.035E-2 -2.214E-4
3.013E-2 -2.196E-4
4.013E-2 -2.180E-4
4.974E-2 -2.165E-4
6.080E-2 -2.143E-4
7.066E-2 -2.127E-4
8.038E-2 -2.109E-4
9.030E-2 -2.090E-4
1.003E-1 -2.071E-4
1.111E-1 -2.046E-4
1.210E-1 -2.025E-4
1.310E-1 -2.003E-4
1.407E-1 -1.980E-4
1.506E-1 -1.955E-4
1.618E-1 -1.925E-4
1.714E-1 -1.900E-4
1.812E-1 -1.872E-4
1.911E-1 -1.842E-4
2.011E-1 -1.812E-4
2.109E-1 -1.778E-4
2.220E-1 -1.732E-4
2.318E-1 -1.695E-4
2.414E-1 -1.654E-4
2.513E-1 -1.607E-4
2.611E-1 -1.560E-4
2.723E-1 -1.500E-4
2.821E-1 -1.453E-4
2.920E-1 -1.394E-4
3.016E-1 -1.340E-4
3.115E-1 -1.276E-4
3.225E-1 -1.199E-4
3.325E-1 -1.141E-4
3.422E-1 -1.069E-4
3.523E-1 -9.976E-5
3.620E-1 -9.267E-5
3.730E-1 -8.386E-5
3.830E-1 -7.652E-5
3.928E-1 -6.917E-5
4.023E-1 -6.077E-5
4.220E-1 -4.487E-5
4.431E-1 -2.747E-5
4.628E-1 -1.162E-5
4.837E-1 5.685E-6
5.031E-1 2.063E-5
5.537E-1 5.554E-5
6.042E-1 8.628E-5
6.547E-1 1.139E-4
7.051E-1 1.400E-4
7.552E-1 1.642E-4
8.059E-1 1.877E-4
8.561E-1 2.096E-4
9.066E-1 2.305E-4
9.568E-1 2.504E-4
1.006E+0 2.691E-4
