0.000E+0 0
1.000E-2 4.28722028E-11
2.000E-2 1.02705617E-10
3.000E-2 1.86252754E-10
4.000E-2 3.02951436E-10
5.000E-2 4.65991226E-10
6.000E-2 6.93803597E-10
7.000E-2 1.01214458E-9
8.000E-2 1.45700627E-9
9.000E-2 2.07868913E-9
1.000E-1 2.94749996E-9
1.100E-1 4.16172966E-9
1.200E-1 5.85882851E-9
1.300E-1 8.23106995E-9
1.400E-1 1.1547517E-8
1.500E-1 1.61848416E-8
1.600E-1 2.26703021E-8
1.700E-1 3.17434627E-8
1.800E-1 4.44401061E-8
1.900E-1 6.22128674E-8
2.000E-1 8.70991285E-8
2.100E-1 1.21957361E-7
2.200E-1 1.70798712E-7
2.300E-1 2.39252689E-7
2.400E-1 3.35220767E-7
2.500E-1 4.6979341E-7
2.600E-1 6.5853596E-7
2.700E-1 9.23290267E-7
2.800E-1 1.29469599E-6
2.900E-1 1.81571319E-6
3.000E-1 2.54653237E-6
3.100E-1 3.571396E-6
3.200E-1 5.00803155E-6
3.300E-1 7.02061111E-6
3.400E-1 9.83742883E-6
3.500E-1 1.37745166E-5
3.600E-1 1.9267065E-5
3.700E-1 2.6909589E-5
3.800E-1 3.75058453E-5
3.900E-1 5.21273352E-5
4.000E-1 7.2176507E-5
4.100E-1 9.94456031E-5
4.200E-1 0.000136152276
4.300E-1 0.000184943597
4.400E-1 0.000248811583
4.500E-1 0.00033092614
4.600E-1 0.000434392916
4.700E-1 0.000561812447
4.800E-1 0.000714948395
4.900E-1 0.000894536049
5.000E-1 0.0011000998
5.100E-1 0.00132959525
5.200E-1 0.00158039218
5.300E-1 0.00184827315
5.400E-1 0.00212905416
5.500E-1 0.00241723542
5.600E-1 0.00270783921
5.700E-1 0.00299492303
5.800E-1 0.00327325885
5.900E-1 0.00353766257
6.000E-1 0.0037834485
6.100E-1 0.00400695157
6.200E-1 0.00420568339
