-9.0065960E-2 -4.3295440E-6
-6.0005190E-2 -2.9940090E-6
-3.0092240E-2 -1.4823650E-6
-1.6847250E-4 4.5542440E-8
9.9919440E-3 5.8530900E-7
1.9954470E-2 1.0970430E-6
2.9871460E-2 1.7341010E-6
4.0051460E-2 2.2635760E-6
4.9992080E-2 2.9378460E-6
5.9886930E-2 3.5581030E-6
7.0112710E-2 4.2410570E-6
7.9973700E-2 5.0185350E-6
8.9994430E-2 5.8209260E-6
9.9968910E-2 6.7313430E-6
1.0993240E-1 7.6506330E-6
1.1993030E-1 8.9033200E-6
1.2999630E-1 1.0276770E-5
1.4000560E-1 1.1902010E-5
1.5002580E-1 1.3975690E-5
1.5995550E-1 1.6478490E-5
1.7003300E-1 2.0045960E-5
1.7984820E-1 2.3945700E-5
1.8992570E-1 2.9389690E-5
1.9994590E-1 3.5539980E-5
2.0997810E-1 4.5599900E-5
2.1985240E-1 5.7877290E-5
2.2992990E-1 7.6368760E-5
2.3993920E-1 9.9020360E-5
2.4993710E-1 1.2942850E-4
2.5992350E-1 1.7014260E-4
2.7000090E-1 2.3659810E-4
2.8003260E-1 3.1198960E-4
2.9006480E-1 4.2285890E-4
2.9991440E-1 5.5150200E-4
3.0995750E-1 7.4836910E-4
3.1971600E-1 9.9721180E-4
3.2998750E-1 1.3568740E-3
3.3991670E-1 1.7224680E-3
3.4991460E-1 2.2892560E-3
3.5992380E-1 2.9203090E-3
3.6988740E-1 3.8153140E-3
3.8001010E-1 4.7018580E-3
3.9001940E-1 5.8166610E-3
4.0002870E-1 6.9540630E-3
4.1004900E-1 8.3149110E-3
4.1993280E-1 9.8707550E-3
4.2996500E-1 1.1395770E-2
4.3990560E-1 1.3069970E-2
4.5000600E-1 1.4981140E-2
4.5995810E-1 1.6852890E-2
4.6997880E-1 1.8777950E-2
4.7999910E-1 2.0807860E-2
4.9000840E-1 2.2933360E-2
5.0002910E-1 2.5273200E-2
5.0987860E-1 2.7402180E-2
5.1999040E-1 2.9680040E-2
5.3001070E-1 3.1717480E-2
