0.000E+0 0
1.000E-2 9.45824709E-16
2.000E-2 2.28285264E-15
3.000E-2 4.17965709E-15
4.000E-2 6.87646902E-15
5.000E-2 1.07151655E-14
6.000E-2 1.61816646E-14
7.000E-2 2.39658824E-14
8.000E-2 3.50466307E-14
9.000E-2 5.08121067E-14
1.000E-1 7.32314645E-14
1.100E-1 1.05100185E-13
1.200E-1 1.5039277E-13
1.300E-1 2.14772447E-13
1.400E-1 3.06331715E-13
1.500E-1 4.36673336E-13
1.600E-1 6.22494383E-13
1.700E-1 8.87914004E-13
1.800E-1 1.26790061E-12
1.900E-1 1.81332365E-12
2.000E-1 2.59840538E-12
2.100E-1 3.7317179E-12
2.200E-1 5.37241795E-12
2.300E-1 7.75422247E-12
2.400E-1 1.12208275E-11
2.500E-1 1.62782501E-11
2.600E-1 2.36722016E-11
2.700E-1 3.45024961E-11
2.800E-1 5.039226E-11
2.900E-1 7.37382428E-11
3.000E-1 1.08081163E-10
3.100E-1 1.58653727E-10
3.200E-1 2.33191655E-10
3.300E-1 3.43134041E-10
3.400E-1 5.05400101E-10
3.500E-1 7.45019211E-10
3.600E-1 1.09902423E-9
3.700E-1 1.62221499E-9
3.800E-1 2.39568914E-9
3.900E-1 3.53947797E-9
4.000E-1 5.23123623E-9
4.100E-1 7.73392188E-9
4.200E-1 1.14367534E-8
4.300E-1 1.69158142E-8
4.400E-1 2.50236978E-8
4.500E-1 3.70220416E-8
