0.000E+0 0
1.000E-2 1.4808885E-15
2.000E-2 3.58052262E-15
3.000E-2 6.56775302E-15
4.000E-2 1.08269102E-14
5.000E-2 1.69067752E-14
6.000E-2 2.55901432E-14
7.000E-2 3.79926918E-14
8.000E-2 5.57036842E-14
9.000E-2 8.09866494E-14
1.000E-1 1.170665E-13
1.100E-1 1.68541942E-13
1.200E-1 2.4198054E-13
1.300E-1 3.46781468E-13
1.400E-1 4.96432191E-13
1.500E-1 7.10346482E-13
1.600E-1 1.01656169E-12
1.700E-1 1.45570663E-12
1.800E-1 2.08684832E-12
1.900E-1 2.99611584E-12
2.000E-1 4.30942825E-12
2.100E-1 6.21128728E-12
2.200E-1 8.97253298E-12
2.300E-1 1.29913495E-11
2.400E-1 1.88538638E-11
2.500E-1 2.74237246E-11
2.600E-1 3.99745565E-11
2.700E-1 5.83858543E-11
2.800E-1 8.54327663E-11
2.900E-1 1.25214836E-10
3.000E-1 1.83790428E-10
3.100E-1 2.70115632E-10
3.200E-1 3.97433892E-10
3.300E-1 5.85332929E-10
3.400E-1 8.62789556E-10
3.500E-1 1.27267711E-9
3.600E-1 1.8784383E-9
3.700E-1 2.77396411E-9
3.800E-1 4.0981818E-9
3.900E-1 6.056839E-9
4.000E-1 8.95437817E-9
4.100E-1 1.3241497E-8
4.200E-1 1.95853573E-8
4.300E-1 2.89735283E-8
4.400E-1 4.28677745E-8
4.500E-1 6.34315088E-8
