0.000E+0 0
1.000E-2 5.86613534E-15
2.000E-2 1.41196793E-14
3.000E-2 2.57754973E-14
4.000E-2 4.22723969E-14
5.000E-2 6.56465356E-14
6.000E-2 9.87744926E-14
7.000E-2 1.45713977E-13
8.000E-2 2.12181874E-13
9.000E-2 3.06226496E-13
1.000E-1 4.39176387E-13
1.100E-1 6.26986049E-13
1.200E-1 8.92156096E-13
1.300E-1 1.26649101E-12
1.400E-1 1.79508571E-12
1.500E-1 2.54212257E-12
1.600E-1 3.59934164E-12
1.700E-1 5.09846131E-12
1.800E-1 7.22943562E-12
1.900E-1 1.02673311E-11
2.000E-1 1.46119286E-11
2.100E-1 2.08461075E-11
2.200E-1 2.98219627E-11
2.300E-1 4.27878802E-11
2.400E-1 6.15761348E-11
2.500E-1 8.88799511E-11
2.600E-1 1.28662854E-10
2.700E-1 1.86763688E-10
2.800E-1 2.71791102E-10
2.900E-1 3.96446346E-10
3.000E-1 5.79479885E-10
3.100E-1 8.48586042E-10
3.200E-1 1.24468605E-9
3.300E-1 1.82826618E-9
3.400E-1 2.68875805E-9
3.500E-1 3.95842244E-9
3.600E-1 5.83289999E-9
3.700E-1 8.60163189E-9
3.800E-1 1.26928479E-8
3.900E-1 1.8740389E-8
4.000E-1 2.76821744E-8
4.100E-1 4.09064186E-8
4.200E-1 6.04678324E-8
4.300E-1 8.94076538E-8
4.400E-1 1.32227218E-7
4.500E-1 1.95588532E-7
