0.000E+0 0
1.000E-2 6.98623641E-15
2.000E-2 1.69973783E-14
3.000E-2 3.13559855E-14
4.000E-2 5.19611088E-14
5.000E-2 8.15386711E-14
6.000E-2 1.2400045E-13
7.000E-2 1.84958939E-13
8.000E-2 2.72466203E-13
9.000E-2 3.98075026E-13
1.000E-1 5.78364538E-13
1.100E-1 8.37136277E-13
1.200E-1 1.20857959E-12
1.300E-1 1.74188436E-12
1.400E-1 2.50768234E-12
1.500E-1 3.60782855E-12
1.600E-1 5.18909851E-12
1.700E-1 7.46328014E-12
1.800E-1 1.07362622E-11
1.900E-1 1.54502318E-11
2.000E-1 2.22449015E-11
2.100E-1 3.20463593E-11
2.200E-1 4.61960142E-11
2.300E-1 6.66377393E-11
2.400E-1 9.61894883E-11
2.500E-1 1.38937507E-10
2.600E-1 2.00808436E-10
2.700E-1 2.90399469E-10
2.800E-1 4.20182664E-10
2.900E-1 6.08251351E-10
3.000E-1 8.80851152E-10
3.100E-1 1.27604486E-9
3.200E-1 1.8490124E-9
3.300E-1 2.67969851E-9
3.400E-1 3.88384014E-9
3.500E-1 5.62875951E-9
3.600E-1 8.15595696E-9
3.700E-1 1.18132309E-8
3.800E-1 1.71000165E-8
3.900E-1 2.47312683E-8
4.000E-1 3.57271638E-8
4.100E-1 5.15401566E-8
4.200E-1 7.42369272E-8
4.300E-1 1.06764401E-7
4.400E-1 1.53340953E-7
4.500E-1 2.20022479E-7
