0.000E+0 0
1.000E-2 2.14182421E-12
2.000E-2 5.18870742E-12
3.000E-2 9.52840138E-12
4.000E-2 1.57137633E-11
5.000E-2 2.45325301E-11
6.000E-2 3.71064519E-11
7.000E-2 5.50321908E-11
8.000E-2 8.05817359E-11
9.000E-2 1.16987818E-10
1.000E-1 1.68851034E-10
1.100E-1 2.42721744E-10
1.200E-1 3.47933632E-10
1.300E-1 4.97800607E-10
1.400E-1 7.11339302E-10
1.500E-1 1.01575313E-9
1.600E-1 1.45002067E-9
1.700E-1 2.07008608E-9
1.800E-1 2.95637382E-9
1.900E-1 4.22467504E-9
2.000E-1 6.04192466E-9
2.100E-1 8.64907199E-9
2.200E-1 1.23942402E-8
2.300E-1 1.77808104E-8
2.400E-1 2.55371553E-8
2.500E-1 3.67177813E-8
2.600E-1 5.28500304E-8
2.700E-1 7.61468663E-8
2.800E-1 1.09815488E-7
2.900E-1 1.58504841E-7
3.000E-1 2.2895433E-7
3.100E-1 3.30933698E-7
3.200E-1 4.78603695E-7
3.300E-1 6.92429669E-7
3.400E-1 1.00229023E-6
3.500E-1 1.45103468E-6
3.600E-1 2.10088712E-6
3.700E-1 3.04157485E-6
3.800E-1 4.40195159E-6
3.900E-1 6.36868873E-6
4.000E-1 9.2061947E-6
4.100E-1 1.32930111E-5
4.200E-1 1.91652706E-5
4.300E-1 2.7578364E-5
4.400E-1 3.95905656E-5
4.500E-1 5.66701653E-5
