B nFsrh nFBsrh dnsrh nF nFB dn
1.000e+15 1.009855523E+00 1.001180214E+0 8.675309000E-03 1.009855523E+00 1.001180214E+0 8.675309000E-03
1.778e+15 1.006542774E+00 1.001235232E+0 5.307542000E-03 1.006542774E+00 1.001235232E+0 5.307542000E-03
3.162e+15 1.041093979E+00 1.001316177E+0 3.977780200E-02 1.041093979E+00 1.001316177E+0 3.977780200E-02
5.623e+15 1.127683397E+00 1.001426504E+0 1.262568930E-01 1.127683397E+00 1.001426504E+0 1.262568930E-01
1.000e+16 1.169244651E+00 1.001571374E+0 1.676732770E-01 1.169244651E+00 1.001571374E+0 1.676732770E-01
1.778e+16 1.207482199E+00 1.001757842E+0 2.057243570E-01 1.207482199E+00 1.001757842E+0 2.057243570E-01
3.162e+16 1.220620076E+00 1.001995732E+0 2.186243440E-01 1.220620076E+00 1.001995732E+0 2.186243440E-01
5.623e+16 1.232087845E+00 1.002297902E+0 2.297899430E-01 1.232087845E+00 1.002297902E+0 2.297899430E-01
1.000e+17 1.245196127E+00 1.002681671E+0 2.425144560E-01 1.245196127E+00 1.002681671E+0 2.425144560E-01
