0.000E+0 0
1.000E-2 9.6633315E-14
2.000E-2 2.32079018E-13
3.000E-2 4.21988162E-13
4.000E-2 6.88324444E-13
5.000E-2 1.06191156E-12
6.000E-2 1.5860096E-12
7.000E-2 2.32133696E-12
8.000E-2 3.35312308E-12
9.000E-2 4.80101491E-12
1.000E-1 6.83299403E-12
1.100E-1 9.6849311E-12
1.200E-1 1.36880645E-11
1.300E-1 1.93076192E-11
1.400E-1 2.71970857E-11
1.500E-1 3.82745154E-11
1.600E-1 5.38297666E-11
1.700E-1 7.56752603E-11
1.800E-1 1.06357903E-10
1.900E-1 1.49456999E-10
2.000E-1 2.10003042E-10
2.100E-1 2.95066445E-10
2.200E-1 4.14585171E-10
2.300E-1 5.82528206E-10
2.400E-1 8.18531173E-10
2.500E-1 1.15019569E-9
2.600E-1 1.61632176E-9
2.700E-1 2.2714519E-9
2.800E-1 3.19225897E-9
2.900E-1 4.48652586E-9
3.000E-1 6.30576789E-9
3.100E-1 8.86297475E-9
3.200E-1 1.24575465E-8
3.300E-1 1.75103364E-8
3.400E-1 2.46128888E-8
3.500E-1 3.45966063E-8
3.600E-1 4.86298805E-8
3.700E-1 6.83544277E-8
3.800E-1 9.60765312E-8
3.900E-1 1.35035055E-7
4.000E-1 1.89776574E-7
4.100E-1 2.66687846E-7
4.200E-1 3.74741744E-7
4.300E-1 5.26325713E-7
4.400E-1 7.39073992E-7
4.500E-1 1.03734555E-6
