0.000E+0 -0.17798848
1.000E-2 -0.177986218
2.000E-2 -0.177983944
3.000E-2 -0.177981657
4.000E-2 -0.177979357
5.000E-2 -0.177977043
6.000E-2 -0.177974714
7.000E-2 -0.17797237
8.000E-2 -0.177970008
9.000E-2 -0.177967627
1.000E-1 -0.177965223
1.100E-1 -0.177962795
1.200E-1 -0.177960335
1.300E-1 -0.177957838
1.400E-1 -0.177955294
1.500E-1 -0.177952688
1.600E-1 -0.177950001
1.700E-1 -0.177947202
1.800E-1 -0.177944251
1.900E-1 -0.177941086
2.000E-1 -0.177937617
2.100E-1 -0.177933711
2.200E-1 -0.177929176
2.300E-1 -0.177923725
2.400E-1 -0.177916933
2.500E-1 -0.177908174
2.600E-1 -0.177896516
2.700E-1 -0.17788058
2.800E-1 -0.177858313
2.900E-1 -0.177826666
3.000E-1 -0.177781107
3.100E-1 -0.177714889
3.200E-1 -0.177617977
3.300E-1 -0.177475429
3.400E-1 -0.177264995
3.500E-1 -0.176953541
3.600E-1 -0.176491713
3.700E-1 -0.175805981
3.800E-1 -0.174786794
3.900E-1 -0.173270912
4.000E-1 -0.171015076
4.100E-1 -0.16765676
4.200E-1 -0.162655677
4.300E-1 -0.155206581
4.400E-1 -0.144109317
4.500E-1 -0.127575155
4.600E-1 -0.102938213
4.700E-1 -0.0662255555
4.800E-1 -0.0115169637
4.900E-1 0.0700080449
