-8.0000E-4 -1.2810E-4
1.9500E-2 -1.2810E-4
3.9700E-2 -1.2810E-4
5.9900E-2 -1.2810E-4
8.0100E-2 -1.2800E-4
1.0020E-1 -1.2790E-4
1.2040E-1 -1.2790E-4
1.4070E-1 -1.2780E-4
1.6070E-1 -1.2780E-4
1.8100E-1 -1.2770E-4
2.0110E-1 -1.2760E-4
2.2140E-1 -1.2740E-4
2.4160E-1 -1.2690E-4
2.6160E-1 -1.2580E-4
2.8170E-1 -1.2340E-4
3.0190E-1 -1.1920E-4
3.2190E-1 -1.1090E-4
3.4210E-1 -9.4080E-5
3.6230E-1 -6.0330E-5
3.8240E-1 6.5820E-6
4.0270E-1 1.3650E-4
4.2300E-1 3.8450E-4
4.4310E-1 8.2590E-4
4.6300E-1 1.5570E-3
4.8340E-1 2.6540E-3
5.0350E-1 4.1510E-3
5.2360E-1 6.0220E-3
5.4390E-1 8.2220E-3
5.6390E-1 1.0678E-2
5.8400E-1 1.3330E-2
6.0410E-1 1.6150E-2
6.2400E-1 1.9100E-2
6.4410E-1 2.2130E-2
