0.000E+0 0
1.000E-2 8.5274051E-16
2.000E-2 2.08748957E-15
3.000E-2 3.87664679E-15
4.000E-2 6.47030363E-15
5.000E-2 1.02312049E-14
6.000E-2 1.56854494E-14
7.000E-2 2.35960423E-14
8.000E-2 3.50696557E-14
9.000E-2 5.17116903E-14
1.000E-1 7.58516701E-14
1.100E-1 1.1087115E-13
1.200E-1 1.61681179E-13
1.300E-1 2.35418134E-13
1.400E-1 3.42458542E-13
1.500E-1 4.97900091E-13
1.600E-1 7.23723977E-13
1.700E-1 1.05195314E-12
1.800E-1 1.52926603E-12
1.900E-1 2.22373751E-12
2.000E-1 3.23468861E-12
2.100E-1 4.70707939E-12
2.200E-1 6.85254173E-12
2.300E-1 9.98011638E-12
2.400E-1 1.45411741E-11
2.500E-1 2.1195069E-11
2.600E-1 3.09050965E-11
2.700E-1 4.50787499E-11
2.800E-1 6.57727312E-11
2.900E-1 9.59926215E-11
3.000E-1 1.40130902E-10
3.100E-1 2.0460738E-10
3.200E-1 2.98805101E-10
3.300E-1 4.36438773E-10
3.400E-1 6.3755505E-10
3.500E-1 9.31456715E-10
3.600E-1 1.36097745E-9
3.700E-1 1.98873102E-9
3.800E-1 2.90624694E-9
3.900E-1 4.24732583E-9
4.000E-1 6.20756347E-9
4.100E-1 9.07289294E-9
4.200E-1 1.32613102E-8
4.300E-1 1.93838712E-8
4.400E-1 2.83338621E-8
4.500E-1 4.14171509E-8
