0.000E+0 0
1.000E-2 2.34692191E-15
2.000E-2 5.75235316E-15
3.000E-2 1.06965107E-14
4.000E-2 1.78772529E-14
5.000E-2 2.83086209E-14
6.000E-2 4.34640142E-14
7.000E-2 6.5484282E-14
8.000E-2 9.7480284E-14
9.000E-2 1.43973033E-13
1.000E-1 2.11534366E-13
1.100E-1 3.09720109E-13
1.200E-1 4.52430203E-13
1.300E-1 6.59892381E-13
1.400E-1 9.61556999E-13
1.500E-1 1.40032346E-12
1.600E-1 2.03871306E-12
1.700E-1 2.96788694E-12
1.800E-1 4.32082243E-12
1.900E-1 6.29156763E-12
2.000E-1 9.16337929E-12
2.100E-1 1.33498446E-11
2.200E-1 1.94549801E-11
2.300E-1 2.83610684E-11
2.400E-1 4.13570395E-11
2.500E-1 6.0326118E-11
2.600E-1 8.80201037E-11
2.700E-1 1.28460295E-10
2.800E-1 1.87523543E-10
2.900E-1 2.73798938E-10
3.000E-1 3.99108229E-10
3.100E-1 5.82926038E-10
3.200E-1 8.5152274E-10
3.300E-1 1.24403027E-9
3.400E-1 1.81765024E-9
3.500E-1 2.65599952E-9
3.600E-1 3.88131065E-9
3.700E-1 5.67226778E-9
3.800E-1 8.29008135E-9
3.900E-1 1.21166071E-8
4.000E-1 1.77100733E-8
4.100E-1 2.58865501E-8
4.200E-1 3.78390513E-8
4.300E-1 5.5311653E-8
4.400E-1 8.08591824E-8
4.500E-1 1.18193642E-7
