0.000E+0 0
1.000E-2 7.85559006E-13
2.000E-2 1.89022579E-12
3.000E-2 3.44419677E-12
4.000E-2 5.63076892E-12
5.000E-2 8.7079925E-12
6.000E-2 1.30391621E-11
7.000E-2 1.91357638E-11
8.000E-2 2.77179841E-11
9.000E-2 3.97999921E-11
1.000E-1 5.68101757E-11
1.100E-1 8.07607239E-11
1.200E-1 1.14486884E-10
1.300E-1 1.6198463E-10
1.400E-1 2.28887337E-10
1.500E-1 3.23138828E-10
1.600E-1 4.55943842E-10
1.700E-1 6.43110381E-10
1.800E-1 9.06945666E-10
1.900E-1 1.27893407E-9
2.000E-1 1.80351957E-9
2.100E-1 2.54344838E-9
2.200E-1 3.58731479E-9
2.300E-1 5.06021867E-9
2.400E-1 7.13881624E-9
2.500E-1 1.00725726E-8
2.600E-1 1.42137659E-8
2.700E-1 2.00598354E-8
2.800E-1 2.8313129E-8
2.900E-1 3.99651508E-8
3.000E-1 5.64152638E-8
3.100E-1 7.96377566E-8
3.200E-1 1.12416597E-7
3.300E-1 1.58674807E-7
3.400E-1 2.23934824E-7
3.500E-1 3.15960408E-7
3.600E-1 4.45647116E-7
3.700E-1 6.2825152E-7
3.800E-1 8.8507903E-7
3.900E-1 1.2457918E-6
4.000E-1 1.75156232E-6
4.100E-1 2.45940389E-6
4.200E-1 3.44818495E-6
4.300E-1 4.82711535E-6
4.400E-1 6.74780551E-6
4.500E-1 9.42127071E-6
