6.089E-4 -3.341E-4
1.047E-2 -3.311E-4
2.016E-2 -3.284E-4
2.996E-2 -3.254E-4
3.975E-2 -3.223E-4
4.968E-2 -3.193E-4
6.081E-2 -3.152E-4
7.055E-2 -3.123E-4
8.037E-2 -3.087E-4
9.013E-2 -3.050E-4
9.996E-2 -3.012E-4
1.110E-1 -2.964E-4
1.209E-1 -2.923E-4
1.309E-1 -2.882E-4
1.405E-1 -2.832E-4
1.505E-1 -2.785E-4
1.616E-1 -2.728E-4
1.714E-1 -2.676E-4
1.811E-1 -2.621E-4
1.909E-1 -2.563E-4
2.008E-1 -2.503E-4
2.106E-1 -2.441E-4
2.217E-1 -2.370E-4
2.316E-1 -2.306E-4
2.413E-1 -2.231E-4
2.511E-1 -2.166E-4
2.610E-1 -2.087E-4
2.722E-1 -2.011E-4
2.819E-1 -1.938E-4
2.917E-1 -1.846E-4
3.017E-1 -1.766E-4
3.116E-1 -1.684E-4
3.224E-1 -1.588E-4
3.324E-1 -1.500E-4
3.423E-1 -1.411E-4
3.520E-1 -1.318E-4
3.618E-1 -1.233E-4
3.730E-1 -1.115E-4
3.827E-1 -1.036E-4
3.926E-1 -9.327E-5
4.022E-1 -8.361E-5
4.220E-1 -6.394E-5
4.429E-1 -4.301E-5
4.627E-1 -2.480E-5
4.836E-1 -5.634E-6
5.033E-1 1.303E-5
5.536E-1 5.227E-5
6.041E-1 8.613E-5
6.544E-1 1.166E-4
7.048E-1 1.441E-4
7.552E-1 1.701E-4
8.056E-1 1.949E-4
8.561E-1 2.183E-4
9.065E-1 2.403E-4
9.566E-1 2.612E-4
1.006E+0 2.812E-4
