6.448E-4 -3.325E-4
1.039E-2 -3.298E-4
2.027E-2 -3.270E-4
3.002E-2 -3.239E-4
3.999E-2 -3.211E-4
4.980E-2 -3.179E-4
6.073E-2 -3.147E-4
7.063E-2 -3.109E-4
8.023E-2 -3.074E-4
9.005E-2 -3.039E-4
9.996E-2 -2.999E-4
1.111E-1 -2.956E-4
1.209E-1 -2.913E-4
1.309E-1 -2.867E-4
1.404E-1 -2.822E-4
1.504E-1 -2.776E-4
1.615E-1 -2.718E-4
1.715E-1 -2.666E-4
1.812E-1 -2.613E-4
1.912E-1 -2.557E-4
2.010E-1 -2.494E-4
2.107E-1 -2.434E-4
2.216E-1 -2.366E-4
2.317E-1 -2.298E-4
2.415E-1 -2.233E-4
2.511E-1 -2.160E-4
2.611E-1 -2.086E-4
2.722E-1 -2.004E-4
2.820E-1 -1.928E-4
2.918E-1 -1.843E-4
3.017E-1 -1.763E-4
3.116E-1 -1.684E-4
3.224E-1 -1.587E-4
3.323E-1 -1.493E-4
3.423E-1 -1.414E-4
3.522E-1 -1.320E-4
3.619E-1 -1.231E-4
3.727E-1 -1.121E-4
3.828E-1 -1.023E-4
3.926E-1 -9.342E-5
4.024E-1 -8.477E-5
4.220E-1 -6.459E-5
4.432E-1 -4.377E-5
4.626E-1 -2.515E-5
4.835E-1 -5.735E-6
5.032E-1 1.222E-5
5.535E-1 5.247E-5
6.040E-1 8.608E-5
6.546E-1 1.163E-4
7.047E-1 1.443E-4
7.550E-1 1.704E-4
8.056E-1 1.955E-4
8.559E-1 2.188E-4
9.065E-1 2.408E-4
9.567E-1 2.619E-4
1.006E+0 2.814E-4
