0.000E+0 4.29597227E-7
1.000E-2 4.29652859E-7
2.000E-2 4.29709053E-7
3.000E-2 4.2976591E-7
4.000E-2 4.29823542E-7
5.000E-2 4.29882107E-7
6.000E-2 4.29941826E-7
7.000E-2 4.30003011E-7
8.000E-2 4.30066101E-7
9.000E-2 4.30131727E-7
1.000E-1 4.30200783E-7
1.100E-1 4.30274557E-7
1.200E-1 4.30354892E-7
1.300E-1 4.3044444E-7
1.400E-1 4.30547022E-7
1.500E-1 4.30668143E-7
1.600E-1 4.30815753E-7
1.700E-1 4.3100134E-7
1.800E-1 4.31241516E-7
1.900E-1 4.31560327E-7
2.000E-1 4.31992596E-7
2.100E-1 4.32588785E-7
2.200E-1 4.33422044E-7
2.300E-1 4.3459845E-7
2.400E-1 4.36271864E-7
2.500E-1 4.38665493E-7
2.600E-1 4.42103181E-7
2.700E-1 4.4705479E-7
2.800E-1 4.5420198E-7
2.900E-1 4.64533507E-7
3.000E-1 4.79483062E-7
3.100E-1 5.01128331E-7
3.200E-1 5.32477666E-7
3.300E-1 5.7788131E-7
3.400E-1 6.43617868E-7
3.500E-1 7.38723482E-7
3.600E-1 8.76149011E-7
3.700E-1 1.07434325E-6
3.800E-1 1.35935274E-6
3.900E-1 1.7674684E-6
4.000E-1 2.34827264E-6
4.100E-1 3.16753735E-6
