-9.0055940E-2 -1.5866700E-4
-5.9983250E-2 -1.0821670E-4
-2.9978280E-2 -5.5641020E-5
-4.7385690E-6 -1.3832720E-8
9.9697410E-3 1.9088880E-5
1.9974830E-2 3.8702770E-5
2.9940130E-2 5.9010780E-5
4.0074830E-2 7.9277610E-5
4.9901960E-2 1.0013540E-4
5.9967990E-2 1.2170030E-4
7.0000170E-2 1.4378290E-4
8.0020900E-2 1.6587720E-4
8.9995860E-2 1.8864400E-4
9.9982260E-2 2.1170080E-4
1.0998010E-1 2.3568560E-4
1.2001230E-1 2.6000660E-4
1.2998720E-1 2.8488440E-4
1.3998510E-1 3.0986640E-4
1.5001730E-1 3.3538210E-4
1.5999220E-1 3.6151240E-4
1.6997860E-1 3.8817620E-4
1.7997650E-1 4.1591870E-4
1.8999720E-1 4.4374210E-4
1.9999500E-1 4.7264430E-4
2.0998140E-1 5.0188880E-4
2.1997020E-1 5.3291350E-4
2.2994520E-1 5.6517920E-4
2.3997740E-1 5.9962510E-4
2.4991850E-1 6.3585140E-4
2.5992770E-1 6.7547030E-4
2.6997090E-1 7.1938030E-4
2.7993490E-1 7.6958820E-4
2.8996710E-1 8.2833790E-4
2.9995350E-1 8.9792580E-4
3.0997420E-1 9.8286960E-4
3.1996060E-1 1.0876080E-3
3.2996990E-1 1.2217590E-3
3.3995630E-1 1.3958960E-3
3.4995460E-1 1.6187670E-3
3.5997530E-1 1.9101910E-3
3.6995030E-1 2.2895820E-3
3.7998250E-1 2.7852770E-3
3.8993450E-1 3.4277550E-3
3.9994380E-1 4.2263490E-3
4.0999890E-1 5.2264870E-3
4.1995140E-1 6.4102670E-3
4.2998310E-1 7.8492540E-3
4.3995860E-1 9.5118640E-3
4.4996790E-1 1.1433020E-2
4.5996570E-1 1.3565510E-2
4.7000930E-1 1.5972600E-2
4.8001860E-1 1.8551740E-2
4.8998210E-1 2.1352770E-2
