-9.0068340E-2 -1.5889430E-4
-5.9983730E-2 -1.0821150E-4
-3.0013080E-2 -5.5724410E-5
-5.8919190E-5 -1.4715340E-8
1.0052260E-2 1.9137750E-5
1.9984420E-2 3.8816720E-5
3.0008790E-2 5.8880210E-5
3.9995190E-2 7.9357140E-5
5.0004480E-2 1.0009560E-4
5.9979440E-2 1.2181720E-4
6.9988730E-2 1.4374360E-4
8.0020900E-2 1.6618010E-4
8.9984890E-2 1.8864540E-4
9.9994180E-2 2.1195760E-4
1.0999200E-1 2.3571630E-4
1.2000130E-1 2.6029280E-4
1.2996530E-1 2.8487500E-4
1.3998600E-1 3.1002540E-4
1.5000680E-1 3.3550640E-4
1.5999320E-1 3.6188050E-4
1.7000250E-1 3.8871290E-4
1.7996600E-1 4.1635100E-4
1.8999810E-1 4.4407630E-4
1.9995070E-1 4.7287440E-4
2.0997140E-1 5.0239150E-4
2.1992590E-1 5.3346270E-4
2.2992420E-1 5.6640710E-4
2.3996730E-1 6.0077240E-4
2.4994280E-1 6.3786890E-4
2.5994060E-1 6.7781280E-4
2.6993890E-1 7.2328300E-4
2.7993680E-1 7.7499330E-4
2.8995750E-1 8.3587740E-4
2.9995540E-1 9.0791910E-4
3.0996510E-1 9.9636610E-4
3.1995150E-1 1.1073180E-3
3.2996080E-1 1.2521350E-3
3.3992480E-1 1.4361810E-3
3.4995700E-1 1.6786420E-3
3.5997770E-1 1.9891910E-3
3.6995320E-1 2.4005160E-3
3.7997390E-1 2.9350980E-3
3.8994880E-1 3.6172200E-3
3.9994670E-1 4.4609620E-3
4.0999030E-1 5.5050350E-3
4.1993140E-1 6.7504230E-3
4.2998650E-1 8.2528760E-3
4.3992760E-1 9.9708980E-3
4.4994830E-1 1.1918010E-2
4.5993470E-1 1.4105540E-2
4.7000120E-1 1.6520770E-2
4.8001050E-1 1.9094140E-2
4.9000880E-1 2.1876070E-2
