-9.0080260E-2 -1.5850710E-4
-5.9983730E-2 -1.0825300E-4
-3.0001640E-2 -5.5484200E-5
8.9496370E-5 -1.1239290E-8
9.9534090E-3 1.9157030E-5
2.0011660E-2 3.8666850E-5
2.9985900E-2 5.8630160E-5
3.9972780E-2 7.9074790E-5
4.9993520E-2 1.0018510E-4
5.9968950E-2 1.2132550E-4
6.9989680E-2 1.4311280E-4
8.0010410E-2 1.6535240E-4
8.9996810E-2 1.8847340E-4
1.0001800E-1 2.1162330E-4
1.0995860E-1 2.3542860E-4
1.2001370E-1 2.5924550E-4
1.2996630E-1 2.8403080E-4
1.3998700E-1 3.0915830E-4
1.5000770E-1 3.3501070E-4
1.5997170E-1 3.6098480E-4
1.6999240E-1 3.8751560E-4
1.7996790E-1 4.1451050E-4
1.8997720E-1 4.4267670E-4
1.9995260E-1 4.7138800E-4
2.0998480E-1 5.0127090E-4
2.1997360E-1 5.3206390E-4
2.2993760E-1 5.6365160E-4
2.3995830E-1 5.9777360E-4
2.4993370E-1 6.3402370E-4
2.5993160E-1 6.7418250E-4
2.6995230E-1 7.1810490E-4
2.7995060E-1 7.6776250E-4
2.8997140E-1 8.2516760E-4
2.9993530E-1 8.9464660E-4
3.0995610E-1 9.7869290E-4
3.1996580E-1 1.0853650E-3
3.2996370E-1 1.2142470E-3
3.3995060E-1 1.3831130E-3
3.4997130E-1 1.6010030E-3
3.5995820E-1 1.8862320E-3
3.6995600E-1 2.2470280E-3
3.7997670E-1 2.7091190E-3
3.8994070E-1 3.2850820E-3
3.9995050E-1 4.0077160E-3
4.0998270E-1 4.8850180E-3
4.1995760E-1 5.9273020E-3
4.2999030E-1 7.1218220E-3
4.3996520E-1 8.4864810E-3
4.4994070E-1 1.0001870E-2
4.5998430E-1 1.1719990E-2
4.7000500E-1 1.3540820E-2
4.8001480E-1 1.5529660E-2
4.9000120E-1 1.7643650E-2
5.0002240E-1 1.9882190E-2
5.0997500E-1 2.2175760E-2
