-9.0056900E-2 -1.5842460E-4
-5.9972290E-2 -1.0797380E-4
-3.0081270E-2 -5.5473310E-5
1.9997360E-5 -1.3322110E-8
9.9875030E-3 1.8934780E-5
2.0004450E-2 3.8679880E-5
2.9985900E-2 5.8836700E-5
3.9972310E-2 7.9227220E-5
5.0004480E-2 1.0020110E-4
5.9979440E-2 1.2141140E-4
6.9988730E-2 1.4326210E-4
7.9998490E-2 1.6572190E-4
8.9973450E-2 1.8840190E-4
1.0000560E-1 2.1137790E-4
1.0995770E-1 2.3509000E-4
1.2000130E-1 2.5915610E-4
1.2996530E-1 2.8421380E-4
1.3998600E-1 3.0926570E-4
1.5000680E-1 3.3490920E-4
1.5997030E-1 3.6065120E-4
1.6997960E-1 3.8743690E-4
1.7995500E-1 4.1475640E-4
1.8998670E-1 4.4287580E-4
1.9996210E-1 4.7130280E-4
2.1001720E-1 5.0076190E-4
2.1996020E-1 5.3129970E-4
2.2992420E-1 5.6328740E-4
2.3994490E-1 5.9774520E-4
2.4993130E-1 6.3386750E-4
2.5995210E-1 6.7344030E-4
2.6993890E-1 7.1647510E-4
2.7995970E-1 7.6599300E-4
2.8994610E-1 8.2303260E-4
2.9995540E-1 8.9184990E-4
3.0996510E-1 9.7380210E-4
3.1994010E-1 1.0755040E-3
3.2996080E-1 1.2036900E-3
3.3993630E-1 1.3712200E-3
3.4995700E-1 1.5836040E-3
3.5998920E-1 1.8593280E-3
3.6994170E-1 2.2069640E-3
3.7998530E-1 2.6605350E-3
3.8996030E-1 3.2281480E-3
3.9994670E-1 3.9393030E-3
4.0999030E-1 4.7916210E-3
4.1995430E-1 5.8055590E-3
4.2998650E-1 6.9839000E-3
4.3995050E-1 8.3485490E-3
4.4993690E-1 9.8721530E-3
4.5995760E-1 1.1555360E-2
4.7002410E-1 1.3388340E-2
4.8001050E-1 1.5377180E-2
4.8999740E-1 1.7465650E-2
5.0000670E-1 1.9668250E-2
5.0998210E-1 2.1968750E-2
