-9.0078830E-2 -1.5881200E-4
-5.9960370E-2 -1.0837310E-4
-2.9989720E-2 -5.5591150E-5
1.0949370E-4 -1.5097400E-8
9.9744200E-3 1.8993770E-5
1.9977180E-2 3.8752040E-5
2.9997350E-2 5.8994540E-5
3.9972310E-2 7.9350110E-5
5.0004480E-2 1.0020840E-4
5.9990880E-2 1.2148010E-4
6.9977280E-2 1.4369590E-4
8.0020430E-2 1.6601060E-4
8.9961530E-2 1.8885850E-4
9.9993710E-2 2.1185170E-4
1.0996870E-1 2.3576080E-4
1.1997800E-1 2.6008180E-4
1.2996440E-1 2.8504080E-4
1.3997360E-1 3.1004610E-4
1.4999440E-1 3.3561980E-4
1.5996930E-1 3.6159340E-4
1.6999010E-1 3.8855870E-4
1.7996500E-1 4.1600550E-4
1.8996290E-1 4.4428140E-4
1.9996070E-1 4.7274870E-4
2.0997000E-1 5.0244550E-4
2.1998170E-1 5.3340060E-4
2.2992230E-1 5.6575310E-4
2.3995450E-1 6.0041390E-4
2.4990700E-1 6.3687210E-4
2.5991630E-1 6.7681560E-4
2.6993700E-1 7.2112000E-4
2.7994630E-1 7.7240050E-4
2.8993270E-1 8.3173600E-4
2.9993060E-1 9.0340590E-4
3.0993990E-1 9.8924270E-4
3.1994920E-1 1.0976330E-3
3.2995840E-1 1.2363050E-3
3.3995630E-1 1.4163520E-3
3.4994320E-1 1.6480310E-3
3.5996390E-1 1.9502920E-3
3.6991600E-1 2.3416780E-3
3.7997100E-1 2.8594510E-3
3.8992310E-1 3.5158380E-3
3.9995530E-1 4.3485050E-3
4.0996460E-1 5.3594220E-3
4.1995100E-1 6.5875910E-3
4.2998310E-1 8.0365450E-3
4.3993570E-1 9.7378060E-3
4.4995640E-1 1.1649120E-2
4.5994280E-1 1.3834310E-2
4.6999790E-1 1.6219960E-2
4.8000720E-1 1.8830390E-2
4.9000500E-1 2.1597240E-2
