-9.0056900E-2 -7.3318770E-4
-5.9972290E-2 -6.8234830E-4
-2.9990200E-2 -6.2955460E-4
-4.1246410E-5 -5.7474870E-4
9.9898580E-3 -5.5561800E-4
1.9952630E-2 -5.3561160E-4
2.9951570E-2 -5.1564000E-4
4.0040490E-2 -4.9447380E-4
4.9913410E-2 -4.7418340E-4
5.9990880E-2 -4.5255910E-4
6.9920540E-2 -4.3069120E-4
8.0089570E-2 -4.0781440E-4
8.9870930E-2 -3.8496070E-4
1.0009670E-1 -3.6156770E-4
1.0988950E-1 -3.3789640E-4
1.2000130E-1 -3.1378430E-4
1.2998770E-1 -2.8874450E-4
1.3998600E-1 -2.6342620E-4
1.5001820E-1 -2.3751080E-4
1.5998170E-1 -2.1148510E-4
1.6999100E-1 -1.8485620E-4
1.7998890E-1 -1.5758390E-4
1.8999810E-1 -1.2966180E-4
1.9997360E-1 -1.0039450E-4
2.0997140E-1 -7.0489200E-5
2.1993730E-1 -3.9837500E-5
2.2998090E-1 -7.4840500E-6
2.3996730E-1 2.7186210E-5
2.4994280E-1 6.3457950E-5
2.5992920E-1 1.0276780E-4
2.6993890E-1 1.4787240E-4
2.7995970E-1 1.9863740E-4
2.8994610E-1 2.5667410E-4
2.9995540E-1 3.2654130E-4
3.0994220E-1 4.1124200E-4
3.1995150E-1 5.1915650E-4
3.2997230E-1 6.5556750E-4
3.3994770E-1 8.3181240E-4
3.4995700E-1 1.0568440E-3
3.5998920E-1 1.3569070E-3
3.6994170E-1 1.7470210E-3
3.7999630E-1 2.2583080E-3
3.8992600E-1 2.8987060E-3
3.9995810E-1 3.7108080E-3
4.0999030E-1 4.7124620E-3
4.1994290E-1 5.9424940E-3
4.2998650E-1 7.4089600E-3
4.3993900E-1 9.1017750E-3
4.4995980E-1 1.1033950E-2
4.5994620E-1 1.3226720E-2
4.7001270E-1 1.5596730E-2
4.8001050E-1 1.8192130E-2
4.9002030E-1 2.0987960E-2
