-9.0056900E-2 -6.9978580E-4
-5.9972290E-2 -6.4894640E-4
-3.0001640E-2 -5.9606000E-4
3.5166740E-6 -5.4128310E-4
1.0007500E-2 -5.2201310E-4
1.9997390E-2 -5.0235470E-4
3.0008790E-2 -4.8177990E-4
3.9983750E-2 -4.6137350E-4
5.0027370E-2 -4.4036970E-4
5.9967990E-2 -4.1906430E-4
7.0000170E-2 -3.9683690E-4
8.0009460E-2 -3.7433130E-4
9.0007780E-2 -3.5121650E-4
1.0002850E-1 -3.2802660E-4
1.0999200E-1 -3.0431470E-4
1.1998990E-1 -2.7999390E-4
1.2996530E-1 -2.5527300E-4
1.3999750E-1 -2.2958360E-4
1.5000680E-1 -2.0394070E-4
1.5997030E-1 -1.7760760E-4
1.7000250E-1 -1.5114120E-4
1.7996600E-1 -1.2366570E-4
1.8999810E-1 -9.5243920E-5
1.9996210E-1 -6.6324370E-5
2.0999430E-1 -3.6285040E-5
2.2001700E-1 -5.2544710E-6
2.2991280E-1 2.7450650E-5
2.3995640E-1 6.1885240E-5
2.4991990E-1 9.8922450E-5
2.5992920E-1 1.3945810E-4
2.6995040E-1 1.8494580E-4
2.7995970E-1 2.3706770E-4
2.8996900E-1 2.9747050E-4
2.9996680E-1 3.6965710E-4
3.0996510E-1 4.5906100E-4
3.1994010E-1 5.7134800E-4
3.2994940E-1 7.1773910E-4
3.3993630E-1 9.0381900E-4
3.4995700E-1 1.1449290E-3
3.5996630E-1 1.4660820E-3
3.6994170E-1 1.8823910E-3
3.7998530E-1 2.4252610E-3
3.8996030E-1 3.1089470E-3
3.9995810E-1 3.9572080E-3
4.1000180E-1 5.0146100E-3
4.1992000E-1 6.2792380E-3
4.2997500E-1 7.8053900E-3
4.3993900E-1 9.5315280E-3
4.4994830E-1 1.1499150E-2
4.5995760E-1 1.3710450E-2
4.7001270E-1 1.6115810E-2
4.8001050E-1 1.8690350E-2
4.9000880E-1 2.1506460E-2
