-9.0045450E-2 -7.4526690E-4
-5.9960840E-2 -6.9456090E-4
-3.0001640E-2 -6.4132650E-4
-3.5375360E-5 -5.8656700E-4
1.0006340E-2 -5.6767990E-4
1.9993840E-2 -5.4778370E-4
2.9951570E-2 -5.2748730E-4
4.0006640E-2 -5.0699960E-4
4.9947260E-2 -4.8578710E-4
6.0059550E-2 -4.6481230E-4
6.9977760E-2 -4.4275310E-4
7.9998490E-2 -4.2036330E-4
9.0019230E-2 -3.9713850E-4
9.9994180E-2 -3.7381510E-4
1.0998060E-1 -3.4991760E-4
1.2002420E-1 -3.2597950E-4
1.2995390E-1 -3.0113100E-4
1.3999750E-1 -2.7583030E-4
1.4999530E-1 -2.4995530E-4
1.5998170E-1 -2.2395860E-4
1.7000250E-1 -1.9736460E-4
1.7997740E-1 -1.7032990E-4
1.8998670E-1 -1.4214120E-4
1.9993930E-1 -1.1338990E-4
2.0996000E-1 -8.3510840E-5
2.1999450E-1 -5.2731540E-5
2.2993520E-1 -2.0646330E-5
2.3999020E-1 1.2761710E-5
2.4994280E-1 4.9098410E-5
2.5994060E-1 8.8434910E-5
2.6995040E-1 1.3302690E-4
2.7995970E-1 1.8166350E-4
2.8995750E-1 2.3909730E-4
2.9996680E-1 3.0692290E-4
3.0995370E-1 3.9084670E-4
3.1995150E-1 4.9361750E-4
3.2993790E-1 6.2345830E-4
3.3995910E-1 7.8704950E-4
3.4994550E-1 1.0015850E-3
3.5994340E-1 1.2784430E-3
3.7000990E-1 1.6428870E-3
3.7985990E-1 2.0901970E-3
3.8996030E-1 2.6595500E-3
3.9987850E-1 3.3644460E-3
4.1002460E-1 4.2419140E-3
4.1985180E-1 5.2574740E-3
4.3004370E-1 6.4707600E-3
4.3991610E-1 7.8004650E-3
4.4995980E-1 9.3499720E-3
4.5996900E-1 1.1044960E-2
4.7000120E-1 1.2892440E-2
4.8001050E-1 1.4870260E-2
4.9000880E-1 1.7016080E-2
5.0002960E-1 1.9229700E-2
5.0998210E-1 2.1555130E-2
