-9.0044980E-2 -7.8112710E-4
-5.9971810E-2 -7.3038100E-4
-2.9978750E-2 -6.7734420E-4
5.8412550E-6 -6.2273590E-4
1.0000350E-2 -6.0358210E-4
2.0004270E-2 -5.8383690E-4
2.9997350E-2 -5.6348280E-4
3.9983750E-2 -5.4277480E-4
5.0004480E-2 -5.2189870E-4
5.9967990E-2 -5.0054720E-4
6.9988730E-2 -4.7878400E-4
8.0043320E-2 -4.5619140E-4
8.9995860E-2 -4.3325670E-4
1.0001660E-1 -4.0975960E-4
1.0999160E-1 -3.8610590E-4
1.2000080E-1 -3.6205780E-4
1.2998720E-1 -3.3730230E-4
1.4007620E-1 -3.1222210E-4
1.4993720E-1 -2.8619080E-4
1.6008330E-1 -2.5998540E-4
1.6991000E-1 -2.3328150E-4
1.8002180E-1 -2.0629340E-4
1.8998580E-1 -1.7845880E-4
1.9997220E-1 -1.4963230E-4
2.1007250E-1 -1.2017970E-4
2.1999260E-1 -8.9113080E-5
2.2996810E-1 -5.7394050E-5
2.3997740E-1 -2.4120890E-5
2.4991800E-1 1.1630230E-5
2.5991630E-1 5.0387690E-5
2.6991420E-1 9.3875390E-5
2.7994630E-1 1.4246650E-4
2.8995560E-1 1.9780060E-4
2.9995350E-1 2.6450070E-4
3.0993990E-1 3.4454440E-4
3.1994920E-1 4.4381180E-4
3.2996990E-1 5.6820040E-4
3.3993390E-1 7.2342810E-4
3.4995410E-1 9.2690340E-4
3.5997490E-1 1.1938870E-3
3.6993890E-1 1.5285410E-3
3.7997100E-1 1.9603170E-3
3.8994600E-1 2.5010970E-3
3.9994380E-1 3.1847190E-3
4.0997600E-1 4.0209780E-3
4.1996240E-1 5.0147440E-3
4.3000600E-1 6.1851370E-3
4.3997000E-1 7.4961710E-3
4.4996790E-1 9.0008120E-3
4.5986320E-1 1.0696130E-2
4.6999790E-1 1.2483330E-2
4.7999570E-1 1.4435070E-2
4.9000500E-1 1.6555400E-2
5.0001430E-1 1.8748720E-2
5.0997780E-1 2.1052670E-2
