3.529E-5 -2.370E-4
8.516E-3 -2.356E-4
1.851E-2 -2.338E-4
2.844E-2 -2.323E-4
3.831E-2 -2.305E-4
4.816E-2 -2.289E-4
5.929E-2 -2.266E-4
6.923E-2 -2.247E-4
7.895E-2 -2.228E-4
8.852E-2 -2.205E-4
9.859E-2 -2.185E-4
1.097E-1 -2.158E-4
1.193E-1 -2.132E-4
1.290E-1 -2.111E-4
1.391E-1 -2.082E-4
1.491E-1 -2.052E-4
1.603E-1 -2.018E-4
1.699E-1 -1.990E-4
1.800E-1 -1.951E-4
1.898E-1 -1.912E-4
1.994E-1 -1.876E-4
2.095E-1 -1.831E-4
2.205E-1 -1.783E-4
2.303E-1 -1.731E-4
2.401E-1 -1.680E-4
2.499E-1 -1.632E-4
2.598E-1 -1.568E-4
2.709E-1 -1.504E-4
2.809E-1 -1.449E-4
2.909E-1 -1.376E-4
3.005E-1 -1.300E-4
3.105E-1 -1.231E-4
3.212E-1 -1.140E-4
3.311E-1 -1.055E-4
3.413E-1 -9.739E-5
3.508E-1 -8.814E-5
3.609E-1 -7.964E-5
3.720E-1 -6.827E-5
3.817E-1 -5.760E-5
3.917E-1 -4.714E-5
4.014E-1 -3.567E-5
4.209E-1 -1.197E-5
4.420E-1 1.338E-5
4.621E-1 4.160E-5
4.829E-1 7.345E-5
5.028E-1 1.044E-4
5.532E-1 1.955E-4
6.036E-1 2.951E-4
6.539E-1 4.038E-4
7.044E-1 5.067E-4
7.547E-1 6.117E-4
8.051E-1 7.122E-4
8.558E-1 8.070E-4
9.061E-1 9.002E-4
9.566E-1 9.882E-4
1.006E+0 1.071E-3
