-1.594E-9 -2.427E-4
8.905E-3 -2.411E-4
1.861E-2 -2.394E-4
2.841E-2 -2.379E-4
3.842E-2 -2.359E-4
4.812E-2 -2.341E-4
5.925E-2 -2.320E-4
6.902E-2 -2.301E-4
7.887E-2 -2.279E-4
8.874E-2 -2.256E-4
9.858E-2 -2.235E-4
1.097E-1 -2.207E-4
1.196E-1 -2.179E-4
1.292E-1 -2.153E-4
1.392E-1 -2.125E-4
1.491E-1 -2.094E-4
1.603E-1 -2.060E-4
1.701E-1 -2.026E-4
1.800E-1 -1.990E-4
1.898E-1 -1.949E-4
1.996E-1 -1.906E-4
2.093E-1 -1.864E-4
2.205E-1 -1.806E-4
2.305E-1 -1.756E-4
2.402E-1 -1.704E-4
2.500E-1 -1.645E-4
2.597E-1 -1.588E-4
2.710E-1 -1.516E-4
2.806E-1 -1.440E-4
2.904E-1 -1.375E-4
3.005E-1 -1.298E-4
3.106E-1 -1.230E-4
3.215E-1 -1.132E-4
3.312E-1 -1.036E-4
3.409E-1 -9.589E-5
3.509E-1 -8.582E-5
3.608E-1 -7.667E-5
3.719E-1 -6.419E-5
3.817E-1 -5.378E-5
3.914E-1 -4.341E-5
4.014E-1 -3.149E-5
4.211E-1 -5.987E-6
4.421E-1 2.229E-5
4.617E-1 5.146E-5
4.829E-1 8.341E-5
5.024E-1 1.164E-4
5.528E-1 2.097E-4
6.034E-1 3.160E-4
6.538E-1 4.210E-4
7.043E-1 5.272E-4
7.546E-1 6.302E-4
8.052E-1 7.295E-4
8.558E-1 8.227E-4
9.062E-1 9.153E-4
9.567E-1 1.002E-3
1.006E+0 1.086E-3
