-9.0054040E-2 -1.3828860E-3
-5.9947490E-2 -9.9885170E-4
-2.9989240E-2 -6.1651030E-4
-2.3841860E-6 -2.3271920E-4
1.0000110E-2 -1.0490860E-4
2.0006150E-2 2.3514080E-5
3.0018810E-2 1.5090620E-4
4.0016650E-2 2.8034840E-4
5.0002570E-2 4.0981970E-4
6.0011860E-2 5.3804970E-4
7.0020680E-2 6.6652360E-4
8.0018520E-2 7.9580910E-4
8.9993000E-2 9.2570370E-4
1.0002470E-1 1.0571590E-3
1.1001110E-1 1.1869610E-3
1.2000890E-1 1.3172270E-3
1.2998340E-1 1.4498700E-3
1.4000420E-1 1.5828010E-3
1.5001300E-1 1.7170070E-3
1.6001030E-1 1.8512720E-3
1.7000820E-1 1.9864630E-3
1.7998310E-1 2.1241460E-3
1.9000340E-1 2.2644360E-3
1.9997840E-1 2.4091880E-3
2.1001010E-1 2.5553910E-3
2.1998740E-1 2.7063430E-3
2.2996230E-1 2.8626270E-3
2.3999450E-1 3.0294580E-3
2.4993520E-1 3.2054450E-3
2.5994400E-1 3.3949330E-3
2.6995330E-1 3.6002970E-3
2.7997350E-1 3.8272780E-3
2.8997140E-1 4.0836950E-3
2.9995780E-1 4.3807920E-3
3.0997800E-1 4.7296940E-3
3.1996440E-1 5.1434970E-3
3.2993940E-1 5.6407430E-3
3.3998250E-1 6.2433390E-3
3.4995750E-1 6.9961340E-3
3.5996630E-1 7.9319850E-3
3.6995270E-1 9.1032760E-3
3.7997290E-1 1.0553940E-2
3.8994790E-1 1.2374700E-2
3.9996860E-1 1.4615480E-2
4.1000030E-1 1.7378200E-2
4.1997530E-1 2.0712690E-2
4.3000700E-1 2.4786380E-2
4.3997050E-1 2.9646200E-2
4.4996830E-1 3.5388890E-2
