0.000E+0 -0.232071864
1.000E-2 -0.232066966
2.000E-2 -0.232061978
3.000E-2 -0.232056874
4.000E-2 -0.232051616
5.000E-2 -0.232046157
6.000E-2 -0.232040423
7.000E-2 -0.232034317
8.000E-2 -0.232027699
9.000E-2 -0.232020372
1.000E-1 -0.232012061
1.100E-1 -0.232002377
1.200E-1 -0.231990769
1.300E-1 -0.23197646
1.400E-1 -0.231958352
1.500E-1 -0.231934886
1.600E-1 -0.231903853
1.700E-1 -0.231862116
1.800E-1 -0.231805217
1.900E-1 -0.231726816
2.000E-1 -0.231617888
2.100E-1 -0.231465584
2.200E-1 -0.231251598
2.300E-1 -0.230949841
2.400E-1 -0.23052312
2.500E-1 -0.229918398
2.600E-1 -0.229060029
2.700E-1 -0.227840101
2.800E-1 -0.226104646
2.900E-1 -0.223633966
3.000E-1 -0.220114531
3.100E-1 -0.215098874
3.200E-1 -0.207948342
3.300E-1 -0.197751368
3.400E-1 -0.183206844
3.500E-1 -0.16245769
3.600E-1 -0.13285344
3.700E-1 -0.0906116871
3.800E-1 -0.0303356062
3.900E-1 0.0556730808
