-9.0100290E-2 -4.1506430E-6
-5.9936520E-2 -2.7901950E-6
-3.0057910E-2 -1.4297470E-6
2.1159650E-5 2.9617710E-8
9.9648540E-3 5.1367530E-7
1.9839050E-2 9.9669570E-7
2.9984950E-2 1.4752570E-6
3.9948460E-2 2.0856240E-6
4.9968720E-2 2.6189050E-6
6.0012340E-2 3.2962180E-6
6.9941520E-2 3.8707660E-6
8.0007550E-2 4.5686830E-6
9.0050700E-2 5.1978790E-6
9.9957470E-2 6.0559940E-6
1.0988660E-1 6.9356650E-6
1.2008950E-1 8.1553210E-6
1.3000730E-1 9.3593830E-6
1.3998220E-1 1.0803710E-5
1.4996860E-1 1.2969000E-5
1.5990920E-1 1.5213750E-5
1.7000960E-1 1.8407200E-5
1.7997310E-1 2.1878980E-5
1.8993660E-1 2.7259190E-5
1.9992300E-1 3.3864690E-5
2.0997760E-1 4.4081750E-5
2.1988680E-1 5.6206640E-5
2.2987320E-1 7.0848810E-5
2.3991630E-1 9.4837060E-5
2.4992560E-1 1.2727710E-4
2.5993490E-1 1.6905250E-4
2.6995520E-1 2.2488440E-4
2.7990720E-1 3.0254900E-4
2.8998520E-1 4.0860520E-4
2.9996010E-1 5.6366230E-4
3.0996890E-1 7.4942460E-4
3.1988720E-1 1.0060960E-3
3.2995320E-1 1.3292320E-3
3.3992820E-1 1.7516150E-3
3.4997180E-1 2.3338180E-3
3.5995770E-1 3.0020160E-3
3.6996700E-1 3.8045940E-3
3.8010170E-1 4.7721490E-3
3.9004230E-1 5.9085660E-3
3.9994910E-1 7.2936960E-3
4.1001510E-1 8.6829380E-3
4.1993280E-1 1.0260400E-2
4.2987390E-1 1.2013900E-2
4.3998580E-1 1.3818460E-2
4.4997170E-1 1.5693110E-2
4.5995810E-1 1.7765310E-2
4.6996740E-1 1.9907030E-2
4.8001050E-1 2.2326830E-2
4.9001980E-1 2.4510830E-2
5.0001760E-1 2.6880220E-2
5.0996970E-1 2.9010940E-2
5.2001330E-1 3.1697210E-2
