-3.0000E-3 -2.3580E-5
1.7100E-2 2.5520E-5
3.7300E-2 7.6370E-5
5.6700E-2 1.2000E-4
7.7500E-2 1.8700E-4
9.7400E-2 2.4890E-4
1.1740E-1 3.1630E-4
1.3740E-1 3.9070E-4
1.5750E-1 4.7160E-4
1.7750E-1 5.6110E-4
1.9740E-1 6.5940E-4
2.1770E-1 7.6750E-4
2.3750E-1 8.8590E-4
2.5760E-1 1.0164E-3
2.7760E-1 1.1607E-3
2.9720E-1 1.3100E-3
3.1730E-1 1.5030E-3
3.3720E-1 1.7190E-3
3.5760E-1 1.9860E-3
3.7770E-1 2.3300E-3
3.9750E-1 2.7990E-3
4.1760E-1 3.4880E-3
4.3770E-1 4.5340E-3
4.5760E-1 6.1880E-3
4.7750E-1 8.8230E-3
4.9760E-1 1.2910E-2
5.1770E-1 1.9050E-2
5.3610E-1 2.6780E-2
