-9.0025420E-2 -1.8686880E-4
-5.9996600E-2 -1.8467670E-4
-2.9991150E-2 -1.8184100E-4
-2.9802320E-8 -1.7841940E-4
1.0031370E-2 -1.7699280E-4
2.0060450E-2 -1.7547930E-4
2.9998300E-2 -1.7383230E-4
3.9950850E-2 -1.7194180E-4
4.9994470E-2 -1.7010930E-4
5.9947490E-2 -1.6781860E-4
6.9956780E-2 -1.6550480E-4
8.0023770E-2 -1.6284290E-4
8.9964870E-2 -1.5994920E-4
9.9951740E-2 -1.5632470E-4
1.0997300E-1 -1.5225380E-4
1.2001660E-1 -1.4733020E-4
1.2998060E-1 -1.4225600E-4
1.3999030E-1 -1.3591740E-4
1.4996580E-1 -1.2905710E-4
1.5997550E-1 -1.2027730E-4
1.6998530E-1 -1.0989090E-4
1.7993780E-1 -9.6821500E-5
1.9003870E-1 -8.1044260E-5
1.9995690E-1 -6.2581430E-5
2.1003530E-1 -4.0001760E-5
2.2008130E-1 -1.2072360E-5
2.2991990E-1 2.1809480E-5
2.4003220E-1 6.5586590E-5
2.4990510E-1 1.1067530E-4
2.5989200E-1 1.7022760E-4
2.6993610E-1 2.3849050E-4
2.7992300E-1 3.2052650E-4
2.8997850E-1 4.0486480E-4
2.9993100E-1 5.0233840E-4
3.0992940E-1 6.0298990E-4
3.1999640E-1 7.2367210E-4
3.2991460E-1 8.4741040E-4
3.3991290E-1 9.8710250E-4
3.5002520E-1 1.1150630E-3
3.5994390E-1 1.2643450E-3
3.6996510E-1 1.4164670E-3
3.7998630E-1 1.5822070E-3
3.8995030E-1 1.7368790E-3
3.9996000E-1 1.9027940E-3
4.1001510E-1 2.0628550E-3
4.1993380E-1 2.2423880E-3
4.2998890E-1 2.4177490E-3
4.3990760E-1 2.6081190E-3
4.4992880E-1 2.7831890E-3
4.5996140E-1 2.9706020E-3
4.7001650E-1 3.1478180E-3
4.7995810E-1 3.3424180E-3
4.9000170E-1 3.5326150E-3
5.0000000E-1 3.7308070E-3
5.0999830E-1 3.9219870E-3
5.2001950E-1 4.1169930E-3
5.2993820E-1 4.3130420E-3
5.4000470E-1 4.5148860E-3
5.5006030E-1 4.7205560E-3
5.6000140E-1 4.9186910E-3
5.7003400E-1 5.1201280E-3
5.8000950E-1 5.3144400E-3
5.9001920E-1 5.5261920E-3
6.0006330E-1 5.7336580E-3
