0.000E+0 -0.267987949
1.000E-2 -0.267982522
2.000E-2 -0.267977062
3.000E-2 -0.267971567
4.000E-2 -0.267966034
5.000E-2 -0.267960462
6.000E-2 -0.26795485
7.000E-2 -0.267949193
8.000E-2 -0.267943491
9.000E-2 -0.267937738
1.000E-1 -0.267931928
1.100E-1 -0.267926056
1.200E-1 -0.267920111
1.300E-1 -0.267914077
1.400E-1 -0.267907935
1.500E-1 -0.267901657
1.600E-1 -0.267895199
1.700E-1 -0.267888502
1.800E-1 -0.267881477
1.900E-1 -0.267873994
2.000E-1 -0.267865862
2.100E-1 -0.2678568
2.200E-1 -0.267846391
2.300E-1 -0.267834016
2.400E-1 -0.267818763
2.500E-1 -0.267799274
2.600E-1 -0.267773529
2.700E-1 -0.267738531
2.800E-1 -0.267689818
2.900E-1 -0.267620752
3.000E-1 -0.26752145
3.100E-1 -0.267377201
3.200E-1 -0.267166094
3.300E-1 -0.266855493
3.400E-1 -0.266396779
3.500E-1 -0.265717515
3.600E-1 -0.264709763
3.700E-1 -0.263212677
3.800E-1 -0.26098655
3.900E-1 -0.25767414
4.000E-1 -0.252743009
4.100E-1 -0.245399604
4.200E-1 -0.234461202
4.300E-1 -0.218165112
4.400E-1 -0.193884435
4.500E-1 -0.157704784
4.600E-1 -0.103794285
4.700E-1 -0.0234666177
4.800E-1 0.096210802
