0.000E+0 0
1.000E-2 1.24673223E-15
2.000E-2 2.98461702E-15
3.000E-2 5.41595171E-15
4.000E-2 8.82531686E-15
5.000E-2 1.36126442E-14
6.000E-2 2.03395398E-14
7.000E-2 2.97942871E-14
8.000E-2 4.30833026E-14
9.000E-2 6.17602649E-14
1.000E-1 8.80092235E-14
1.100E-1 1.24905502E-13
1.200E-1 1.76789285E-13
1.300E-1 2.49803052E-13
1.400E-1 3.52667859E-13
1.500E-1 4.97808193E-13
1.600E-1 7.02985727E-13
1.700E-1 9.93675853E-13
1.800E-1 1.40652798E-12
1.900E-1 1.99440673E-12
2.000E-1 2.83373912E-12
2.100E-1 4.03522596E-12
2.200E-1 5.75946244E-12
2.300E-1 8.23972475E-12
2.400E-1 1.18152199E-11
2.500E-1 1.69796161E-11
2.600E-1 2.44518946E-11
2.700E-1 3.52798097E-11
2.800E-1 5.09909939E-11
2.900E-1 7.38136821E-11
3.000E-1 1.06999171E-10
3.100E-1 1.55292958E-10
3.200E-1 2.25623172E-10
3.300E-1 3.28106302E-10
3.400E-1 4.77518451E-10
3.500E-1 6.95442481E-10
3.600E-1 1.01340931E-9
3.700E-1 1.47748753E-9
3.800E-1 2.15499204E-9
3.900E-1 3.14428955E-9
4.000E-1 4.58913069E-9
4.100E-1 6.69959798E-9
4.200E-1 9.78272299E-9
4.300E-1 1.42872325E-8
4.400E-1 2.08689345E-8
4.500E-1 3.04862807E-8
