0.000E+0 0
1.000E-2 1.15994539E-15
2.000E-2 2.8385402E-15
3.000E-2 5.27164078E-15
4.000E-2 8.80217064E-15
5.000E-2 1.39286446E-14
6.000E-2 2.13756872E-14
7.000E-2 3.21965524E-14
8.000E-2 4.79222493E-14
9.000E-2 7.07786265E-14
1.000E-1 1.0400268E-13
1.100E-1 1.52303952E-13
1.200E-1 2.22538401E-13
1.300E-1 3.2469382E-13
1.400E-1 4.73332624E-13
1.500E-1 6.89706609E-13
1.600E-1 1.0048595E-12
1.700E-1 1.46418193E-12
1.800E-1 2.13410208E-12
1.900E-1 3.11191667E-12
2.000E-1 4.54023919E-12
2.100E-1 6.62823661E-12
2.200E-1 9.68284725E-12
2.300E-1 1.41546739E-11
2.400E-1 2.07054557E-11
2.500E-1 3.03072693E-11
2.600E-1 4.43883878E-11
2.700E-1 6.50477417E-11
2.800E-1 9.53702441E-11
2.900E-1 1.39890385E-10
3.000E-1 2.05273727E-10
3.100E-1 3.01326522E-10
3.200E-1 4.4239791E-10
3.300E-1 6.49724057E-10
3.400E-1 9.54377881E-10
3.500E-1 1.40204099E-9
3.600E-1 2.0597726E-9
3.700E-1 3.02592676E-9
3.800E-1 4.44456692E-9
3.900E-1 6.5262965E-9
4.000E-1 9.57810171E-9
4.100E-1 1.40455722E-8
4.200E-1 2.05714243E-8
4.300E-1 3.00771515E-8
4.400E-1 4.38538314E-8
4.500E-1 6.36889697E-8
