0.000E+0 -0.186378105
1.000E-2 -0.186361581
2.000E-2 -0.186344704
3.000E-2 -0.186327373
4.000E-2 -0.18630945
5.000E-2 -0.186290741
6.000E-2 -0.186270974
7.000E-2 -0.18624977
8.000E-2 -0.186226592
9.000E-2 -0.186200686
1.000E-1 -0.186170991
1.100E-1 -0.186136008
1.200E-1 -0.186093621
1.300E-1 -0.186040836
1.400E-1 -0.185973411
1.500E-1 -0.185885328
1.600E-1 -0.185768036
1.700E-1 -0.185609368
1.800E-1 -0.185391986
1.900E-1 -0.185091162
2.000E-1 -0.184671587
2.100E-1 -0.184082803
2.200E-1 -0.183252651
2.300E-1 -0.182077884
2.400E-1 -0.180410697
2.500E-1 -0.178039425
2.600E-1 -0.174660866
2.700E-1 -0.169840615
2.800E-1 -0.162956228
2.900E-1 -0.153115829
3.000E-1 -0.139041652
3.100E-1 -0.118903607
3.200E-1 -0.090081855
3.300E-1 -0.048828988
3.400E-1 0.0102088363
