-8.9985370E-2 -4.0990070E-6
-5.9981820E-2 -2.7810440E-6
-2.9977800E-2 -1.3693210E-6
-1.2606380E-4 -4.5664450E-9
1.0069610E-2 4.7842220E-7
1.9949620E-2 9.5432870E-7
3.0030250E-2 1.4490000E-6
4.0005210E-2 1.9950170E-6
4.9934390E-2 2.4626790E-6
5.9897900E-2 3.0389980E-6
6.9952490E-2 3.5968700E-6
7.9984190E-2 4.2898350E-6
8.9993000E-2 4.9389960E-6
1.0009340E-1 5.7069570E-6
1.0995440E-1 6.5153650E-6
1.1997460E-1 7.5145250E-6
1.2991520E-1 8.7029840E-6
1.4001510E-1 1.0178560E-5
1.5000150E-1 1.1897850E-5
1.6001030E-1 1.4097920E-5
1.6994000E-1 1.7222920E-5
1.8001700E-1 2.0924900E-5
1.9002630E-1 2.5931610E-5
1.9995550E-1 3.2339900E-5
2.1001010E-1 4.1350140E-5
2.2001030E-1 5.4716450E-5
2.2990560E-1 7.0134960E-5
2.3998310E-1 9.2822330E-5
2.4993520E-1 1.2167430E-4
2.5989870E-1 1.6542660E-4
2.7001000E-1 2.2028970E-4
2.7996210E-1 2.9585460E-4
2.8992560E-1 3.8788260E-4
2.9992340E-1 5.3192630E-4
3.0996660E-1 7.1228230E-4
3.1997590E-1 9.8125100E-4
3.2999610E-1 1.2731290E-3
3.3995960E-1 1.6562770E-3
3.4997990E-1 2.1500480E-3
3.5997770E-1 2.7791840E-3
3.6997560E-1 3.4838820E-3
3.7999580E-1 4.3121820E-3
3.8995930E-1 5.1866680E-3
3.9995720E-1 6.2991420E-3
4.1000030E-1 7.4702590E-3
4.1995240E-1 8.8855100E-3
4.2998410E-1 1.0168470E-2
4.3994760E-1 1.1636090E-2
4.4994540E-1 1.3159080E-2
4.5994330E-1 1.4754500E-2
4.7004320E-1 1.6297210E-2
4.7997280E-1 1.8101750E-2
4.8999310E-1 1.9879060E-2
5.0005910E-1 2.1891580E-2
5.0999980E-1 2.3631830E-2
5.2002050E-1 2.5558020E-2
5.2997260E-1 2.7263510E-2
5.4000430E-1 2.9371040E-2
5.5003600E-1 3.1320990E-2
