-9.0054040E-2 -4.1305780E-6
-5.9992790E-2 -2.7959410E-6
-3.0057430E-2 -1.4207330E-6
1.4126300E-5 -1.0374310E-8
1.0099050E-2 4.5838740E-7
1.9911920E-2 9.4190110E-7
2.9939170E-2 1.4316940E-6
3.9959430E-2 1.9597700E-6
5.0002570E-2 2.5724780E-6
6.0011860E-2 3.0545940E-6
6.9986340E-2 3.6448600E-6
7.9961300E-2 4.1829530E-6
8.9959140E-2 4.9027350E-6
9.9967960E-2 5.6307580E-6
1.0999970E-1 6.5937200E-6
1.2011150E-1 7.4968390E-6
1.2992670E-1 8.7432380E-6
1.3996980E-1 9.9500790E-6
1.5004730E-1 1.1876970E-5
1.6002180E-1 1.4134460E-5
1.7007640E-1 1.6633760E-5
1.7999460E-1 2.0509120E-5
1.8995760E-1 2.5219520E-5
1.9994400E-1 3.2558530E-5
2.0997570E-1 4.0845070E-5
2.1994210E-1 5.1852990E-5
2.2991700E-1 6.8065360E-5
2.4002840E-1 8.9523380E-5
2.4993520E-1 1.1979530E-4
2.5996690E-1 1.6034670E-4
2.6995330E-1 2.1146380E-4
2.7995060E-1 2.8625150E-4
2.8989120E-1 3.8697780E-4
2.9996870E-1 5.2372670E-4
3.0995510E-1 7.0155440E-4
3.1997590E-1 9.2608640E-4
3.2995030E-1 1.2243950E-3
3.3995960E-1 1.6490350E-3
3.4984350E-1 2.1271000E-3
3.6012600E-1 2.7159040E-3
3.6983870E-1 3.3869350E-3
3.8006450E-1 4.2220170E-3
3.8979960E-1 5.1737450E-3
3.9998010E-1 6.2647220E-3
4.0992070E-1 7.4055900E-3
4.1999820E-1 8.6274710E-3
4.2997260E-1 1.0005050E-2
4.3997050E-1 1.1524860E-2
4.4994540E-1 1.2967330E-2
4.5995430E-1 1.4590560E-2
4.6997500E-1 1.6272870E-2
4.8010920E-1 1.8016010E-2
4.8995880E-1 1.9776520E-2
4.9997950E-1 2.1458250E-2
5.0999980E-1 2.3372290E-2
5.2003190E-1 2.5274740E-2
5.2992680E-1 2.7396170E-2
5.4009530E-1 2.9237790E-2
5.5000210E-1 3.1225400E-2
