-9.0078350E-2 -4.6059790E-6
-5.9982780E-2 -3.1764210E-6
-3.0069350E-2 -1.6037770E-6
-1.8140670E-4 -2.7914240E-9
9.9461080E-3 5.1288250E-7
1.9997060E-2 1.1060550E-6
3.0054090E-2 1.6135360E-6
3.9926530E-2 2.2852750E-6
5.0004010E-2 2.8974230E-6
6.0035710E-2 3.6427010E-6
6.9885250E-2 4.2932660E-6
8.0008510E-2 5.0757590E-6
8.9949610E-2 5.7992290E-6
9.9936010E-2 6.7677230E-6
1.0992190E-1 7.7618300E-6
1.2002230E-1 9.1098100E-6
1.3000870E-1 1.0457010E-5
1.3998370E-1 1.2106220E-5
1.5005020E-1 1.4477980E-5
1.5996790E-1 1.6995300E-5
1.7001150E-1 2.0507130E-5
1.7996360E-1 2.4439970E-5
1.9000670E-1 3.0380380E-5
1.9994780E-1 3.7781570E-5
2.0999100E-1 4.8786780E-5
2.1993400E-1 6.2297130E-5
2.2992040E-1 7.8628070E-5
2.3998690E-1 1.0556100E-4
2.4996190E-1 1.4066790E-4
2.5992540E-1 1.8683910E-4
2.6991180E-1 2.4671920E-4
2.7990960E-1 3.3432380E-4
2.8995320E-1 4.5117880E-4
2.9998540E-1 6.2532120E-4
3.0991460E-1 8.2589550E-4
3.1993530E-1 1.0915980E-3
3.2998990E-1 1.4632210E-3
3.3993100E-1 1.9375270E-3
3.4998560E-1 2.5421030E-3
3.5993810E-1 3.2674430E-3
3.6993600E-1 4.0978440E-3
3.7999060E-1 5.1795650E-3
3.8996550E-1 6.3974090E-3
4.0002060E-1 7.9240000E-3
4.0998410E-1 9.3787950E-3
4.1993620E-1 1.1076660E-2
4.3003700E-1 1.2952480E-2
4.3998910E-1 1.4921590E-2
4.5000980E-1 1.6873880E-2
4.5987080E-1 1.9198690E-2
4.6998260E-1 2.1528120E-2
4.8001480E-1 2.4220790E-2
4.9000120E-1 2.6558920E-2
5.0003290E-1 2.9179750E-2
5.0995110E-1 3.1526570E-2
