0.000E+0 0
1.000E-2 1.25151831E-13
2.000E-2 3.01278655E-13
3.000E-2 5.49246201E-13
4.000E-2 8.98460233E-13
5.000E-2 1.39036179E-12
6.000E-2 2.08335366E-12
7.000E-2 3.0597449E-12
8.000E-2 4.43554166E-12
9.000E-2 6.37425304E-12
1.000E-1 9.1063628E-12
1.100E-1 1.29567979E-11
1.200E-1 1.83836874E-11
1.300E-1 2.60330649E-11
1.400E-1 3.68160912E-11
1.500E-1 5.2018086E-11
1.600E-1 7.34525032E-11
1.700E-1 1.03678406E-10
1.800E-1 1.46307633E-10
1.900E-1 2.06438726E-10
2.000E-1 2.91269893E-10
2.100E-1 4.10964924E-10
2.200E-1 5.79876487E-10
2.300E-1 8.18274078E-10
2.400E-1 1.15478524E-9
2.500E-1 1.62984342E-9
2.600E-1 2.30055831E-9
2.700E-1 3.24759377E-9
2.800E-1 4.58487992E-9
2.900E-1 6.47332352E-9
3.000E-1 9.14015594E-9
3.100E-1 1.29062236E-8
3.200E-1 1.82244531E-8
3.300E-1 2.57340125E-8
3.400E-1 3.63364628E-8
3.500E-1 5.13026104E-8
3.600E-1 7.24219997E-8
3.700E-1 1.02211196E-7
3.800E-1 1.44202262E-7
3.900E-1 2.03330298E-7
4.000E-1 2.86525303E-7
4.100E-1 4.03267546E-7
4.200E-1 5.66778081E-7
4.300E-1 7.94998729E-7
4.400E-1 1.11181729E-6
4.500E-1 1.54883574E-6
4.600E-1 2.14605627E-6
4.700E-1 2.95263004E-6
4.800E-1 4.02492702E-6
4.900E-1 5.42385682E-6
5.000E-1 7.20755551E-6
5.100E-1 9.42457758E-6
5.200E-1 1.21184113E-5
5.300E-1 1.53281555E-5
5.400E-1 1.91198657E-5
5.500E-1 2.36234918E-5
5.600E-1 2.90862254E-5
5.700E-1 3.59182323E-5
5.800E-1 4.47463877E-5
5.900E-1 5.64749078E-5
6.000E-1 7.23602381E-5
6.100E-1 9.4135647E-5
6.200E-1 0.000124198667
