0.000E+0 0
1.000E-2 2.74113562E-13
2.000E-2 6.59999389E-13
3.000E-2 1.20339241E-12
4.000E-2 1.9687396E-12
5.000E-2 3.04685634E-12
6.000E-2 4.56571887E-12
7.000E-2 6.7056801E-12
8.000E-2 9.72092698E-12
9.000E-2 1.39697474E-11
1.000E-1 1.99572345E-11
1.100E-1 2.83955558E-11
1.200E-1 4.0289031E-11
1.300E-1 5.70542592E-11
1.400E-1 8.06897611E-11
1.500E-1 1.14015583E-10
1.600E-1 1.61011747E-10
1.700E-1 2.27296357E-10
1.800E-1 3.20801018E-10
1.900E-1 4.5272504E-10
2.000E-1 6.38883498E-10
2.100E-1 9.01611794E-10
2.200E-1 1.27245645E-9
2.300E-1 1.79597677E-9
2.400E-1 2.53511615E-9
2.500E-1 3.57879102E-9
2.600E-1 5.05261328E-9
2.700E-1 7.13404005E-9
2.800E-1 1.0073779E-8
2.900E-1 1.42260315E-8
3.000E-1 2.00912239E-8
3.100E-1 2.8376379E-8
3.200E-1 4.00804119E-8
3.300E-1 5.66146299E-8
3.400E-1 7.99729583E-8
3.500E-1 1.12972385E-7
3.600E-1 1.59592546E-7
3.700E-1 2.2545523E-7
3.800E-1 3.18385787E-7
3.900E-1 4.49782566E-7
4.000E-1 6.35394578E-7
4.100E-1 8.97570475E-7
4.200E-1 1.26784983E-6
4.300E-1 1.79072382E-6
4.400E-1 2.52892111E-6
4.500E-1 3.57081384E-6
