-9.0018750E-2 -4.2159970E-6
-5.9992310E-2 -2.9080620E-6
-3.0057430E-2 -1.4607870E-6
-7.1614980E-4 -1.8157750E-8
1.0225000E-2 5.1638340E-7
1.9843430E-2 9.9977210E-7
2.9996400E-2 1.4735850E-6
3.9970870E-2 2.0784920E-6
5.0002570E-2 2.6170240E-6
6.0034280E-2 3.1988550E-6
7.0054530E-2 3.7962800E-6
7.9949860E-2 4.4463210E-6
8.9993000E-2 5.1733880E-6
9.9922180E-2 5.9544650E-6
1.0998770E-1 6.8618880E-6
1.1993980E-1 7.8048090E-6
1.3002870E-1 9.0524680E-6
1.3995740E-1 1.0597080E-5
1.5002350E-1 1.2343680E-5
1.5996410E-1 1.4640580E-5
1.7003010E-1 1.7535920E-5
1.8000460E-1 2.1622910E-5
1.8999100E-1 2.6430110E-5
1.9997690E-1 3.3014630E-5
2.0995190E-1 4.0939820E-5
2.1991730E-1 5.3353300E-5
2.2983500E-1 6.8885350E-5
2.3998070E-1 9.2852900E-5
2.4995570E-1 1.1818230E-4
2.5985050E-1 1.6042080E-4
2.6995090E-1 2.1405400E-4
2.7988000E-1 2.9808470E-4
2.9000280E-1 3.9337090E-4
3.0001210E-1 5.3396890E-4
3.0990700E-1 6.9391170E-4
3.2003020E-1 9.4193870E-4
3.3010720E-1 1.2676120E-3
3.3995680E-1 1.6682000E-3
3.5002280E-1 2.1081340E-3
3.5990620E-1 2.7468240E-3
3.6993840E-1 3.4668740E-3
3.7999300E-1 4.4229980E-3
3.8995600E-1 5.3591900E-3
4.0002200E-1 6.4913000E-3
4.0991740E-1 7.6046920E-3
4.1991470E-1 8.9847000E-3
4.2978720E-1 1.0421380E-2
4.3996720E-1 1.1975470E-2
4.4997600E-1 1.3559280E-2
4.6003060E-1 1.5459390E-2
4.7002790E-1 1.7135900E-2
4.8002580E-1 1.9002990E-2
4.9002310E-1 2.0714250E-2
5.0000950E-1 2.2725600E-2
5.0996160E-1 2.4701030E-2
5.1990220E-1 2.6837500E-2
5.2996830E-1 2.8870850E-2
5.4003380E-1 3.0940130E-2
