0.000E+0 0
1.000E-2 3.16518791E-15
2.000E-2 7.72067387E-15
3.000E-2 1.42839487E-14
4.000E-2 2.3746767E-14
5.000E-2 3.73970402E-14
6.000E-2 5.70950218E-14
7.000E-2 8.55280745E-14
8.000E-2 1.26579258E-13
9.000E-2 1.85860875E-13
1.000E-1 2.71487274E-13
1.100E-1 3.95194838E-13
1.200E-1 5.73966049E-13
1.300E-1 8.32385654E-13
1.400E-1 1.2060603E-12
1.500E-1 1.74658323E-12
1.600E-1 2.52874352E-12
1.700E-1 3.66099624E-12
1.800E-1 5.30033366E-12
1.900E-1 7.67773897E-12
2.000E-1 1.11226102E-11
2.100E-1 1.61112825E-11
2.200E-1 2.33491953E-11
2.300E-1 3.38480489E-11
2.400E-1 4.90807349E-11
2.500E-1 7.1186432E-11
2.600E-1 1.03272231E-10
2.700E-1 1.49851354E-10
2.800E-1 2.17479832E-10
2.900E-1 3.15681525E-10
3.000E-1 4.58292108E-10
3.100E-1 6.65411801E-10
3.200E-1 9.66242514E-10
3.300E-1 1.40321018E-9
3.400E-1 2.03795426E-9
3.500E-1 2.96003043E-9
3.600E-1 4.29955513E-9
3.700E-1 6.24557817E-9
3.800E-1 9.07277773E-9
3.900E-1 1.31802473E-8
4.000E-1 1.91478544E-8
4.100E-1 2.78181261E-8
4.200E-1 4.04152302E-8
4.300E-1 5.87178514E-8
4.400E-1 8.53103754E-8
4.500E-1 1.2394785E-7
