0.000E+0 0
1.000E-2 1.24928822E-14
2.000E-2 3.07372801E-14
3.000E-2 5.73843334E-14
4.000E-2 9.63071935E-14
5.000E-2 1.53164294E-13
6.000E-2 2.36222275E-13
7.000E-2 3.57558289E-13
8.000E-2 5.34816634E-13
9.000E-2 7.93775393E-13
1.000E-1 1.17209674E-12
1.100E-1 1.72480704E-12
1.200E-1 2.53230501E-12
1.300E-1 3.7120646E-12
1.400E-1 5.43573817E-12
1.500E-1 7.95415252E-12
1.600E-1 1.16338414E-11
1.700E-1 1.701044E-11
1.800E-1 2.48667249E-11
1.900E-1 3.63466758E-11
2.000E-1 5.31221875E-11
2.100E-1 7.76367332E-11
2.200E-1 1.13461501E-10
2.300E-1 1.65815916E-10
2.400E-1 2.42328429E-10
2.500E-1 3.54148471E-10
2.600E-1 5.17571661E-10
2.700E-1 7.56415167E-10
2.800E-1 1.10548947E-9
2.900E-1 1.61567254E-9
3.000E-1 2.36132609E-9
3.100E-1 3.45113472E-9
3.200E-1 5.04394784E-9
3.300E-1 7.37193299E-9
3.400E-1 1.07744149E-8
3.500E-1 1.5747331E-8
3.600E-1 2.30155104E-8
3.700E-1 3.3638305E-8
3.800E-1 4.91639627E-8
3.900E-1 7.18552244E-8
4.000E-1 1.05018993E-7
4.100E-1 1.53488058E-7
4.200E-1 2.24324946E-7
4.300E-1 3.27850212E-7
4.400E-1 4.79144436E-7
4.500E-1 7.0024163E-7
