6.466E-4 -2.352E-4
1.040E-2 -2.336E-4
2.025E-2 -2.317E-4
3.007E-2 -2.302E-4
3.983E-2 -2.282E-4
4.961E-2 -2.265E-4
6.056E-2 -2.245E-4
7.056E-2 -2.223E-4
8.044E-2 -2.203E-4
9.009E-2 -2.185E-4
1.001E-1 -2.164E-4
1.111E-1 -2.141E-4
1.210E-1 -2.117E-4
1.308E-1 -2.093E-4
1.406E-1 -2.068E-4
1.504E-1 -2.043E-4
1.617E-1 -2.014E-4
1.714E-1 -1.984E-4
1.812E-1 -1.952E-4
1.911E-1 -1.922E-4
2.007E-1 -1.887E-4
2.108E-1 -1.854E-4
2.217E-1 -1.811E-4
2.317E-1 -1.769E-4
2.413E-1 -1.727E-4
2.511E-1 -1.679E-4
2.610E-1 -1.627E-4
2.721E-1 -1.573E-4
2.818E-1 -1.517E-4
2.916E-1 -1.458E-4
3.016E-1 -1.399E-4
3.115E-1 -1.340E-4
3.226E-1 -1.268E-4
3.322E-1 -1.196E-4
3.422E-1 -1.126E-4
3.520E-1 -1.062E-4
3.619E-1 -9.850E-5
3.730E-1 -8.980E-5
3.826E-1 -8.155E-5
3.928E-1 -7.415E-5
4.024E-1 -6.595E-5
4.221E-1 -4.945E-5
4.430E-1 -3.119E-5
4.626E-1 -1.554E-5
4.834E-1 2.264E-6
5.031E-1 1.776E-5
5.536E-1 5.418E-5
6.041E-1 8.608E-5
6.544E-1 1.149E-4
7.046E-1 1.416E-4
7.549E-1 1.669E-4
8.054E-1 1.913E-4
8.559E-1 2.140E-4
9.061E-1 2.350E-4
9.564E-1 2.557E-4
1.006E+0 2.749E-4
