0.000E+0 -37.4103071
1.000E-2 -37.4101602
2.000E-2 -37.4100131
3.000E-2 -37.4098646
4.000E-2 -37.4097148
5.000E-2 -37.4095634
6.000E-2 -37.4094103
7.000E-2 -37.4092552
8.000E-2 -37.4090979
9.000E-2 -37.4089378
1.000E-1 -37.4086807
1.100E-1 -37.4085131
1.200E-1 -37.4083401
1.300E-1 -37.4081603
1.400E-1 -37.4079712
1.500E-1 -37.4077699
1.600E-1 -37.4075519
1.700E-1 -37.407311
1.800E-1 -37.4070386
1.900E-1 -37.4067225
2.000E-1 -37.4063459
2.100E-1 -37.4058847
2.200E-1 -37.4053054
2.300E-1 -37.4045608
2.400E-1 -37.4035847
2.500E-1 -37.4022838
2.600E-1 -37.4005272
2.700E-1 -37.3981308
2.800E-1 -37.3948361
2.900E-1 -37.3902793
3.000E-1 -37.3839493
3.100E-1 -37.3751276
3.200E-1 -37.362804
3.300E-1 -37.3455588
3.400E-1 -37.3213964
3.500E-1 -37.2875116
3.600E-1 -37.2399621
3.700E-1 -37.1732074
3.800E-1 -37.0794623
3.900E-1 -36.9477902
4.000E-1 -36.7628307
4.100E-1 -36.5030196
4.200E-1 -36.1380997
4.300E-1 -35.6256501
4.400E-1 -34.9062613
4.500E-1 -33.8968596
4.600E-1 -32.4815291
4.700E-1 -30.499011
4.800E-1 -27.7258942
4.900E-1 -23.8544266
5.000E-1 -18.4639926
5.100E-1 -10.9858339
5.200E-1 -0.661849954
5.300E-1 13.499396
