0.000E+0 -33.0316249
1.000E-2 -33.031233
2.000E-2 -33.0308389
3.000E-2 -33.0304425
4.000E-2 -33.0300437
5.000E-2 -33.0296424
6.000E-2 -33.0292385
7.000E-2 -33.028832
8.000E-2 -33.0284229
9.000E-2 -33.0280109
1.000E-1 -33.0275961
1.100E-1 -33.0271783
1.200E-1 -33.0267574
1.300E-1 -33.0263332
1.400E-1 -33.0259055
1.500E-1 -33.0254742
1.600E-1 -33.0250388
1.700E-1 -33.0245989
1.800E-1 -33.0241541
1.900E-1 -33.0237034
2.000E-1 -33.0232458
2.100E-1 -33.0227797
2.200E-1 -33.0223029
2.300E-1 -33.0218123
2.400E-1 -33.0213034
2.500E-1 -33.0207696
2.600E-1 -33.0202017
2.700E-1 -33.019586
2.800E-1 -33.0189031
2.900E-1 -33.0181246
3.000E-1 -33.0172093
3.100E-1 -33.0160978
3.200E-1 -33.0147036
3.300E-1 -33.0129013
3.400E-1 -33.0105086
3.500E-1 -33.0072613
3.600E-1 -33.0027752
3.700E-1 -32.9964928
3.800E-1 -32.987604
3.900E-1 -32.9749326
4.000E-1 -32.9567696
4.100E-1 -32.9306335
4.200E-1 -32.8929195
4.300E-1 -32.8383929
4.400E-1 -32.7594525
4.500E-1 -32.6450632
4.600E-1 -32.4792098
4.700E-1 -32.2386605
4.800E-1 -31.8897386
4.900E-1 -31.3836747
5.000E-1 -30.6499462
5.100E-1 -29.5867865
5.200E-1 -28.0477837
5.300E-1 -25.8231928
5.400E-1 -22.614349
5.500E-1 -17.9995375
5.600E-1 -11.3901128
5.700E-1 -1.97714826
5.800E-1 11.3293641
