-9.0098860E-2 -4.1630010E-6
-6.0026650E-2 -2.8161410E-6
-3.0034540E-2 -1.4235760E-6
-1.8143650E-4 -6.8963860E-10
9.8021330E-3 4.4388370E-7
2.0087240E-2 9.2558890E-7
3.0041690E-2 1.4706060E-6
3.9936540E-2 1.9991220E-6
4.9991130E-2 2.5203460E-6
5.9942720E-2 3.1021770E-6
6.9894790E-2 3.6703790E-6
7.9995160E-2 4.3078690E-6
8.9935300E-2 4.9121410E-6
1.0001280E-1 5.7204140E-6
1.0994200E-1 6.5706550E-6
1.1999650E-1 7.6967240E-6
1.2993720E-1 8.7635180E-6
1.3992310E-1 1.0172830E-5
1.4992050E-1 1.1949380E-5
1.6018060E-1 1.4047950E-5
1.6981320E-1 1.6765840E-5
1.8006130E-1 1.9805560E-5
1.8996760E-1 2.4606970E-5
1.9996550E-1 3.0370390E-5
2.1003100E-1 3.9173540E-5
2.2000890E-1 4.8419130E-5
2.3001770E-1 6.1552200E-5
2.3993540E-1 7.6993790E-5
2.4992180E-1 9.7978470E-5
2.6002170E-1 1.2501910E-4
2.6997380E-1 1.5829850E-4
2.7991440E-1 1.9102710E-4
2.8996900E-1 2.3836290E-4
2.9990960E-1 2.8839500E-4
3.1001000E-1 3.5373610E-4
3.1991620E-1 4.1600950E-4
3.3003900E-1 4.8798440E-4
3.3995680E-1 5.5977960E-4
3.4992030E-1 6.4271990E-4
3.5994050E-1 7.3092570E-4
3.6993840E-1 8.2252940E-4
3.7999300E-1 9.1659210E-4
3.8991070E-1 1.0070590E-3
3.9995380E-1 1.1071580E-3
4.1000840E-1 1.2224150E-3
4.1994910E-1 1.3224310E-3
4.2998080E-1 1.4322420E-3
4.3992140E-1 1.5359090E-3
4.4996450E-1 1.6480950E-3
4.5996240E-1 1.7683340E-3
4.6993680E-1 1.8787240E-3
4.8001430E-1 1.9929950E-3
4.8996640E-1 2.0951550E-3
4.9998660E-1 2.2214200E-3
5.0999590E-1 2.3387060E-3
5.2001620E-1 2.4731420E-3
5.2994540E-1 2.5869500E-3
5.4003430E-1 2.7088130E-3
5.5002020E-1 2.8103370E-3
5.5999520E-1 2.9444820E-3
5.7003830E-1 3.0635650E-3
5.8002470E-1 3.2039120E-3
5.9003350E-1 3.3163880E-3
6.0001990E-1 3.4431740E-3
