-9.0065000E-2 -3.8268100E-4
-5.9992790E-2 -2.5651150E-4
-3.0000690E-2 -1.2916490E-4
3.8832430E-5 -1.4149610E-9
9.9800830E-3 4.3295060E-5
1.9909560E-2 8.5283270E-5
2.9995920E-2 1.3000700E-4
3.9982320E-2 1.7429310E-4
4.9991130E-2 2.1874140E-4
6.0045720E-2 2.6344480E-4
6.9918160E-2 3.0803800E-4
8.0063820E-2 3.5342570E-4
8.9970590E-2 3.9898720E-4
9.9933620E-2 4.4607980E-4
1.0996580E-1 4.9359580E-4
1.1989500E-1 5.4235830E-4
1.3005210E-1 5.9087160E-4
1.3987870E-1 6.4254530E-4
1.5012690E-1 6.9497270E-4
1.5996500E-1 7.5137820E-4
1.7008780E-1 8.0983670E-4
1.7985770E-1 8.7162340E-4
1.9007210E-1 9.3803790E-4
1.9992110E-1 1.0103730E-3
2.0997570E-1 1.0920430E-3
2.1995350E-1 1.1818610E-3
2.2992850E-1 1.2836180E-3
2.3994870E-1 1.4005560E-3
2.4992370E-1 1.5387010E-3
2.5993250E-1 1.7016510E-3
2.6993040E-1 1.8989610E-3
2.7995060E-1 2.1344010E-3
2.8994850E-1 2.4226900E-3
2.9994630E-1 2.7811530E-3
3.0996660E-1 3.2269430E-3
3.1994150E-1 3.7903080E-3
3.2996180E-1 4.4863730E-3
3.3994820E-1 5.3541340E-3
3.4995750E-1 6.4303350E-3
3.5995480E-1 7.7717020E-3
3.6990690E-1 9.4225670E-3
3.7996200E-1 1.1422890E-2
3.8993640E-1 1.3836860E-2
3.9993430E-1 1.6706760E-2
4.0998890E-1 2.0037790E-2
4.1994090E-1 2.3846730E-2
4.2999550E-1 2.8148100E-2
4.3995900E-1 3.2991110E-2
