-9.0042590E-2 -4.1987900E-6
-5.9878830E-2 -2.8465930E-6
-3.0034540E-2 -1.4711950E-6
7.4177980E-5 -2.1331080E-8
1.0007170E-2 4.4474810E-7
2.0053270E-2 9.4584810E-7
3.0098440E-2 1.4401880E-6
3.9925100E-2 1.9581860E-6
5.0014020E-2 2.5774220E-6
5.9931760E-2 3.0986520E-6
7.0032120E-2 3.7229620E-6
8.0029490E-2 4.2745580E-6
9.0027330E-2 4.9880000E-6
9.9910740E-2 5.7429020E-6
1.0993150E-1 6.6827270E-6
1.1999750E-1 7.6744690E-6
1.3002920E-1 8.8730700E-6
1.3995840E-1 1.0286830E-5
1.5001300E-1 1.2130390E-5
1.5999940E-1 1.4435430E-5
1.6999670E-1 1.7179420E-5
1.7997170E-1 2.0937660E-5
1.8999200E-1 2.5932780E-5
1.9992110E-1 3.2592160E-5
2.0999860E-1 4.1294460E-5
2.1999880E-1 5.1572340E-5
2.2989420E-1 6.8012010E-5
2.3989150E-1 8.8136290E-5
2.4999190E-1 1.1791080E-4
2.6000120E-1 1.5036110E-4
2.6993040E-1 2.0240010E-4
2.7992820E-1 2.6496990E-4
2.8992560E-1 3.5953200E-4
2.9999160E-1 4.5771240E-4
3.0998950E-1 5.9254750E-4
3.1996440E-1 7.2814220E-4
3.2992790E-1 9.2755930E-4
3.3985710E-1 1.1569450E-3
3.4995750E-1 1.4098270E-3
3.5992100E-1 1.6508880E-3
3.7007810E-1 1.9814780E-3
3.7997290E-1 2.3068540E-3
3.8994790E-1 2.7153250E-3
3.9990000E-1 3.0669500E-3
4.1000030E-1 3.4775080E-3
4.2004350E-1 3.8385200E-3
4.3009810E-1 4.2952040E-3
4.3992470E-1 4.7245940E-3
4.4996830E-1 5.2304750E-3
4.5996570E-1 5.6811910E-3
4.7004320E-1 6.1615170E-3
4.8012070E-1 6.6231840E-3
4.9010710E-1 7.1203730E-3
4.9997950E-1 7.6349470E-3
5.0990870E-1 8.1416960E-3
5.1994040E-1 8.6495490E-3
5.3002930E-1 9.1219940E-3
5.3998140E-1 9.6712190E-3
5.4997920E-1 1.0191590E-2
5.6002240E-1 1.0717880E-2
5.7007690E-1 1.1257220E-2
5.8002900E-1 1.1806400E-2
5.9000400E-1 1.2330100E-2
6.0005860E-1 1.2861330E-2
