-8.9973930E-2 -4.1521310E-6
-6.0050010E-2 -2.8076680E-6
-2.9989240E-2 -1.3681170E-6
4.8279760E-5 2.1026030E-8
9.9353490E-3 5.4605720E-7
1.9477280E-2 9.9582670E-7
2.9984470E-2 1.5172750E-6
3.9959430E-2 2.1567990E-6
5.0071240E-2 2.6328290E-6
5.9875010E-2 3.2977750E-6
7.0066450E-2 3.7887660E-6
7.9835890E-2 4.5562830E-6
8.9947700E-2 5.2481720E-6
9.9967960E-2 6.2346530E-6
1.1014800E-1 7.1011950E-6
1.1994030E-1 8.3139310E-6
1.3004060E-1 9.4979510E-6
1.4004950E-1 1.1301150E-5
1.5001300E-1 1.3469910E-5
1.5993070E-1 1.5738420E-5
1.7011070E-1 1.9286150E-5
1.7993740E-1 2.3547140E-5
1.9004920E-1 3.0140990E-5
2.0001220E-1 3.7711380E-5
2.1008970E-1 4.8605060E-5
2.1994210E-1 6.2110540E-5
2.2998520E-1 8.1162640E-5
2.3997160E-1 1.0862090E-4
2.4994660E-1 1.4370980E-4
2.5993250E-1 1.9235070E-4
2.6999860E-1 2.5951890E-4
2.7998500E-1 3.5828510E-4
2.8997140E-1 4.7763130E-4
2.9986620E-1 6.4575790E-4
3.0998950E-1 8.4099970E-4
3.1997590E-1 1.1498160E-3
3.2997320E-1 1.5490170E-3
3.4001680E-1 2.0376290E-3
3.4987740E-1 2.6291570E-3
3.6010310E-1 3.3832840E-3
3.6998700E-1 4.2850640E-3
3.7999580E-1 5.4437800E-3
3.8997080E-1 6.6238790E-3
3.9994570E-1 8.0190800E-3
4.0993210E-1 9.3788750E-3
4.1992950E-1 1.1267650E-2
4.2996170E-1 1.2991670E-2
4.3995900E-1 1.5030250E-2
4.5001360E-1 1.7114030E-2
4.5997710E-1 1.9582470E-2
4.7000930E-1 2.1717790E-2
4.8002960E-1 2.4136980E-2
4.9008420E-1 2.6298960E-2
4.9996810E-1 2.9054150E-2
5.0997690E-1 3.1605420E-2
