0.000E+0 0
1.000E-2 2.29566546E-12
2.000E-2 5.55894495E-12
3.000E-2 1.02028424E-11
4.000E-2 1.68200224E-11
5.000E-2 2.62579208E-11
6.000E-2 3.97226595E-11
7.000E-2 5.89376488E-11
8.000E-2 8.63639468E-11
9.000E-2 1.255166E-10
1.000E-1 1.81417803E-10
1.100E-1 2.6124658E-10
1.200E-1 3.75271248E-10
1.300E-1 5.38189302E-10
1.400E-1 7.71054654E-10
1.500E-1 1.1040523E-9
1.600E-1 1.58049561E-9
1.700E-1 2.26258834E-9
1.800E-1 3.23973302E-9
1.900E-1 4.64049648E-9
2.000E-1 6.64995547E-9
2.100E-1 9.53455109E-9
2.200E-1 1.3678108E-8
2.300E-1 1.96337138E-8
2.400E-1 2.81985693E-8
2.500E-1 4.05219427E-8
2.600E-1 5.82608304E-8
2.700E-1 8.38043205E-8
2.800E-1 1.2059679E-7
2.900E-1 1.73603057E-7
3.000E-1 2.49976965E-7
3.100E-1 3.60020513E-7
3.200E-1 5.1855597E-7
3.300E-1 7.46880807E-7
3.400E-1 1.07553663E-6
3.500E-1 1.54819747E-6
3.600E-1 2.22694834E-6
3.700E-1 3.2001936E-6
3.800E-1 4.59139641E-6
3.900E-1 6.57188849E-6
4.000E-1 9.37644981E-6
4.100E-1 1.33179955E-5
4.200E-1 1.88023249E-5
4.300E-1 2.63353834E-5
4.400E-1 3.65170413E-5
4.500E-1 5.00142994E-5
