4.070E-2 3.941E-2
5.120E-2 -4.364E-1
6.060E-2 -8.066E-1
7.080E-2 -7.428E-1
8.080E-2 -4.647E-1
9.080E-2 -2.289E-1
1.007E-1 -1.719E-1
1.108E-1 -2.340E-1
1.209E-1 -1.741E-1
1.310E-1 7.333E-2
1.409E-1 7.310E-2
1.510E-1 -5.350E-1
1.611E-1 -1.290E+0
1.712E-1 -1.391E+0
1.810E-1 -7.879E-1
1.909E-1 -2.388E-1
2.008E-1 -2.266E-1
2.109E-1 -3.598E-1
2.209E-1 -6.038E-2
2.309E-1 6.231E-1
2.409E-1 1.215E+0
2.509E-1 1.581E+0
2.609E-1 1.776E+0
2.710E-1 1.821E+0
2.810E-1 1.863E+0
2.910E-1 1.927E+0
3.009E-1 1.586E+0
3.110E-1 4.533E-1
3.208E-1 -9.736E-1
3.313E-1 -1.807E+0
3.411E-1 -1.524E+0
3.511E-1 -1.224E+0
3.613E-1 -1.651E+0
3.713E-1 -1.351E+0
3.814E-1 4.303E-1
3.919E-1 1.160E+0
4.016E-1 -7.253E-1
4.115E-1 -2.467E+0
4.215E-1 -1.900E+0
4.315E-1 -1.631E-1
4.411E-1 1.183E+0
4.508E-1 1.693E+0
4.617E-1 1.973E+0
4.723E-1 2.382E+0
4.818E-1 1.893E+0
4.913E-1 3.648E-2
5.005E-1 -1.422E+0
5.114E-1 -1.540E+0
5.218E-1 -1.528E+0
