0.000E+0 -0.246747722
1.000E-2 -0.24674555
2.000E-2 -0.246743365
3.000E-2 -0.246741164
4.000E-2 -0.246738948
5.000E-2 -0.246736715
6.000E-2 -0.246734464
7.000E-2 -0.246732193
8.000E-2 -0.246729901
9.000E-2 -0.246727583
1.000E-1 -0.246725236
1.100E-1 -0.246722853
1.200E-1 -0.246720425
1.300E-1 -0.246717941
1.400E-1 -0.246715381
1.500E-1 -0.246712718
1.600E-1 -0.246709915
1.700E-1 -0.246706913
1.800E-1 -0.246703631
1.900E-1 -0.246699944
2.000E-1 -0.246695674
2.100E-1 -0.246690555
2.200E-1 -0.246684195
2.300E-1 -0.246676019
2.400E-1 -0.246665172
2.500E-1 -0.246650395
2.600E-1 -0.246629827
2.700E-1 -0.246600714
2.800E-1 -0.246558986
2.900E-1 -0.246498617
3.000E-1 -0.246410698
3.100E-1 -0.24628204
3.200E-1 -0.246093127
3.300E-1 -0.245815075
3.400E-1 -0.245405129
3.500E-1 -0.244799999
3.600E-1 -0.243905998
3.700E-1 -0.242584433
3.800E-1 -0.240629988
3.900E-1 -0.237738722
4.000E-1 -0.233460712
4.100E-1 -0.227129992
4.200E-1 -0.217760942
4.300E-1 -0.203895165
4.400E-1 -0.183375378
4.500E-1 -0.153012021
4.600E-1 -0.108092637
4.700E-1 -0.0416620702
4.800E-1 0.0565289218
