0.000E+0 0
1.000E-2 1.0735207E-11
2.000E-2 2.57976111E-11
3.000E-2 4.6940931E-11
4.000E-2 7.66315875E-11
5.000E-2 1.1833502E-10
6.000E-2 1.76921047E-10
7.000E-2 2.59233308E-10
8.000E-2 3.74890265E-10
9.000E-2 5.37412449E-10
1.000E-1 7.65809626E-10
1.100E-1 1.08681678E-9
1.200E-1 1.53804561E-9
1.300E-1 2.17242869E-9
1.400E-1 3.06448867E-9
1.500E-1 4.319185E-9
1.600E-1 6.08440051E-9
1.700E-1 8.56856787E-9
1.800E-1 1.20655531E-8
1.900E-1 1.69897843E-8
2.000E-1 2.39258405E-8
2.100E-1 3.36984447E-8
2.200E-1 4.7471239E-8
2.300E-1 6.68861348E-8
2.400E-1 9.4259826E-8
2.500E-1 1.32860742E-7
2.600E-1 1.87299031E-7
2.700E-1 2.64075023E-7
2.800E-1 3.72349244E-7
2.900E-1 5.25020873E-7
3.000E-1 7.40233172E-7
3.100E-1 1.04341166E-6
3.200E-1 1.47042228E-6
3.300E-1 2.07099573E-6
3.400E-1 2.91463868E-6
3.500E-1 4.09758585E-6
3.600E-1 5.75245155E-6
3.700E-1 8.06039063E-6
3.800E-1 1.12704258E-5
3.900E-1 1.57172645E-5
4.000E-1 2.18579587E-5
4.100E-1 3.0315279E-5
4.200E-1 4.19431896E-5
4.300E-1 5.79175575E-5
4.400E-1 7.98500305E-5
4.500E-1 0.000109923432
