0.000E+0 0
1.000E-2 1.13605761E-13
2.000E-2 2.75494649E-13
3.000E-2 5.06483273E-13
4.000E-2 8.3635043E-13
5.000E-2 1.3076911E-12
6.000E-2 1.98142889E-12
7.000E-2 2.94470366E-12
8.000E-2 4.32216401E-12
9.000E-2 6.29270929E-12
1.000E-1 9.11214149E-12
1.100E-1 1.3143745E-11
1.200E-1 1.89119967E-11
1.300E-1 2.71671147E-11
1.400E-1 3.89849765E-11
1.500E-1 5.59096747E-11
1.600E-1 8.01588864E-11
1.700E-1 1.14919965E-10
1.800E-1 1.64776963E-10
1.900E-1 2.36326613E-10
2.000E-1 3.39066966E-10
2.100E-1 4.8667946E-10
2.200E-1 6.98878588E-10
2.300E-1 1.00408036E-9
2.400E-1 1.44325165E-9
2.500E-1 2.07546198E-9
2.600E-1 2.98588844E-9
2.700E-1 4.29735258E-9
2.800E-1 6.18693668E-9
2.900E-1 8.90989239E-9
3.000E-1 1.28339944E-8
3.100E-1 1.84888044E-8
3.200E-1 2.66361221E-8
3.300E-1 3.8370354E-8
3.400E-1 5.52607902E-8
3.500E-1 7.95520031E-8
3.600E-1 1.14444013E-7
3.700E-1 1.64481028E-7
3.800E-1 2.36089861E-7
3.900E-1 3.38315468E-7
4.000E-1 4.83864561E-7
4.100E-1 6.90598088E-7
4.200E-1 9.83721106E-7
4.300E-1 1.39902095E-6
4.400E-1 1.98755734E-6
4.500E-1 2.82218642E-6
