0.000E+0 0
1.000E-2 2.88300949E-13
2.000E-2 6.94505871E-13
3.000E-2 1.26737245E-12
4.000E-2 2.07558865E-12
5.000E-2 3.21511755E-12
6.000E-2 4.82502202E-12
7.000E-2 7.09994097E-12
8.000E-2 1.03136392E-11
9.000E-2 1.4855478E-11
1.000E-1 2.12758968E-11
1.100E-1 3.03542318E-11
1.200E-1 4.31963326E-11
1.300E-1 6.13704967E-11
1.400E-1 8.71039075E-11
1.500E-1 1.23561649E-10
1.600E-1 1.75244942E-10
1.700E-1 2.48559397E-10
1.800E-1 3.52625905E-10
1.900E-1 5.00437919E-10
2.000E-1 7.10513219E-10
2.100E-1 1.00925154E-9
2.200E-1 1.4342993E-9
2.300E-1 2.03935612E-9
2.400E-1 2.90103005E-9
2.500E-1 4.12863124E-9
2.600E-1 5.87815147E-9
2.700E-1 8.3722249E-9
2.800E-1 1.19286291E-8
2.900E-1 1.70009815E-8
3.000E-1 2.42368512E-8
3.100E-1 3.45607405E-8
3.200E-1 4.9292581E-8
3.300E-1 7.03169452E-8
3.400E-1 1.00324694E-7
3.500E-1 1.43158039E-7
3.600E-1 2.04303322E-7
3.700E-1 2.9159473E-7
3.800E-1 4.16186576E-7
3.900E-1 5.94151279E-7
4.000E-1 8.48203393E-7
4.100E-1 1.21095099E-6
4.200E-1 1.72891231E-6
4.300E-1 2.46851536E-6
4.400E-1 3.52461819E-6
4.500E-1 5.03270492E-6
