0.000E+0 -34.1365327
1.000E-2 -34.1359295
2.000E-2 -34.1353401
3.000E-2 -34.1347462
4.000E-2 -34.1341496
5.000E-2 -34.1335478
6.000E-2 -34.1329402
7.000E-2 -34.1322482
8.000E-2 -34.1316328
9.000E-2 -34.13101
1.000E-1 -34.1303845
1.100E-1 -34.1297511
1.200E-1 -34.1291146
1.300E-1 -34.1284709
1.400E-1 -34.1278219
1.500E-1 -34.127166
1.600E-1 -34.1265044
1.700E-1 -34.1258358
1.800E-1 -34.1251599
1.900E-1 -34.1244765
2.000E-1 -34.1237843
2.100E-1 -34.1230841
2.200E-1 -34.122373
2.300E-1 -34.1216495
2.400E-1 -34.1209125
2.500E-1 -34.1201581
2.600E-1 -34.1193838
2.700E-1 -34.1185815
2.800E-1 -34.1177426
2.900E-1 -34.1168527
3.000E-1 -34.1158949
3.100E-1 -34.114838
3.200E-1 -34.1136413
3.300E-1 -34.1122425
3.400E-1 -34.110548
3.500E-1 -34.1084217
3.600E-1 -34.1056641
3.700E-1 -34.101977
3.800E-1 -34.09692
3.900E-1 -34.0898415
4.000E-1 -34.0797781
4.100E-1 -34.0653025
4.200E-1 -34.0443039
4.300E-1 -34.0136555
4.400E-1 -33.9687349
4.500E-1 -33.9026971
4.600E-1 -33.8054193
4.700E-1 -33.6619307
4.800E-1 -33.4501088
4.900E-1 -33.137286
5.000E-1 -32.6752943
5.100E-1 -31.9932368
5.200E-1 -30.9870846
5.300E-1 -29.5048099
5.400E-1 -27.3256247
5.500E-1 -24.1317216
5.600E-1 -19.4715088
5.700E-1 -12.714948
5.800E-1 -3.00535267
5.900E-1 10.781888
