0.000E+0 -33.479489
1.000E-2 -33.4783282
2.000E-2 -33.4771759
3.000E-2 -33.4760093
4.000E-2 -33.4748352
5.000E-2 -33.4736493
6.000E-2 -33.4724534
7.000E-2 -33.471246
8.000E-2 -33.4700266
9.000E-2 -33.4687978
1.000E-1 -33.4675539
1.100E-1 -33.4662992
1.200E-1 -33.4650312
1.300E-1 -33.4637494
1.400E-1 -33.4624531
1.500E-1 -33.4611427
1.600E-1 -33.4598175
1.700E-1 -33.4584749
1.800E-1 -33.4571158
1.900E-1 -33.4557388
2.000E-1 -33.4543433
2.100E-1 -33.4529237
2.200E-1 -33.4514831
2.300E-1 -33.4500135
2.400E-1 -33.448513
2.500E-1 -33.4469744
2.600E-1 -33.4453887
2.700E-1 -33.4437399
2.800E-1 -33.4420124
2.900E-1 -33.4401742
3.000E-1 -33.4381843
3.100E-1 -33.435981
3.200E-1 -33.4334695
3.300E-1 -33.4305145
3.400E-1 -33.4269133
3.500E-1 -33.4223598
3.600E-1 -33.4164073
3.700E-1 -33.4083857
3.800E-1 -33.3973003
3.900E-1 -33.3816695
4.000E-1 -33.3592882
4.100E-1 -33.3268735
4.200E-1 -33.2795461
4.300E-1 -33.2100441
4.400E-1 -33.1075824
4.500E-1 -32.9561526
4.600E-1 -32.7320532
4.700E-1 -32.400284
4.800E-1 -31.9093897
4.900E-1 -31.1842027
5.000E-1 -30.1159325
5.100E-1 -28.54924
5.200E-1 -26.2665566
5.300E-1 -22.9713866
5.400E-1 -18.2744685
5.500E-1 -11.6911432
5.600E-1 -2.65493839
5.700E-1 9.44539295
