-9.0079780E-2 -1.7611730E-4
-6.0074810E-2 -1.7493430E-4
-3.0081270E-2 -1.7328730E-4
-6.9528820E-5 -1.7210450E-4
1.0131180E-2 -1.7147230E-4
2.0030350E-2 -1.7054450E-4
2.9985900E-2 -1.7046330E-4
3.9869790E-2 -1.6976740E-4
5.0004480E-2 -1.6949490E-4
6.0002330E-2 -1.6886280E-4
6.9988730E-2 -1.6818430E-4
7.9941270E-2 -1.6761020E-4
8.9996340E-2 -1.6649100E-4
9.9959850E-2 -1.6565600E-4
1.0988950E-1 -1.6460640E-4
1.1996700E-1 -1.6357410E-4
1.2991950E-1 -1.6197360E-4
1.4001990E-1 -1.6045430E-4
1.5001770E-1 -1.5801300E-4
1.5991310E-1 -1.5535710E-4
1.7000250E-1 -1.5165730E-4
1.7995450E-1 -1.4712250E-4
1.8997530E-1 -1.4034940E-4
1.9993930E-1 -1.3194090E-4
2.0999430E-1 -1.1885260E-4
2.1996070E-1 -1.0418120E-4
2.2987890E-1 -8.2665920E-5
2.3997930E-1 -5.5261640E-5
2.5004580E-1 -1.5167450E-5
2.5998690E-1 3.8282060E-5
2.7000760E-1 1.1499200E-4
2.8000550E-1 2.1553020E-4
2.8988980E-1 3.4680330E-4
2.9993300E-1 5.3069110E-4
3.0990840E-1 7.8189420E-4
3.1998630E-1 1.1136360E-3
3.2994990E-1 1.4899000E-3
3.3993670E-1 2.0353200E-3
3.4985490E-1 2.6915950E-3
3.6000110E-1 3.5466380E-3
3.6994220E-1 4.5073220E-3
3.8003110E-1 5.6302040E-3
3.8992640E-1 6.9390480E-3
3.9994720E-1 8.4244050E-3
4.0995690E-1 1.0182760E-2
4.1994330E-1 1.1889620E-2
4.2998700E-1 1.3864550E-2
4.3980260E-1 1.6041670E-2
4.4985770E-1 1.8262220E-2
4.5993520E-1 2.0528550E-2
4.7001310E-1 2.3028340E-2
4.8004530E-1 2.5599410E-2
4.9002080E-1 2.8511090E-2
5.0000720E-1 3.1105910E-2
