1.000E-6 -3.000E-10
1.139E-2 1.750E-5
2.000E-2 3.080E-5
2.996E-2 4.631E-5
3.996E-2 6.201E-5
4.988E-2 7.773E-5
5.968E-2 9.342E-5
6.964E-2 1.096E-4
8.027E-2 1.270E-4
8.887E-2 1.414E-4
1.005E-1 1.613E-4
1.090E-1 1.764E-4
1.204E-1 1.968E-4
1.285E-1 2.120E-4
1.405E-1 2.347E-4
1.488E-1 2.512E-4
1.607E-1 2.753E-4
1.688E-1 2.926E-4
1.809E-1 3.193E-4
1.887E-1 3.376E-4
2.010E-1 3.673E-4
2.090E-1 3.881E-4
2.200E-1 4.177E-4
2.306E-1 4.491E-4
2.393E-1 4.760E-4
2.494E-1 5.099E-4
2.599E-1 5.482E-4
2.688E-1 5.833E-4
2.787E-1 6.261E-4
2.890E-1 6.744E-4
2.995E-1 7.293E-4
3.107E-1 7.963E-4
3.214E-1 8.673E-4
3.309E-1 9.418E-4
3.403E-1 1.024E-3
3.494E-1 1.110E-3
3.607E-1 1.240E-3
3.693E-1 1.350E-3
3.804E-1 1.521E-3
3.900E-1 1.704E-3
4.002E-1 1.928E-3
4.100E-1 2.194E-3
4.199E-1 2.532E-3
4.306E-1 2.961E-3
4.405E-1 3.487E-3
4.512E-1 4.212E-3
4.606E-1 5.021E-3
4.706E-1 6.074E-3
4.801E-1 7.363E-3
4.892E-1 8.848E-3
4.989E-1 1.082E-2
5.110E-1 1.382E-2
5.190E-1 1.630E-2
5.297E-1 1.999E-2
5.414E-1 2.489E-2
