-9.0031150E-2 -4.1717830E-6
-5.9947490E-2 -2.8217420E-6
-3.0034540E-2 -1.4078000E-6
-5.1856040E-5 -1.5240640E-8
9.9612470E-3 4.9414640E-7
1.9602150E-2 9.4336770E-7
3.0007360E-2 1.4508390E-6
3.9993760E-2 2.0473820E-6
5.0002570E-2 2.5423030E-6
5.9954640E-2 3.1087970E-6
6.9963930E-2 3.6267300E-6
7.9995630E-2 4.2919290E-6
8.9947700E-2 4.9552250E-6
1.0003660E-1 5.8052190E-6
1.0999970E-1 6.6232620E-6
1.2005420E-1 7.6505710E-6
1.2992670E-1 8.7095760E-6
1.4001560E-1 1.0181720E-5
1.5002440E-1 1.2064280E-5
1.5997650E-1 1.4029500E-5
1.6998530E-1 1.6993290E-5
1.7996030E-1 2.0599010E-5
1.9000340E-1 2.5988440E-5
1.9997840E-1 3.2257570E-5
2.1004440E-1 4.1092110E-5
2.1997640E-1 5.2344140E-5
2.2996230E-1 6.8038700E-5
2.4001740E-1 9.2016300E-5
2.4995800E-1 1.1901250E-4
2.5996690E-1 1.5804470E-4
2.6997610E-1 2.1206680E-4
2.7995110E-1 2.8997450E-4
2.8993700E-1 3.8520340E-4
2.9994630E-1 5.1677970E-4
3.0992130E-1 6.7336620E-4
3.1995300E-1 9.1121810E-4
3.2996230E-1 1.2188330E-3
3.3995960E-1 1.5807130E-3
3.4999180E-1 2.0236630E-3
3.5995480E-1 2.5751500E-3
3.6996410E-1 3.2268260E-3
3.7999580E-1 4.0338020E-3
3.8993640E-1 4.8490070E-3
3.9994570E-1 5.7955200E-3
4.0996600E-1 6.7314880E-3
4.1994090E-1 7.9169180E-3
4.3000700E-1 9.1141700E-3
4.3992520E-1 1.0394040E-2
4.4995690E-1 1.1725870E-2
4.5995470E-1 1.3217000E-2
4.7000930E-1 1.4587070E-2
4.8001810E-1 1.6061990E-2
4.9002740E-1 1.7431480E-2
5.0000240E-1 1.9098150E-2
5.0997730E-1 2.0682560E-2
5.2000900E-1 2.2487100E-2
5.2999540E-1 2.4030370E-2
5.4002710E-1 2.5732380E-2
5.5001350E-1 2.7237430E-2
5.5998850E-1 2.9064570E-2
5.7005450E-1 3.0766580E-2
