0.000E+0 0
1.000E-2 2.41617166E-13
2.000E-2 5.8369364E-13
3.000E-2 1.06830385E-12
4.000E-2 1.75513216E-12
5.000E-2 2.72884233E-12
6.000E-2 4.1083199E-12
7.000E-2 6.06602828E-12
8.000E-2 8.84222549E-12
9.000E-2 1.2780653E-11
1.000E-1 1.83678029E-11
1.100E-1 2.62959441E-11
1.200E-1 3.75492923E-11
1.300E-1 5.3526024E-11
1.400E-1 7.62159335E-11
1.500E-1 1.08451342E-10
1.600E-1 1.54265775E-10
1.700E-1 2.194059E-10
1.800E-1 3.12062271E-10
1.900E-1 4.43912479E-10
2.000E-1 6.31610321E-10
2.100E-1 8.9891178E-10
2.200E-1 1.27971026E-9
2.300E-1 1.82237011E-9
2.400E-1 2.595914E-9
2.500E-1 3.6988575E-9
2.600E-1 5.27182385E-9
2.700E-1 7.51555694E-9
2.800E-1 1.0716643E-8
2.900E-1 1.52842405E-8
3.000E-1 2.1802532E-8
3.100E-1 3.11001283E-8
3.200E-1 4.43766644E-8
3.300E-1 6.33286203E-8
3.400E-1 9.03839658E-8
3.500E-1 1.29009768E-7
3.600E-1 1.84156973E-7
3.700E-1 2.62895578E-7
3.800E-1 3.75321706E-7
3.900E-1 5.35852932E-7
4.000E-1 7.65078032E-7
4.100E-1 1.09239836E-6
4.200E-1 1.55979951E-6
4.300E-1 2.22723651E-6
4.400E-1 3.18034754E-6
4.500E-1 4.54130216E-6
