0.000E+0 0
1.000E-2 7.48857275E-15
2.000E-2 1.80942636E-14
3.000E-2 3.31618183E-14
4.000E-2 5.46100951E-14
5.000E-2 8.5173996E-14
6.000E-2 1.28746998E-13
7.000E-2 1.90865727E-13
8.000E-2 2.7939518E-13
9.000E-2 4.0549769E-13
1.000E-1 5.8500406E-13
1.100E-1 8.40356445E-13
1.200E-1 1.20336753E-12
1.300E-1 1.71915085E-12
1.400E-1 2.45174055E-12
1.500E-1 3.49216123E-12
1.600E-1 4.97006799E-12
1.700E-1 7.07060914E-12
1.800E-1 1.00589478E-11
1.900E-1 1.43160316E-11
2.000E-1 2.03908895E-11
2.100E-1 2.90772081E-11
2.200E-1 4.15255692E-11
2.300E-1 5.9408049E-11
2.400E-1 8.51596992E-11
2.500E-1 1.22332923E-10
2.600E-1 1.76117664E-10
2.700E-1 2.54105209E-10
2.800E-1 3.67409962E-10
2.900E-1 5.32317421E-10
3.000E-1 7.72705603E-10
3.100E-1 1.12360393E-9
3.200E-1 1.63642408E-9
3.300E-1 2.38665055E-9
3.400E-1 3.48514711E-9
3.500E-1 5.09478314E-9
3.600E-1 7.45488188E-9
3.700E-1 1.09171772E-8
3.800E-1 1.59986925E-8
3.900E-1 2.34595179E-8
4.000E-1 3.44172032E-8
4.100E-1 5.05150129E-8
4.200E-1 7.41694134E-8
4.300E-1 1.08934082E-7
4.400E-1 1.60039763E-7
4.500E-1 2.35164712E-7
4.600E-1 3.45618543E-7
4.700E-1 5.08026042E-7
4.800E-1 7.46817405E-7
4.900E-1 1.09797654E-6
5.000E-1 1.61439348E-6
5.100E-1 2.37373032E-6
5.200E-1 3.4901608E-6
5.300E-1 5.13121371E-6
5.400E-1 7.54360052E-6
5.500E-1 1.10876474E-5
5.600E-1 1.6291208E-5
5.700E-1 2.39262466E-5
5.800E-1 3.5113453E-5
5.900E-1 5.14767712E-5
6.000E-1 7.53462888E-5
6.100E-1 0.000110038179
6.200E-1 0.000160180836
