0.000E+0 -0.240452445
1.000E-2 -0.240451627
2.000E-2 -0.240450804
3.000E-2 -0.240449976
4.000E-2 -0.240449143
5.000E-2 -0.240448303
6.000E-2 -0.240447457
7.000E-2 -0.240446603
8.000E-2 -0.240445739
9.000E-2 -0.240444861
1.000E-1 -0.240443966
1.100E-1 -0.240443048
1.200E-1 -0.240442097
1.300E-1 -0.240441102
1.400E-1 -0.240440042
1.500E-1 -0.240438891
1.600E-1 -0.240437606
1.700E-1 -0.240436127
1.800E-1 -0.240434367
1.900E-1 -0.240432194
2.000E-1 -0.240429416
2.100E-1 -0.240425752
2.200E-1 -0.240420787
2.300E-1 -0.240413911
2.400E-1 -0.240404225
2.500E-1 -0.24039041
2.600E-1 -0.240370523
2.700E-1 -0.240341706
2.800E-1 -0.240299757
2.900E-1 -0.24023849
3.000E-1 -0.240148808
3.100E-1 -0.240017328
3.200E-1 -0.23982436
3.300E-1 -0.239540939
3.400E-1 -0.23912445
3.500E-1 -0.238512205
3.600E-1 -0.237611977
3.700E-1 -0.236288089
3.800E-1 -0.234340939
3.900E-1 -0.231476883
4.000E-1 -0.227263934
4.100E-1 -0.221066578
4.200E-1 -0.211949899
4.300E-1 -0.198538529
4.400E-1 -0.178809178
4.500E-1 -0.14978546
4.600E-1 -0.10708904
4.700E-1 -0.0442795515
4.800E-1 0.0481159927
