0.000E+0 0
1.000E-2 2.42549291E-14
2.000E-2 5.87460038E-14
3.000E-2 1.07810009E-13
4.000E-2 1.77620722E-13
5.000E-2 2.76966981E-13
6.000E-2 4.1836059E-13
7.000E-2 6.19614272E-13
8.000E-2 9.06089638E-13
9.000E-2 1.31390064E-12
1.000E-1 1.89448008E-12
1.100E-1 2.72109123E-12
1.200E-1 3.89811591E-12
1.300E-1 5.57430667E-12
1.400E-1 7.96169913E-12
1.500E-1 1.13626071E-11
1.600E-1 1.620816E-11
1.700E-1 2.3113323E-11
1.800E-1 3.2955453E-11
1.900E-1 4.69864657E-11
2.000E-1 6.69929946E-11
2.100E-1 9.55250843E-11
2.200E-1 1.36222749E-10
2.300E-1 1.94282289E-10
2.400E-1 2.77122177E-10
2.500E-1 3.9533397E-10
2.600E-1 5.64040228E-10
2.700E-1 8.04833716E-10
2.800E-1 1.14854672E-9
2.900E-1 1.63920593E-9
3.000E-1 2.33968031E-9
3.100E-1 3.3397471E-9
3.200E-1 4.7676109E-9
3.300E-1 6.80635458E-9
3.400E-1 9.71743344E-9
3.500E-1 1.38742282E-8
3.600E-1 1.9809964E-8
3.700E-1 2.82861454E-8
3.800E-1 4.03902926E-8
3.900E-1 5.76755232E-8
4.000E-1 8.23598958E-8
4.100E-1 1.17611101E-7
4.200E-1 1.67784776E-7
4.300E-1 2.39627642E-7
4.400E-1 3.42205671E-7
4.500E-1 4.88698947E-7
