2.725E-1 3.018E-7
2.824E-1 3.018E-7
2.923E-1 3.521E-7
3.022E-1 5.031E-7
3.122E-1 6.037E-7
3.229E-1 7.043E-7
3.328E-1 1.006E-6
3.425E-1 1.056E-6
3.526E-1 1.459E-6
3.624E-1 1.761E-6
3.735E-1 2.214E-6
3.832E-1 2.616E-6
3.932E-1 3.220E-6
4.031E-1 3.773E-6
4.227E-1 5.483E-6
4.435E-1 8.099E-6
4.632E-1 1.102E-5
4.842E-1 1.534E-5
5.037E-1 2.032E-5
5.541E-1 3.924E-5
6.048E-1 6.847E-5
6.551E-1 1.078E-4
7.055E-1 1.609E-4
7.557E-1 2.224E-4
8.062E-1 2.956E-4
8.568E-1 3.751E-4
9.070E-1 4.563E-4
9.574E-1 5.408E-4
1.007E+0 6.238E-4
