8.944E-4 -2.137E-4
1.061E-2 -2.123E-4
2.074E-2 -2.108E-4
3.029E-2 -2.094E-4
4.017E-2 -2.078E-4
5.015E-2 -2.062E-4
6.103E-2 -2.043E-4
7.087E-2 -2.027E-4
8.085E-2 -2.008E-4
9.078E-2 -1.988E-4
1.003E-1 -1.969E-4
1.116E-1 -1.944E-4
1.214E-1 -1.922E-4
1.312E-1 -1.897E-4
1.411E-1 -1.871E-4
1.509E-1 -1.846E-4
1.619E-1 -1.811E-4
1.718E-1 -1.780E-4
1.817E-1 -1.747E-4
1.914E-1 -1.712E-4
2.012E-1 -1.670E-4
2.112E-1 -1.629E-4
2.223E-1 -1.583E-4
2.322E-1 -1.535E-4
2.419E-1 -1.488E-4
2.518E-1 -1.430E-4
2.614E-1 -1.375E-4
2.726E-1 -1.305E-4
2.825E-1 -1.246E-4
2.923E-1 -1.175E-4
3.022E-1 -1.104E-4
3.118E-1 -1.029E-4
3.230E-1 -9.478E-5
3.327E-1 -8.633E-5
3.427E-1 -7.793E-5
3.524E-1 -6.872E-5
3.622E-1 -5.921E-5
3.734E-1 -4.870E-5
3.833E-1 -3.838E-5
3.932E-1 -2.802E-5
4.028E-1 -1.595E-5
4.226E-1 6.288E-6
4.434E-1 3.376E-5
4.631E-1 6.122E-5
4.841E-1 9.342E-5
5.037E-1 1.252E-4
5.543E-1 2.154E-4
6.046E-1 3.158E-4
6.551E-1 4.189E-4
7.055E-1 5.232E-4
7.558E-1 6.249E-4
8.063E-1 7.221E-4
8.567E-1 8.164E-4
9.069E-1 9.075E-4
9.572E-1 9.953E-4
1.007E+0 1.075E-3
