0.000E+0 0
1.000E-2 4.51377755E-12
2.000E-2 1.07104811E-11
3.000E-2 1.9246217E-11
4.000E-2 3.10149988E-11
5.000E-2 4.72550604E-11
6.000E-2 6.96809326E-11
7.000E-2 1.00660641E-10
8.000E-2 1.43462607E-10
9.000E-2 2.02622313E-10
1.000E-1 2.84408569E-10
1.100E-1 3.97506847E-10
1.200E-1 5.53954036E-10
1.300E-1 7.70450105E-10
1.400E-1 1.07017328E-9
1.500E-1 1.48538224E-9
1.600E-1 2.06099585E-9
1.700E-1 2.85958391E-9
1.800E-1 3.96847568E-9
1.900E-1 5.5096595E-9
2.000E-1 7.65369818E-9
2.100E-1 1.06392669E-8
2.200E-1 1.48006004E-8
2.300E-1 2.06059781E-8
2.400E-1 2.8711904E-8
2.500E-1 4.00390764E-8
2.600E-1 5.5879179E-8
2.700E-1 7.80448907E-8
2.800E-1 1.09080654E-7
2.900E-1 1.52558818E-7
3.000E-1 2.13495755E-7
3.100E-1 2.98936585E-7
3.200E-1 4.18776827E-7
3.300E-1 5.86916948E-7
3.400E-1 8.22884653E-7
3.500E-1 1.15411418E-6
3.600E-1 1.61914835E-6
3.700E-1 2.2721359E-6
3.800E-1 3.18914652E-6
3.900E-1 4.4770343E-6
4.000E-1 6.28587084E-6
4.100E-1 8.82637091E-6
4.200E-1 1.23933917E-5
4.300E-1 1.74044318E-5
4.400E-1 2.4438454E-5
4.500E-1 3.43105494E-5
4.600E-1 4.81590069E-5
4.700E-1 6.75718446E-5
4.800E-1 9.47570437E-5
4.900E-1 0.000132772391
5.000E-1 0.000185826941
5.100E-1 0.000259667235
5.200E-1 0.000362051005
5.300E-1 0.000503291914
5.400E-1 0.000696822609
5.500E-1 0.000959670513
5.600E-1 0.00131260411
5.700E-1 0.00178004648
5.800E-1 0.0023889759
5.900E-1 0.00316749869
6.000E-1 0.004143397
6.100E-1 0.00534106677
6.200E-1 0.0067819276
