-9.0044020E-2 -6.1777270E-4
-5.9959890E-2 -4.7618780E-4
-3.0001160E-2 -3.3365190E-4
-8.2850460E-6 -1.9063470E-4
1.0005000E-2 -1.4276520E-4
2.0027670E-2 -9.4323250E-5
3.0007840E-2 -4.6557190E-5
3.9960380E-2 2.2872410E-6
5.0026420E-2 5.0923670E-5
5.9944150E-2 9.9867230E-5
7.0010660E-2 1.5023610E-4
8.0030920E-2 1.9910400E-4
9.0005870E-2 2.4878350E-4
1.0001520E-1 2.9878810E-4
1.0999010E-1 3.4929700E-4
1.2001090E-1 4.0060030E-4
1.2998580E-1 4.5146860E-4
1.4002900E-1 5.0299240E-4
1.5000390E-1 5.5425520E-4
1.6000180E-1 6.0721110E-4
1.7001100E-1 6.6082830E-4
1.7997460E-1 7.1568070E-4
1.8999530E-1 7.7064310E-4
1.9997020E-1 8.2740910E-4
2.0997910E-1 8.8552620E-4
2.1995690E-1 9.4747660E-4
2.2993180E-1 1.0121170E-3
2.4004360E-1 1.0805300E-3
2.4981360E-1 1.1528490E-3
2.6009650E-1 1.2317750E-3
2.6986650E-1 1.3202620E-3
2.7995540E-1 1.4188310E-3
2.8997610E-1 1.5275420E-3
2.9993960E-1 1.6545080E-3
3.0999470E-1 1.8018130E-3
3.1993530E-1 1.9779760E-3
3.2995610E-1 2.1890230E-3
3.3997680E-1 2.4414470E-3
3.4994030E-1 2.7484000E-3
3.5997250E-1 3.1172410E-3
3.6992450E-1 3.5739320E-3
3.8000200E-1 4.1313950E-3
3.8994310E-1 4.8126930E-3
3.9994100E-1 5.6149890E-3
4.0998410E-1 6.5758320E-3
4.1995910E-1 7.6934230E-3
4.3000270E-1 9.0189350E-3
4.3997760E-1 1.0507170E-2
4.4996400E-1 1.2194140E-2
4.5996190E-1 1.4071140E-2
4.7001700E-1 1.6133500E-2
4.8002620E-1 1.8323910E-2
4.9003550E-1 2.0689260E-2
5.0002190E-1 2.3179750E-2
5.0996260E-1 2.5865470E-2
5.2000620E-1 2.8649670E-2
5.2999260E-1 3.1567690E-2
