-9.0033050E-2 -6.1204270E-4
-5.9960370E-2 -4.7121060E-4
-2.9989720E-2 -3.2856910E-4
-9.4771390E-6 -1.8611320E-4
1.0013310E-2 -1.3745460E-4
2.0013690E-2 -8.8850390E-5
3.0019760E-2 -4.0172930E-5
3.9948940E-2 8.0332900E-6
5.0004010E-2 5.6819350E-5
6.0001850E-2 1.0600240E-4
7.0011140E-2 1.5466190E-4
8.0031870E-2 2.0469560E-4
9.0018270E-2 2.5472950E-4
1.0001610E-1 3.0525610E-4
1.0997960E-1 3.5496520E-4
1.2001180E-1 4.0556160E-4
1.2997530E-1 4.5607660E-4
1.4000750E-1 5.0826770E-4
1.5001680E-1 5.6026740E-4
1.5999170E-1 6.1356020E-4
1.7001250E-1 6.6626720E-4
1.7998740E-1 7.2056920E-4
1.9000820E-1 7.7566550E-4
1.9998310E-1 8.3325520E-4
2.0998100E-1 8.9234720E-4
2.1999310E-1 9.5337580E-4
2.2995660E-1 1.0174550E-3
2.3997740E-1 1.0857530E-3
2.4995230E-1 1.1601020E-3
2.5996160E-1 1.2392590E-3
2.6995990E-1 1.3274570E-3
2.7995780E-1 1.4241170E-3
2.8996710E-1 1.5359000E-3
2.9996490E-1 1.6649510E-3
3.0997420E-1 1.8159670E-3
3.1996060E-1 1.9911450E-3
3.2998130E-1 2.2024850E-3
3.3995680E-1 2.4552590E-3
3.4996600E-1 2.7710220E-3
3.5997530E-1 3.1518620E-3
3.6993890E-1 3.6221740E-3
3.7997100E-1 4.1832350E-3
3.8995740E-1 4.8718990E-3
3.9995530E-1 5.6929180E-3
4.0997600E-1 6.6936950E-3
4.1995140E-1 7.8570750E-3
4.2999460E-1 9.2116870E-3
4.3997000E-1 1.0747690E-2
4.4997930E-1 1.2494340E-2
4.5998860E-1 1.4392210E-2
4.7000930E-1 1.6498630E-2
4.8000720E-1 1.8756240E-2
4.9001650E-1 2.1225900E-2
5.0001430E-1 2.3843270E-2
5.0997830E-1 2.6582320E-2
5.1999900E-1 2.9453440E-2
5.2998540E-1 3.2398130E-2
