0.000E+0 0
1.000E-2 2.36153332E-13
2.000E-2 5.80644926E-13
3.000E-2 1.08329732E-12
4.000E-2 1.81684377E-12
5.000E-2 2.88746315E-12
6.000E-2 4.45015945E-12
7.000E-2 6.73121509E-12
8.000E-2 1.00609732E-11
9.000E-2 1.49217038E-11
1.000E-1 2.20175014E-11
1.100E-1 3.23763614E-11
1.200E-1 4.74992685E-11
1.300E-1 6.9577966E-11
1.400E-1 1.01813078E-10
1.500E-1 1.48878864E-10
1.600E-1 2.1760224E-10
1.700E-1 3.17954886E-10
1.800E-1 4.64502855E-10
1.900E-1 6.78524676E-10
2.000E-1 9.91106282E-10
2.100E-1 1.44766319E-9
2.200E-1 2.11454826E-9
2.300E-1 3.08870657E-9
2.400E-1 4.51178289E-9
2.500E-1 6.59073466E-9
2.600E-1 9.62795038E-9
2.700E-1 1.4065256E-8
2.800E-1 2.05482125E-8
2.900E-1 3.00200584E-8
3.000E-1 4.38589617E-8
3.100E-1 6.40785384E-8
3.200E-1 9.36207875E-8
3.300E-1 1.36784E-7
3.400E-1 1.99847773E-7
3.500E-1 2.9198578E-7
3.600E-1 4.26598517E-7
3.700E-1 6.23258668E-7
3.800E-1 9.10549526E-7
3.900E-1 1.3302039E-6
4.000E-1 1.94313417E-6
4.100E-1 2.83820647E-6
4.200E-1 4.14498509E-6
4.300E-1 6.05219561E-6
4.400E-1 8.83437559E-6
4.500E-1 1.28901445E-5
