-9.0087890E-2 -4.4204790E-6
-5.9924600E-2 -3.0388670E-6
-3.0023100E-2 -1.5162700E-6
2.4706130E-5 -9.3093460E-9
9.8540480E-3 4.9618050E-7
2.0028500E-2 1.0354630E-6
3.0030250E-2 1.5849180E-6
3.9959910E-2 2.1470370E-6
5.0036910E-2 2.8013950E-6
5.9988980E-2 3.4015520E-6
7.0032120E-2 4.0737870E-6
8.0018520E-2 4.7494470E-6
8.9924810E-2 5.5258390E-6
9.9979400E-2 6.3967530E-6
1.0986330E-1 7.3729660E-6
1.1997460E-1 8.5037350E-6
1.2996100E-1 9.7883600E-6
1.4003850E-1 1.1551080E-5
1.5010450E-1 1.3344080E-5
1.5990830E-1 1.6004570E-5
1.7005400E-1 1.8960240E-5
1.8001750E-1 2.3134820E-5
1.9007210E-1 2.8807250E-5
1.9998980E-1 3.5769900E-5
2.1003290E-1 4.5525300E-5
2.1995310E-1 5.7277230E-5
2.2992800E-1 7.5221130E-5
2.3988010E-1 9.8317910E-5
2.4995760E-1 1.3188020E-4
2.5990960E-1 1.7113290E-4
2.6997570E-1 2.3366770E-4
2.7993920E-1 3.1349480E-4
2.9000520E-1 4.3451130E-4
2.9998020E-1 5.7591640E-4
3.1000040E-1 7.7562340E-4
3.1980420E-1 1.0065220E-3
3.2991600E-1 1.3883860E-3
3.4000490E-1 1.8000440E-3
3.4994550E-1 2.3387240E-3
3.5995480E-1 2.9301920E-3
3.6989550E-1 3.7593640E-3
3.7998440E-1 4.6729610E-3
3.8987920E-1 5.8426890E-3
3.9985420E-1 6.9753880E-3
4.1003420E-1 8.3272440E-3
4.1994090E-1 9.6311760E-3
4.3000700E-1 1.1326730E-2
4.4003870E-1 1.2831200E-2
4.4991110E-1 1.4700040E-2
4.5993140E-1 1.6527760E-2
4.6997450E-1 1.8657300E-2
4.8002960E-1 2.0561490E-2
4.9001550E-1 2.2659730E-2
5.0010440E-1 2.4585950E-2
5.1005650E-1 2.6857410E-2
5.2009960E-1 2.9059370E-2
5.2991530E-1 3.1494200E-2
