9.9973980E-3 7.0211980E-7
1.1771890E-2 8.2783480E-7
1.3863530E-2 9.7813240E-7
1.6324460E-2 1.1527940E-6
1.9222500E-2 1.3586630E-6
2.2624970E-2 1.6007490E-6
2.6645900E-2 1.8868380E-6
3.1374690E-2 2.2236130E-6
3.6941770E-2 2.6192230E-6
4.3501380E-2 3.0871230E-6
5.1225900E-2 3.6388860E-6
6.0317520E-2 4.2871250E-6
7.1025850E-2 5.0546560E-6
8.3633660E-2 5.9582020E-6
9.8481180E-2 7.0227310E-6
1.1596130E-1 8.2793030E-6
1.3654990E-1 9.7590320E-6
1.6080980E-1 1.1531530E-5
1.8935250E-1 1.3600760E-5
2.2298650E-1 1.6036360E-5
2.6254110E-1 1.8908450E-5
3.0914500E-1 2.2294070E-5
3.6403010E-1 2.6284790E-5
4.2862840E-1 3.0993030E-5
5.0473330E-1 3.6545940E-5
5.9435320E-1 4.3085650E-5
6.9982720E-1 5.0787800E-5
8.2404640E-1 5.9840410E-5
9.7032090E-1 7.0465390E-5
1.1425670E+0 8.2936190E-5
1.3453610E+0 9.7577460E-5
1.5841750E+0 1.1521090E-4
1.8653860E+0 1.3533370E-4
2.1963810E+0 1.5881180E-4
2.5862660E+0 1.8617930E-4
3.0455170E+0 2.1779110E-4
3.5859410E+0 2.5417390E-4
4.2222920E+0 2.9770200E-4
4.9717370E+0 3.4786770E-4
5.8544060E+0 4.0433220E-4
6.8939480E+0 4.6691990E-4
8.1171890E+0 5.3491270E-4
9.5581670E+0 6.3956170E-4
1.1254680E+1 7.7907620E-4
1.3252610E+1 9.4999180E-4
1.5605280E+1 1.1445750E-3
1.8375280E+1 1.4753360E-3
2.1632750E+1 1.9106850E-3
2.5478970E+1 2.4448170E-3
3.0000400E+1 3.1475690E-3
