0.000E+0 0
1.000E-2 1.52674124E-14
2.000E-2 3.63429796E-14
3.000E-2 6.55488217E-14
4.000E-2 1.06115826E-13
5.000E-2 1.625309E-13
6.000E-2 2.41014977E-13
7.000E-2 3.50181931E-13
8.000E-2 5.0194939E-13
9.000E-2 7.12803154E-13
1.000E-1 1.00556247E-12
1.100E-1 1.41186104E-12
1.200E-1 1.9756591E-12
1.300E-1 2.75824971E-12
1.400E-1 3.84543935E-12
1.500E-1 5.35789851E-12
1.600E-1 7.46613625E-12
1.700E-1 1.0412217E-11
1.800E-1 1.45413029E-11
1.900E-1 2.0347509E-11
2.000E-1 2.85406073E-11
2.100E-1 4.01431054E-11
2.200E-1 5.66316015E-11
2.300E-1 8.01427047E-11
2.400E-1 1.13773154E-10
2.500E-1 1.62017418E-10
2.600E-1 2.31406011E-10
2.700E-1 3.31436904E-10
2.800E-1 4.75935018E-10
2.900E-1 6.85037034E-10
3.000E-1 9.88089766E-10
3.100E-1 1.4278833E-9
3.200E-1 2.06683452E-9
3.300E-1 2.99602074E-9
3.400E-1 4.34837853E-9
3.500E-1 6.31798971E-9
3.600E-1 9.18826412E-9
3.700E-1 1.33731256E-8
3.800E-1 1.94772031E-8
3.900E-1 2.83842535E-8
4.000E-1 4.13833013E-8
4.100E-1 6.03617065E-8
4.200E-1 8.80744457E-8
4.300E-1 1.28548339E-7
4.400E-1 1.87668186E-7
4.500E-1 2.74034211E-7
