8.589E-6 -2.391E-4
8.889E-3 -2.370E-4
1.866E-2 -2.353E-4
2.858E-2 -2.336E-4
3.836E-2 -2.318E-4
4.836E-2 -2.300E-4
5.931E-2 -2.277E-4
6.943E-2 -2.258E-4
7.892E-2 -2.238E-4
8.865E-2 -2.218E-4
9.868E-2 -2.197E-4
1.098E-1 -2.170E-4
1.195E-1 -2.150E-4
1.294E-1 -2.122E-4
1.391E-1 -2.099E-4
1.493E-1 -2.071E-4
1.601E-1 -2.043E-4
1.701E-1 -2.011E-4
1.798E-1 -1.981E-4
1.898E-1 -1.950E-4
1.997E-1 -1.915E-4
2.091E-1 -1.876E-4
2.206E-1 -1.833E-4
2.304E-1 -1.789E-4
2.403E-1 -1.747E-4
2.500E-1 -1.700E-4
2.599E-1 -1.650E-4
2.711E-1 -1.595E-4
2.809E-1 -1.539E-4
2.906E-1 -1.481E-4
3.002E-1 -1.424E-4
3.105E-1 -1.361E-4
3.217E-1 -1.292E-4
3.314E-1 -1.224E-4
3.413E-1 -1.153E-4
3.510E-1 -1.089E-4
3.609E-1 -1.014E-4
3.720E-1 -9.277E-5
3.816E-1 -8.497E-5
3.918E-1 -7.752E-5
4.014E-1 -7.023E-5
4.210E-1 -5.453E-5
4.424E-1 -3.753E-5
4.617E-1 -2.254E-5
4.830E-1 -6.741E-6
5.023E-1 6.993E-6
5.531E-1 3.798E-5
6.036E-1 6.454E-5
6.540E-1 8.738E-5
7.046E-1 1.096E-4
7.546E-1 1.300E-4
8.055E-1 1.494E-4
8.559E-1 1.677E-4
9.062E-1 1.844E-4
9.568E-1 2.004E-4
1.006E+0 2.152E-4
