0.000E+0 0
1.000E-2 1.52637615E-14
2.000E-2 3.68049616E-14
3.000E-2 6.72566919E-14
4.000E-2 1.10354469E-13
5.000E-2 1.71397054E-13
6.000E-2 2.57899962E-13
7.000E-2 3.8052255E-13
8.000E-2 5.54383917E-13
9.000E-2 8.00931993E-13
1.000E-1 1.15060069E-12
1.100E-1 1.64659131E-12
1.200E-1 2.35026013E-12
1.300E-1 3.34880373E-12
1.400E-1 4.76623576E-12
1.500E-1 6.77908241E-12
1.600E-1 9.63884863E-12
1.700E-1 1.37042021E-11
1.800E-1 1.94871088E-11
1.900E-1 2.77189971E-11
2.000E-1 3.94456746E-11
2.100E-1 5.61635183E-11
2.200E-1 8.00149066E-11
2.300E-1 1.1406869E-10
2.400E-1 1.6272273E-10
2.500E-1 2.32281666E-10
2.600E-1 3.31786264E-10
2.700E-1 4.7420394E-10
2.800E-1 6.78137904E-10
2.900E-1 9.70280794E-10
3.000E-1 1.38893774E-9
3.100E-1 1.98908458E-9
3.200E-1 2.84963065E-9
3.300E-1 4.08384719E-9
3.400E-1 5.85434282E-9
3.500E-1 8.39456533E-9
3.600E-1 1.20396798E-8
3.700E-1 1.72709079E-8
3.800E-1 2.47791968E-8
3.900E-1 3.55566476E-8
4.000E-1 5.10277987E-8
4.100E-1 7.32381439E-8
4.200E-1 1.05125466E-7
4.300E-1 1.5090608E-7
4.400E-1 2.16635981E-7
4.500E-1 3.11009641E-7
4.600E-1 4.4655756E-7
4.700E-1 6.41141623E-7
4.800E-1 9.20466182E-7
4.900E-1 1.32135284E-6
5.000E-1 1.89716676E-6
5.100E-1 2.72348021E-6
5.200E-1 3.9092399E-6
5.300E-1 5.60988826E-6
5.400E-1 8.04896698E-6
5.500E-1 1.15427946E-5
5.600E-1 1.65437969E-5
5.700E-1 2.36935533E-5
5.800E-1 3.38925135E-5
5.900E-1 4.84030187E-5
6.000E-1 6.89624769E-5
6.100E-1 9.79322478E-5
6.200E-1 0.000138456205
