-9.0054040E-2 -2.7336610E-7
-5.9981820E-2 -2.0675180E-7
-3.0045990E-2 -1.1643650E-7
3.9809940E-4 7.7200470E-10
1.0160300E-2 4.2350320E-8
1.9966100E-2 1.0015810E-7
3.0041690E-2 1.9658930E-7
3.9959430E-2 2.7180590E-7
4.9945830E-2 3.7513630E-7
5.9988980E-2 5.0849350E-7
6.9963930E-2 6.8199690E-7
8.0029490E-2 9.1323250E-7
8.9993000E-2 1.2294640E-6
9.9990840E-2 1.6388680E-6
1.0998820E-1 2.1450720E-6
1.1999750E-1 2.8427930E-6
1.2996050E-1 3.7907300E-6
1.4000420E-1 5.0705400E-6
1.4999010E-1 6.7984220E-6
1.5998790E-1 9.1371730E-6
1.6999670E-1 1.2304340E-5
1.7999460E-1 1.6630280E-5
1.9000340E-1 2.2506820E-5
1.9996690E-1 3.0509790E-5
2.0998720E-1 4.1340270E-5
2.1998740E-1 5.6013640E-5
2.2992800E-1 7.6028930E-5
2.3994870E-1 1.0335590E-4
2.4993520E-1 1.4049140E-4
2.5993250E-1 1.9013560E-4
2.6994180E-1 2.5757050E-4
2.7993920E-1 3.4851980E-4
2.8995990E-1 4.7050460E-4
2.9993490E-1 6.3269310E-4
3.0995510E-1 8.4478060E-4
3.1994150E-1 1.1233350E-3
3.2996180E-1 1.4860280E-3
3.3998250E-1 1.9472890E-3
3.4999130E-1 2.5239250E-3
3.5998920E-1 3.2317530E-3
3.6992980E-1 4.0892590E-3
3.7997290E-1 5.1182300E-3
3.8992500E-1 6.3141510E-3
3.9995720E-1 7.6733660E-3
4.0998890E-1 9.1949500E-3
4.1994090E-1 1.0898620E-2
4.2999550E-1 1.2739090E-2
4.3995900E-1 1.4711630E-2
4.4994540E-1 1.6821470E-2
4.5996570E-1 1.9069780E-2
4.7000930E-1 2.1429300E-2
