-9.0076450E-2 -7.0362500E-4
-5.9958930E-2 -7.0342210E-4
-3.0023100E-2 -7.0327720E-4
-3.2921140E-3 -6.9825540E-4
6.9776770E-3 -6.9820320E-4
2.0803540E-2 -7.0822930E-4
2.9984470E-2 -7.0393240E-4
4.0005210E-2 -7.0368300E-4
4.9991130E-2 -7.0362500E-4
5.9988980E-2 -7.0337000E-4
6.9997790E-2 -7.0328300E-4
8.0029960E-2 -7.0297570E-4
8.9993000E-2 -7.0267990E-4
1.0001370E-1 -7.0223340E-4
1.0996580E-1 -7.0172300E-4
1.1999750E-1 -7.0105620E-4
1.2994960E-1 -7.0015740E-4
1.3999270E-1 -6.9888750E-4
1.5001300E-1 -6.9722910E-4
1.6015860E-1 -6.9514730E-4
1.6987130E-1 -6.9212030E-4
1.8014240E-1 -6.8810170E-4
1.8991230E-1 -6.8250020E-4
2.0001270E-1 -6.7494440E-4
2.0999860E-1 -6.6476760E-4
2.2011280E-1 -6.5081000E-4
2.2982550E-1 -6.3122750E-4
2.4000600E-1 -6.0486630E-4
2.4993520E-1 -5.6952280E-4
2.5993250E-1 -5.2088290E-4
2.6997610E-1 -4.5549020E-4
2.7999640E-1 -3.6432210E-4
2.8989170E-1 -2.4565040E-4
2.9996920E-1 -8.2168000E-5
3.0848460E-1 6.7277900E-5
3.1994150E-1 4.0718120E-4
3.2992790E-1 7.7158140E-4
3.3997110E-1 1.2396930E-3
3.4994600E-1 1.8264110E-3
3.5996630E-1 2.5524350E-3
3.6992980E-1 3.4407120E-3
3.7997290E-1 4.5072920E-3
3.8992500E-1 5.7466700E-3
3.9993430E-1 7.1587340E-3
4.0996600E-1 8.7497960E-3
4.1983840E-1 1.0556820E-2
4.2998410E-1 1.2468550E-2
4.3989090E-1 1.4574320E-2
4.5007090E-1 1.6771060E-2
4.5984080E-1 1.9198360E-2
4.7012330E-1 2.1638990E-2
