-9.9100000E+37 -7.0886130E-4
-9.0043070E-2 -7.0252900E-4
-5.9981820E-2 -7.0240720E-4
-3.0012130E-2 -7.0221590E-4
-1.0671620E-3 -6.9725790E-4
5.8516860E-3 -6.9690410E-4
3.0007840E-2 -7.0280730E-4
3.9994240E-2 -7.0267400E-4
5.0025940E-2 -7.0255230E-4
6.0000900E-2 -7.0243050E-4
7.0010190E-2 -7.0222750E-4
8.0019000E-2 -7.0193180E-4
8.9982510E-2 -7.0160130E-4
9.9991800E-2 -7.0122430E-4
1.1000060E-1 -7.0071980E-4
1.2000990E-1 -7.0000650E-4
1.2999630E-1 -6.9913090E-4
1.4000510E-1 -6.9792480E-4
1.4999150E-1 -6.9630690E-4
1.6000080E-1 -6.9402800E-4
1.6998670E-1 -6.9105320E-4
1.7999600E-1 -6.8702300E-4
1.8998240E-1 -6.8147930E-4
1.9996830E-1 -6.7397570E-4
2.0997760E-1 -6.6369430E-4
2.1997740E-1 -6.4949310E-4
2.2995230E-1 -6.3019470E-4
2.3996160E-1 -6.0398980E-4
2.4993660E-1 -5.6841410E-4
2.5994590E-1 -5.1986080E-4
2.6994370E-1 -4.5358610E-4
2.7995250E-1 -3.6378000E-4
2.8997330E-1 -2.4384320E-4
2.9997110E-1 -8.1218240E-5
3.0849840E-1 6.7538790E-5
3.1994390E-1 4.0897050E-4
3.2996420E-1 7.7382030E-4
3.3997340E-1 1.2377910E-3
3.4997130E-1 1.8236430E-3
3.5998060E-1 2.5547150E-3
3.6995550E-1 3.4459530E-3
3.7998720E-1 4.5099930E-3
3.8992790E-1 5.7414430E-3
3.9994860E-1 7.1505620E-3
4.0996930E-1 8.7452310E-3
4.1995530E-1 1.0526790E-2
4.3002180E-1 1.2461110E-2
4.3996240E-1 1.4558230E-2
4.4994880E-1 1.6801910E-2
4.5993520E-1 1.9182310E-2
4.6995540E-1 2.1619470E-2
