-8.9979170E-2 -2.0715860E-5
-5.9916500E-2 -1.4687070E-5
-3.0047890E-2 -7.8312710E-6
1.8960240E-4 -3.9840320E-8
1.0033670E-2 2.8053600E-6
1.9756380E-2 5.8433980E-6
2.9872420E-2 9.1929760E-6
4.0007590E-2 1.2620530E-5
4.9902920E-2 1.6706040E-5
6.0015200E-2 2.0556680E-5
6.9933410E-2 2.4986660E-5
8.0034260E-2 2.9505960E-5
8.9963910E-2 3.4989630E-5
1.0001950E-1 4.0879280E-5
1.0997200E-1 4.7794790E-5
1.1998130E-1 5.4861640E-5
1.3001390E-1 6.3098200E-5
1.3993220E-1 7.1551640E-5
1.4995340E-1 8.2431460E-5
1.5993980E-1 9.4281470E-5
1.6999530E-1 1.0851700E-4
1.7993640E-1 1.2315410E-4
1.8995710E-1 1.4226840E-4
1.9993260E-1 1.6377750E-4
2.0995380E-1 1.9135280E-4
2.1989730E-1 2.1996610E-4
2.2997570E-1 2.5604270E-4
2.3991680E-1 3.0069660E-4
2.4992660E-1 3.5458270E-4
2.5992490E-1 4.2303630E-4
2.6994560E-1 5.0200380E-4
2.7995540E-1 5.9946510E-4
2.8988500E-1 7.1099490E-4
2.9990630E-1 8.6106640E-4
3.0997280E-1 1.0345150E-3
3.1986860E-1 1.2453850E-3
3.2994650E-1 1.4815910E-3
3.4005880E-1 1.7591750E-3
3.5003420E-1 2.0800490E-3
3.5994150E-1 2.4513970E-3
3.6996220E-1 2.8366540E-3
3.7993760E-1 3.2661840E-3
3.8990160E-1 3.7024380E-3
3.9994570E-1 4.2235890E-3
4.0992120E-1 4.7589950E-3
4.1996480E-1 5.3632480E-3
4.3004270E-1 5.9279180E-3
4.3996140E-1 6.5491520E-3
4.4997120E-1 7.1423930E-3
4.5987800E-1 7.8416840E-3
4.6999030E-1 8.5205770E-3
4.7998860E-1 9.2825700E-3
4.9003220E-1 9.9886430E-3
5.0000760E-1 1.0775250E-2
5.0993780E-1 1.1505800E-2
5.2005000E-1 1.2297760E-2
5.3000260E-1 1.3040480E-2
5.3998950E-1 1.3899640E-2
5.5001070E-1 1.4725210E-2
5.6003140E-1 1.5637080E-2
5.7006410E-1 1.6464960E-2
5.8002810E-1 1.7351360E-2
5.8996920E-1 1.8191400E-2
6.0004710E-1 1.9122990E-2
