0.000E+0 0
1.000E-2 4.42602696E-12
2.000E-2 1.05721089E-11
3.000E-2 1.91171141E-11
4.000E-2 3.10078796E-11
5.000E-2 4.75651179E-11
6.000E-2 7.06313482E-11
7.000E-2 1.02777652E-10
8.000E-2 1.47592841E-10
9.000E-2 2.10088185E-10
1.000E-1 2.97264279E-10
1.100E-1 4.18905561E-10
1.200E-1 5.88694605E-10
1.300E-1 8.257757E-10
1.400E-1 1.15694983E-9
1.500E-1 1.61975694E-9
1.600E-1 2.26680529E-9
1.700E-1 3.17185306E-9
1.800E-1 4.43835263E-9
1.900E-1 6.21145548E-9
2.000E-1 8.69487961E-9
2.100E-1 1.21746111E-8
2.200E-1 1.70522086E-8
2.300E-1 2.38916042E-8
2.400E-1 3.34848701E-8
2.500E-1 4.69446373E-8
2.600E-1 6.58339676E-8
2.700E-1 9.23488477E-8
2.800E-1 1.29574612E-7
2.900E-1 1.81846205E-7
3.000E-1 2.55254241E-7
3.100E-1 3.583557E-7
3.200E-1 5.03171655E-7
3.300E-1 7.06587222E-7
3.400E-1 9.92314479E-7
3.500E-1 1.39364193E-6
3.600E-1 1.95728005E-6
3.700E-1 2.74872895E-6
3.800E-1 3.85974877E-6
3.900E-1 5.41871413E-6
4.000E-1 7.6034146E-6
4.100E-1 1.0666492E-5
4.200E-1 1.49521305E-5
4.300E-1 2.09387511E-5
4.400E-1 2.92811816E-5
4.500E-1 4.08673563E-5
