1.811E-10 -2.117E-4
8.628E-3 -2.077E-4
1.840E-2 -2.027E-4
2.829E-2 -1.981E-4
3.815E-2 -1.933E-4
4.780E-2 -1.879E-4
5.914E-2 -1.817E-4
6.894E-2 -1.759E-4
7.899E-2 -1.698E-4
8.859E-2 -1.632E-4
9.839E-2 -1.565E-4
1.094E-1 -1.479E-4
1.193E-1 -1.407E-4
1.292E-1 -1.334E-4
1.390E-1 -1.250E-4
1.489E-1 -1.170E-4
1.600E-1 -1.076E-4
1.698E-1 -9.895E-5
1.797E-1 -9.025E-5
1.896E-1 -8.059E-5
1.993E-1 -7.184E-5
2.092E-1 -6.178E-5
2.201E-1 -5.101E-5
2.301E-1 -4.150E-5
2.401E-1 -3.129E-5
2.499E-1 -2.138E-5
2.594E-1 -1.087E-5
2.707E-1 1.207E-6
2.807E-1 1.112E-5
2.907E-1 2.193E-5
3.003E-1 3.285E-5
3.102E-1 4.402E-5
3.213E-1 5.715E-5
3.311E-1 6.822E-5
3.409E-1 7.989E-5
3.508E-1 9.151E-5
3.606E-1 1.036E-4
3.715E-1 1.164E-4
3.817E-1 1.280E-4
3.916E-1 1.401E-4
4.012E-1 1.530E-4
4.208E-1 1.772E-4
4.419E-1 2.048E-4
4.615E-1 2.298E-4
4.826E-1 2.577E-4
5.024E-1 2.832E-4
5.528E-1 3.520E-4
6.031E-1 4.222E-4
6.539E-1 4.928E-4
7.043E-1 5.661E-4
7.545E-1 6.384E-4
8.050E-1 7.103E-4
8.555E-1 7.840E-4
9.058E-1 8.557E-4
9.566E-1 9.243E-4
1.006E+0 9.899E-4
