1.068E-3 -4.548E-5
1.071E-2 -4.533E-5
2.046E-2 -4.513E-5
3.037E-2 -4.492E-5
4.018E-2 -4.482E-5
5.001E-2 -4.457E-5
6.108E-2 -4.432E-5
7.095E-2 -4.407E-5
8.065E-2 -4.387E-5
9.055E-2 -4.357E-5
1.005E-1 -4.336E-5
1.114E-1 -4.301E-5
1.212E-1 -4.281E-5
1.312E-1 -4.241E-5
1.413E-1 -4.216E-5
1.509E-1 -4.186E-5
1.620E-1 -4.135E-5
1.720E-1 -4.095E-5
1.819E-1 -4.060E-5
1.915E-1 -4.004E-5
2.011E-1 -3.959E-5
2.111E-1 -3.894E-5
2.222E-1 -3.818E-5
2.321E-1 -3.748E-5
2.419E-1 -3.677E-5
2.516E-1 -3.577E-5
2.616E-1 -3.471E-5
2.725E-1 -3.330E-5
2.825E-1 -3.194E-5
2.921E-1 -3.018E-5
3.021E-1 -2.847E-5
3.119E-1 -2.616E-5
3.229E-1 -2.354E-5
3.328E-1 -2.068E-5
3.427E-1 -1.766E-5
3.527E-1 -1.414E-5
3.623E-1 -1.011E-5
3.735E-1 -5.031E-6
3.833E-1 -5.534E-7
3.931E-1 4.880E-6
4.027E-1 1.051E-5
4.226E-1 2.430E-5
4.435E-1 4.070E-5
4.631E-1 5.810E-5
4.841E-1 8.044E-5
5.040E-1 1.025E-4
5.542E-1 1.699E-4
6.046E-1 2.539E-4
6.551E-1 3.462E-4
7.055E-1 4.427E-4
7.558E-1 5.381E-4
8.064E-1 6.332E-4
8.565E-1 7.229E-4
9.073E-1 8.130E-4
9.575E-1 8.976E-4
1.006E+0 9.791E-4
