1.041E-3 -4.598E-5
1.052E-2 -4.583E-5
2.056E-2 -4.563E-5
3.046E-2 -4.543E-5
4.016E-2 -4.528E-5
4.992E-2 -4.502E-5
6.099E-2 -4.472E-5
7.077E-2 -4.457E-5
8.074E-2 -4.432E-5
9.050E-2 -4.397E-5
1.002E-1 -4.387E-5
1.114E-1 -4.352E-5
1.212E-1 -4.321E-5
1.312E-1 -4.291E-5
1.410E-1 -4.256E-5
1.508E-1 -4.216E-5
1.618E-1 -4.181E-5
1.717E-1 -4.145E-5
1.816E-1 -4.100E-5
1.913E-1 -4.040E-5
2.013E-1 -3.989E-5
2.111E-1 -3.934E-5
2.222E-1 -3.859E-5
2.321E-1 -3.783E-5
2.417E-1 -3.698E-5
2.515E-1 -3.602E-5
2.615E-1 -3.501E-5
2.728E-1 -3.350E-5
2.823E-1 -3.205E-5
2.923E-1 -3.039E-5
3.021E-1 -2.837E-5
3.119E-1 -2.611E-5
3.230E-1 -2.349E-5
3.330E-1 -2.047E-5
3.426E-1 -1.736E-5
3.526E-1 -1.363E-5
3.622E-1 -9.458E-6
3.734E-1 -4.276E-6
3.831E-1 9.558E-7
3.930E-1 5.685E-6
4.029E-1 1.197E-5
4.224E-1 2.606E-5
4.434E-1 4.261E-5
4.631E-1 6.107E-5
4.839E-1 8.351E-5
5.036E-1 1.062E-4
5.542E-1 1.769E-4
6.044E-1 2.618E-4
6.548E-1 3.542E-4
7.054E-1 4.505E-4
7.558E-1 5.462E-4
8.062E-1 6.397E-4
8.568E-1 7.315E-4
9.071E-1 8.211E-4
9.574E-1 9.075E-4
1.006E+0 9.853E-4
