0.000E+0 0
1.000E-2 1.07767867E-15
2.000E-2 2.60456653E-15
3.000E-2 4.77609592E-15
4.000E-2 7.87127617E-15
5.000E-2 1.2287689E-14
6.000E-2 1.85908559E-14
7.000E-2 2.758385E-14
8.000E-2 4.04055102E-14
9.000E-2 5.86692593E-14
1.000E-1 8.46599388E-14
1.100E-1 1.216142E-13
1.200E-1 1.7412225E-13
1.300E-1 2.48707288E-13
1.400E-1 3.5466692E-13
1.500E-1 5.05302744E-13
1.600E-1 7.19726744E-13
1.700E-1 1.02552584E-12
1.800E-1 1.46270316E-12
1.900E-1 2.08951794E-12
2.000E-1 2.9911476E-12
2.100E-1 4.29254403E-12
2.200E-1 6.17752421E-12
2.300E-1 8.91713095E-12
2.400E-1 1.29117834E-11
2.500E-1 1.87539495E-11
2.600E-1 2.73213702E-11
2.700E-1 3.99157785E-11
2.800E-1 5.84693806E-11
2.900E-1 8.58522833E-11
3.000E-1 1.26330318E-10
3.100E-1 1.86246753E-10
3.200E-1 2.75038975E-10
3.300E-1 4.06750908E-10
3.400E-1 6.02289036E-10
3.500E-1 8.92783053E-10
3.600E-1 1.32459446E-9
3.700E-1 1.96678123E-9
3.800E-1 2.9222233E-9
3.900E-1 4.34420469E-9
4.000E-1 6.4611284E-9
4.100E-1 9.61335254E-9
4.200E-1 1.4308089E-8
4.300E-1 2.1301215E-8
4.400E-1 3.1719172E-8
4.500E-1 4.72405524E-8
