0.000E+0 0
1.000E-2 3.12671885E-15
2.000E-2 7.53589904E-15
3.000E-2 1.37777675E-14
4.000E-2 2.26335648E-14
5.000E-2 3.52098709E-14
6.000E-2 5.30703571E-14
7.000E-2 7.84195957E-14
8.000E-2 1.14359485E-13
9.000E-2 1.65247484E-13
1.000E-1 2.37198679E-13
1.100E-1 3.38792955E-13
1.200E-1 4.82077813E-13
1.300E-1 6.840017E-13
1.400E-1 9.68479884E-13
1.500E-1 1.36939574E-12
1.600E-1 1.93499059E-12
1.700E-1 2.73431795E-12
1.800E-1 3.86676712E-12
1.900E-1 5.47614732E-12
2.000E-1 7.77154422E-12
2.100E-1 1.10582313E-11
2.200E-1 1.57835121E-11
2.300E-1 2.26047439E-11
2.400E-1 3.24903345E-11
2.500E-1 4.68697793E-11
2.600E-1 6.78566704E-11
2.700E-1 9.85803257E-11
2.800E-1 1.4367915E-10
2.900E-1 2.10034861E-10
3.000E-1 3.07865488E-10
3.100E-1 4.52352871E-10
3.200E-1 6.66065661E-10
3.300E-1 9.82572994E-10
3.400E-1 1.45181879E-9
3.500E-1 2.14813876E-9
3.600E-1 3.1822015E-9
3.700E-1 4.71880418E-9
3.800E-1 7.00339312E-9
3.900E-1 1.04015893E-8
4.000E-1 1.54580963E-8
4.100E-1 2.29844971E-8
4.200E-1 3.41901046E-8
4.300E-1 5.08769684E-8
4.400E-1 7.57304676E-8
4.500E-1 1.12752276E-7
