-9.0065480E-2 -4.2852590E-6
-5.9992790E-2 -2.9089730E-6
-3.0012130E-2 -1.5033370E-6
-6.1133500E-4 -1.4101080E-8
1.0097890E-2 5.1741430E-7
1.9928430E-2 1.0129730E-6
2.9973030E-2 1.4847540E-6
3.9993760E-2 2.0772400E-6
5.0002570E-2 2.6232570E-6
6.0034280E-2 3.1988800E-6
6.9963930E-2 3.8170400E-6
7.9984190E-2 4.4610010E-6
8.9981560E-2 5.2027810E-6
1.0007050E-1 5.9753710E-6
1.0993150E-1 6.8747490E-6
1.1996320E-1 7.8242080E-6
1.2996050E-1 9.0996440E-6
1.4004950E-1 1.0637190E-5
1.4999010E-1 1.2381470E-5
1.5999940E-1 1.4689420E-5
1.7001960E-1 1.7621310E-5
1.8000560E-1 2.1732670E-5
1.8985510E-1 2.6554990E-5
1.9997840E-1 3.3207990E-5
2.1001010E-1 4.1139050E-5
2.1994210E-1 5.3657020E-5
2.2979160E-1 6.9370110E-5
2.3998310E-1 9.3292620E-5
2.4991230E-1 1.1887330E-4
2.5989870E-1 1.6150060E-4
2.6991890E-1 2.1544750E-4
2.8000780E-1 2.9968190E-4
2.8994850E-1 3.9737530E-4
3.0001450E-1 5.3928490E-4
3.0989840E-1 7.0129360E-4
3.1990720E-1 9.5408900E-4
3.2984780E-1 1.2840240E-3
3.3997110E-1 1.6963200E-3
3.4996890E-1 2.1486580E-3
3.5994340E-1 2.8159230E-3
3.6994120E-1 3.5579970E-3
3.8006450E-1 4.5624000E-3
3.8989110E-1 5.5407840E-3
4.0000250E-1 6.7433080E-3
4.0992070E-1 7.9089790E-3
4.2002060E-1 9.3891300E-3
4.2996170E-1 1.0834900E-2
4.4002770E-1 1.2573990E-2
4.4994540E-1 1.4266730E-2
4.5995430E-1 1.6296630E-2
4.7003170E-1 1.8100590E-2
4.8002960E-1 2.0111950E-2
4.8998170E-1 2.1952410E-2
4.9996810E-1 2.4127140E-2
5.0996540E-1 2.6236400E-2
5.1990650E-1 2.8554200E-2
5.3000640E-1 3.0735300E-2
