0.000E+0 0
1.000E-2 7.33598606E-12
2.000E-2 1.73651316E-11
3.000E-2 3.1116541E-11
4.000E-2 4.99920053E-11
5.000E-2 7.59446912E-11
6.000E-2 1.1165385E-10
7.000E-2 1.60823876E-10
8.000E-2 2.28568597E-10
9.000E-2 3.21955556E-10
1.000E-1 4.50762427E-10
1.100E-1 6.28532283E-10
1.200E-1 8.74048191E-10
1.300E-1 1.21339653E-9
1.400E-1 1.68285722E-9
1.500E-1 2.3329553E-9
1.600E-1 3.23414396E-9
1.700E-1 4.48477841E-9
1.800E-1 6.22230709E-9
1.900E-1 8.63898094E-9
2.000E-1 1.20039077E-8
2.100E-1 1.66940577E-8
2.200E-1 2.32375955E-8
2.300E-1 3.23751689E-8
2.400E-1 4.51455432E-8
2.500E-1 6.30061232E-8
2.600E-1 8.8002216E-8
2.700E-1 1.23004824E-7
2.800E-1 1.72044734E-7
2.900E-1 2.40781899E-7
3.000E-1 3.37164905E-7
3.100E-1 4.72357446E-7
3.200E-1 6.62039815E-7
3.300E-1 9.28236933E-7
3.400E-1 1.30188332E-6
3.500E-1 1.8264342E-6
3.600E-1 2.56291116E-6
3.700E-1 3.59699842E-6
3.800E-1 5.04897242E-6
3.900E-1 7.08759437E-6
4.000E-1 9.9495064E-6
4.100E-1 1.39662376E-5
4.200E-1 1.96016601E-5
4.300E-1 2.75036564E-5
4.400E-1 3.85722486E-5
4.500E-1 5.4068401E-5
