0.000E+0 -25.3621387
1.000E-2 -25.3611726
2.000E-2 -25.3601962
3.000E-2 -25.3592215
4.000E-2 -25.3582417
5.000E-2 -25.3572571
6.000E-2 -25.3562671
7.000E-2 -25.3552717
8.000E-2 -25.3542709
9.000E-2 -25.3532647
1.000E-1 -25.3522526
1.100E-1 -25.3512347
1.200E-1 -25.3501864
1.300E-1 -25.3491562
1.400E-1 -25.3481196
1.500E-1 -25.3470765
1.600E-1 -25.3460265
1.700E-1 -25.3449695
1.800E-1 -25.3439051
1.900E-1 -25.3428328
2.000E-1 -25.3417524
2.100E-1 -25.3406632
2.200E-1 -25.3395641
2.300E-1 -25.3384543
2.400E-1 -25.337306
2.500E-1 -25.3361689
2.600E-1 -25.335014
2.700E-1 -25.3338366
2.800E-1 -25.3326301
2.900E-1 -25.3313847
3.000E-1 -25.3300863
3.100E-1 -25.3287137
3.200E-1 -25.3272362
3.300E-1 -25.3256083
3.400E-1 -25.3237626
3.500E-1 -25.3215998
3.600E-1 -25.3189734
3.700E-1 -25.3156662
3.800E-1 -25.3113569
3.900E-1 -25.3055707
4.000E-1 -25.2976043
4.100E-1 -25.286417
4.200E-1 -25.2704684
4.300E-1 -25.2474782
4.400E-1 -25.2140706
4.500E-1 -25.1652481
4.600E-1 -25.0936132
4.700E-1 -24.9882141
4.800E-1 -24.8328408
4.900E-1 -24.6035015
5.000E-1 -24.2646944
5.100E-1 -23.7639
5.200E-1 -23.0234576
5.300E-1 -21.9286042
5.400E-1 -20.3099088
5.500E-1 -17.9175848
5.600E-1 -14.3841444
5.700E-1 -9.1705981
5.800E-1 -1.48997776
5.900E-1 9.79910694
