-9.0123180E-2 -4.2690640E-6
-5.9959410E-2 -2.9351160E-6
-3.0023570E-2 -1.4545990E-6
-9.4771390E-6 -1.0029850E-8
1.0113240E-2 4.8038990E-7
1.9940320E-2 9.8394890E-7
2.9870990E-2 1.4608670E-6
4.0050980E-2 2.0785880E-6
4.9877640E-2 2.5981740E-6
6.0069080E-2 3.2947590E-6
6.9975850E-2 3.8881370E-6
8.0076220E-2 4.5954350E-6
8.9971070E-2 5.3052060E-6
1.0011720E-1 6.1653520E-6
1.0993240E-1 7.1643940E-6
1.2002130E-1 8.3511480E-6
1.2995050E-1 9.7587110E-6
1.3995930E-1 1.1432300E-5
1.5001440E-1 1.3766340E-5
1.5992070E-1 1.6497040E-5
1.6999820E-1 2.0134100E-5
1.7991590E-1 2.4772630E-5
1.9002770E-1 3.1159520E-5
1.9997980E-1 4.0005120E-5
2.0998910E-1 5.1523460E-5
2.2002360E-1 6.7664060E-5
2.2991900E-1 8.6286590E-5
2.3993920E-1 1.1987770E-4
2.4994850E-1 1.5772720E-4
2.5992350E-1 2.1200490E-4
2.7003530E-1 2.7702820E-4
2.8006700E-1 3.8155910E-4
2.8995080E-1 5.1278850E-4
2.9991440E-1 7.1243340E-4
3.0990080E-1 9.3278030E-4
3.1997820E-1 1.2264900E-3
3.2995320E-1 1.6105700E-3
3.3996250E-1 2.1333170E-3
3.5000560E-1 2.6939640E-3
3.5994670E-1 3.3946110E-3
3.6993310E-1 4.1190760E-3
3.7991910E-1 5.1125360E-3
3.8997410E-1 6.1465000E-3
3.9998290E-1 7.4448810E-3
4.0983250E-1 8.6348990E-3
4.1996720E-1 1.0020670E-2
4.3004470E-1 1.1462960E-2
4.3994000E-1 1.3002190E-2
4.4997220E-1 1.4451060E-2
4.5996950E-1 1.6244610E-2
4.6999030E-1 1.7973270E-2
4.8003340E-1 1.9999130E-2
4.8988290E-1 2.1759660E-2
5.0005200E-1 2.3714840E-2
5.0994680E-1 2.5460900E-2
5.2001330E-1 2.7574230E-2
5.2996540E-1 2.9566480E-2
5.4000850E-1 3.1829280E-2
