-9.0010640E-2 -4.1420900E-6
-6.0017110E-2 -2.8155990E-6
-3.0024050E-2 -1.4000380E-6
2.4732950E-4 -1.4915570E-8
9.5362660E-3 4.5140340E-7
2.0127950E-2 9.4713390E-7
3.0019760E-2 1.4432030E-6
3.9926530E-2 1.9791530E-6
5.0026890E-2 2.5230270E-6
5.9922220E-2 3.0767300E-6
6.9977280E-2 3.6538880E-6
7.9986570E-2 4.3018590E-6
9.0041160E-2 4.9761400E-6
1.0003900E-1 5.8085300E-6
1.1000300E-1 6.6412380E-6
1.1990930E-1 7.6418820E-6
1.2996440E-1 8.7293160E-6
1.3998510E-1 1.0273770E-5
1.4998290E-1 1.2128950E-5
1.6001510E-1 1.4286170E-5
1.7006970E-1 1.7309750E-5
1.7997650E-1 2.1144030E-5
1.8991710E-1 2.6709310E-5
2.0001750E-1 3.3177490E-5
2.0995860E-1 4.2291150E-5
2.1991300E-1 5.3618890E-5
2.2989940E-1 7.0674840E-5
2.3979470E-1 9.2835050E-5
2.4994090E-1 1.2530740E-4
2.5989340E-1 1.6260080E-4
2.6991420E-1 2.2269580E-4
2.7991200E-1 2.9887140E-4
2.9004670E-1 4.1744950E-4
2.9997630E-1 5.5540770E-4
3.1004240E-1 7.5489330E-4
3.1982370E-1 9.8650550E-4
3.2998130E-1 1.3768880E-3
3.3993390E-1 1.7974810E-3
3.4997700E-1 2.3690890E-3
3.5992960E-1 2.9965580E-3
3.6988160E-1 3.9064140E-3
3.7997100E-1 4.9201700E-3
3.9001460E-1 6.2622070E-3
3.9996670E-1 7.5767770E-3
4.1003320E-1 9.1718190E-3
4.1997390E-1 1.0873390E-2
4.3000600E-1 1.2779950E-2
4.4000390E-1 1.4583960E-2
4.4993350E-1 1.6866490E-2
4.5994280E-1 1.9104990E-2
4.7005460E-1 2.1747860E-2
4.7996140E-1 2.4095280E-2
4.9000500E-1 2.6722510E-2
5.0006010E-1 2.9127850E-2
5.1001210E-1 3.1955530E-2
