-2.3000E-3 -1.2540E-4
1.7800E-2 -1.2520E-4
3.7800E-2 -1.2490E-4
5.7700E-2 -1.2460E-4
7.7800E-2 -1.2430E-4
9.7800E-2 -1.2390E-4
1.1750E-1 -1.2340E-4
1.3770E-1 -1.2280E-4
1.5750E-1 -1.2210E-4
1.7770E-1 -1.2070E-4
1.9780E-1 -1.1870E-4
2.1790E-1 -1.1540E-4
2.3780E-1 -1.0990E-4
2.5770E-1 -9.9800E-5
2.7750E-1 -8.0720E-5
2.9730E-1 -4.3970E-5
3.1730E-1 2.7640E-5
3.3720E-1 1.6000E-4
3.5710E-1 4.4920E-4
3.7760E-1 9.9280E-4
3.9610E-1 2.0140E-3
4.1730E-1 3.8700E-3
4.3710E-1 6.9670E-3
4.5690E-1 1.1754E-2
4.7670E-1 1.8580E-2
4.9650E-1 2.7590E-2
