3.7123E-2 3.5850E-7
5.8100E-2 7.1710E-7
7.8100E-2 1.3020E-6
9.8300E-2 2.2600E-6
1.1830E-1 3.8040E-6
1.3850E-1 6.2850E-6
1.5850E-1 1.0141E-5
1.7860E-1 1.6100E-5
1.9870E-1 2.5250E-5
2.1880E-1 3.9170E-5
2.3880E-1 6.0350E-5
2.5890E-1 9.3050E-5
2.7890E-1 1.4470E-4
2.9890E-1 2.2870E-4
3.1880E-1 3.6930E-4
3.3890E-1 6.1190E-4
3.5900E-1 1.0332E-3
3.7910E-1 1.7520E-3
3.9910E-1 2.9260E-3
4.1930E-1 4.7330E-3
4.3930E-1 7.2530E-3
4.5920E-1 1.0515E-2
4.7910E-1 1.4460E-2
4.9920E-1 1.9010E-2
5.1900E-1 2.4060E-2
