1.053E-3 -2.137E-4
1.069E-2 -2.122E-4
2.078E-2 -2.108E-4
3.040E-2 -2.094E-4
4.031E-2 -2.079E-4
5.021E-2 -2.062E-4
6.087E-2 -2.044E-4
7.093E-2 -2.025E-4
8.074E-2 -2.007E-4
9.064E-2 -1.989E-4
1.004E-1 -1.969E-4
1.113E-1 -1.943E-4
1.214E-1 -1.921E-4
1.310E-1 -1.898E-4
1.410E-1 -1.872E-4
1.510E-1 -1.845E-4
1.620E-1 -1.812E-4
1.717E-1 -1.779E-4
1.818E-1 -1.745E-4
1.916E-1 -1.709E-4
2.012E-1 -1.673E-4
2.110E-1 -1.631E-4
2.223E-1 -1.583E-4
2.321E-1 -1.534E-4
2.418E-1 -1.485E-4
2.517E-1 -1.432E-4
2.616E-1 -1.372E-4
2.726E-1 -1.304E-4
2.825E-1 -1.238E-4
2.923E-1 -1.178E-4
3.020E-1 -1.106E-4
3.120E-1 -1.031E-4
3.230E-1 -9.402E-5
3.329E-1 -8.678E-5
3.426E-1 -7.732E-5
3.524E-1 -6.832E-5
3.622E-1 -5.966E-5
3.735E-1 -4.895E-5
3.831E-1 -3.803E-5
3.929E-1 -2.792E-5
4.028E-1 -1.665E-5
4.224E-1 6.389E-6
4.437E-1 3.381E-5
4.632E-1 6.102E-5
4.842E-1 9.357E-5
5.037E-1 1.241E-4
5.542E-1 2.149E-4
6.046E-1 3.138E-4
6.551E-1 4.180E-4
7.053E-1 5.229E-4
7.556E-1 6.241E-4
8.062E-1 7.230E-4
8.567E-1 8.174E-4
9.071E-1 9.063E-4
9.572E-1 9.941E-4
1.007E+0 1.076E-3
