0.000E+0 -0.30844392
1.000E-2 -0.308428475
2.000E-2 -0.308411875
3.000E-2 -0.30839369
4.000E-2 -0.308373318
5.000E-2 -0.308349911
6.000E-2 -0.308322279
7.000E-2 -0.308288745
8.000E-2 -0.30824695
9.000E-2 -0.308193572
1.000E-1 -0.308123932
1.100E-1 -0.308031442
1.200E-1 -0.307906817
1.300E-1 -0.30773697
1.400E-1 -0.307503457
1.500E-1 -0.307180267
1.600E-1 -0.306730716
1.700E-1 -0.306103063
1.800E-1 -0.305224307
1.900E-1 -0.30399138
2.000E-1 -0.302259123
2.100E-1 -0.29982244
2.200E-1 -0.296392127
2.300E-1 -0.291560341
2.400E-1 -0.284752183
2.500E-1 -0.275157808
2.600E-1 -0.261637515
2.700E-1 -0.242589579
2.800E-1 -0.215767257
2.900E-1 -0.17802733
3.000E-1 -0.124988061
3.100E-1 -0.0505700745
3.200E-1 0.0536098364
