0.000E+0 0
1.000E-2 7.38249628E-13
2.000E-2 1.79050077E-12
3.000E-2 3.29104325E-12
4.000E-2 5.43164153E-12
5.000E-2 8.48596444E-12
6.000E-2 1.28445725E-11
7.000E-2 1.90648362E-11
8.000E-2 2.7942214E-11
9.000E-2 4.06120808E-11
1.000E-1 5.86952791E-11
1.100E-1 8.45062973E-11
1.200E-1 1.21351208E-10
1.300E-1 1.73954337E-10
1.400E-1 2.49069617E-10
1.500E-1 3.56356996E-10
1.600E-1 5.09639265E-10
1.700E-1 7.28704906E-10
1.800E-1 1.0418946E-9
1.900E-1 1.48981232E-9
2.000E-1 2.13065003E-9
2.100E-1 3.04782723E-9
2.200E-1 4.36095049E-9
2.300E-1 6.24153311E-9
2.400E-1 8.93553571E-9
2.500E-1 1.27956742E-8
2.600E-1 1.83276986E-8
2.700E-1 2.62566237E-8
2.800E-1 3.7621391E-8
2.900E-1 5.39099134E-8
3.000E-1 7.72512297E-8
3.100E-1 1.10687924E-7
3.200E-1 1.58560431E-7
3.300E-1 2.27045612E-7
3.400E-1 3.24905199E-7
3.500E-1 4.64516147E-7
3.600E-1 6.63273691E-7
3.700E-1 9.4549132E-7
3.800E-1 1.34497836E-6
3.900E-1 1.90859687E-6
4.000E-1 2.70133739E-6
4.100E-1 3.81379327E-6
4.200E-1 5.37325281E-6
4.300E-1 7.55972029E-6
4.400E-1 1.06277959E-5
4.500E-1 1.49347711E-5
