0.000E+0 0
1.000E-2 6.26251549E-13
2.000E-2 1.49778358E-12
3.000E-2 2.71192407E-12
4.000E-2 4.40463591E-12
5.000E-2 6.76587439E-12
6.000E-2 1.0061071E-11
7.000E-2 1.4661203E-11
8.000E-2 2.10849038E-11
9.000E-2 3.00574691E-11
1.000E-1 4.25935854E-11
1.100E-1 6.01133811E-11
1.200E-1 8.4605297E-11
1.300E-1 1.18854758E-10
1.400E-1 1.66765328E-10
1.500E-1 2.33809851E-10
1.600E-1 3.27664296E-10
1.700E-1 4.59098378E-10
1.800E-1 6.43227077E-10
1.900E-1 9.01269363E-10
2.000E-1 1.26301979E-9
2.100E-1 1.77032199E-9
2.200E-1 2.48195039E-9
2.300E-1 3.48047118E-9
2.400E-1 4.88188518E-9
2.500E-1 6.84918079E-9
2.600E-1 9.61138239E-9
2.700E-1 1.34903222E-8
2.800E-1 1.89382653E-8
2.900E-1 2.6590786E-8
3.000E-1 3.73410674E-8
3.100E-1 5.24442934E-8
3.200E-1 7.36642862E-8
3.300E-1 1.03479425E-7
3.400E-1 1.4537169E-7
3.500E-1 2.04232135E-7
3.600E-1 2.86929206E-7
3.700E-1 4.03104336E-7
3.800E-1 5.66283778E-7
3.900E-1 7.95428615E-7
4.000E-1 1.11708814E-6
4.100E-1 1.56837652E-6
4.200E-1 2.20105968E-6
4.300E-1 3.08710673E-6
4.400E-1 4.32612052E-6
4.500E-1 6.0550634E-6
