-9.0260510E-2 -2.0056240E-4
-5.9982780E-2 -1.9923450E-4
-3.0001160E-2 -1.9797610E-4
-1.1429190E-4 -1.9618430E-4
1.0474980E-2 -1.9584210E-4
1.9954650E-2 -1.9501870E-4
3.0110840E-2 -1.9495490E-4
3.9834980E-2 -1.9414890E-4
5.0140860E-2 -1.9399230E-4
5.9967520E-2 -1.9318050E-4
6.9976810E-2 -1.9252520E-4
8.0065730E-2 -1.9189320E-4
8.9961050E-2 -1.9129590E-4
1.0003850E-1 -1.9033910E-4
1.0992190E-1 -1.8936490E-4
1.2001130E-1 -1.8807750E-4
1.3003160E-1 -1.8692350E-4
1.3999510E-1 -1.8534620E-4
1.4998150E-1 -1.8357750E-4
1.5995650E-1 -1.8128710E-4
1.7001150E-1 -1.7834120E-4
1.8000940E-1 -1.7396880E-4
1.9002960E-1 -1.6887740E-4
1.9995930E-1 -1.6178550E-4
2.0995660E-1 -1.5281470E-4
2.1995690E-1 -1.4042250E-4
2.2994330E-1 -1.2103700E-4
2.4010090E-1 -9.7183250E-5
2.4997330E-1 -6.7597880E-5
2.6014180E-1 -2.3185320E-5
2.6975200E-1 2.7364950E-5
2.7998970E-1 1.2186750E-4
2.8996470E-1 2.2424830E-4
2.9993960E-1 3.7549650E-4
3.0984640E-1 5.4724420E-4
3.1992390E-1 8.2613900E-4
3.2997850E-1 1.1872710E-3
3.3997630E-1 1.6426870E-3
3.4990600E-1 2.1500250E-3
3.6008600E-1 2.9231140E-3
3.6993600E-1 3.7831250E-3
3.7999060E-1 4.9935500E-3
3.8994310E-1 6.1477660E-3
3.9990660E-1 7.6051690E-3
4.1000700E-1 9.0042170E-3
4.1992520E-1 1.0964260E-2
4.2997980E-1 1.2686580E-2
4.3986370E-1 1.4915210E-2
4.4999840E-1 1.7094610E-2
4.5999620E-1 1.9739200E-2
4.7007370E-1 2.2021710E-2
4.8002620E-1 2.4652970E-2
4.8998980E-1 2.6982980E-2
4.9999900E-1 2.9878990E-2
5.0995110E-1 3.2597740E-2
