-9.0066910E-2 -2.0104370E-4
-5.9959890E-2 -1.9969260E-4
-3.0046460E-2 -1.9815590E-4
-9.8973510E-5 -1.9665400E-4
1.0380720E-2 -1.9629440E-4
2.0041790E-2 -1.9519260E-4
2.9848580E-2 -1.9539570E-4
4.0062900E-2 -1.9453160E-4
4.9969200E-2 -1.9451420E-4
6.0126780E-2 -1.9373140E-4
6.9828030E-2 -1.9307610E-4
8.0088140E-2 -1.9231650E-4
8.9949130E-2 -1.9126110E-4
1.0006090E-1 -1.9047230E-4
1.0989900E-1 -1.8986930E-4
1.1996510E-1 -1.8864000E-4
1.2984900E-1 -1.8733520E-4
1.4023450E-1 -1.8607690E-4
1.4986710E-1 -1.8391390E-4
1.6021820E-1 -1.8191910E-4
1.7009070E-1 -1.7863700E-4
1.7998600E-1 -1.7453720E-4
1.9000630E-1 -1.6853530E-4
1.9993590E-1 -1.6208120E-4
2.1000190E-1 -1.5255950E-4
2.1990010E-1 -1.4094440E-4
2.2993180E-1 -1.2395950E-4
2.3997550E-1 -1.0017840E-4
2.4990460E-1 -6.7772450E-5
2.5992540E-1 -2.5750760E-5
2.6983210E-1 3.1471750E-5
2.7986430E-1 1.0266230E-4
2.8986220E-1 2.1508010E-4
2.9996250E-1 3.7036440E-4
3.0993750E-1 5.6436840E-4
3.2009510E-1 8.2318740E-4
3.2996750E-1 1.1530220E-3
3.3997680E-1 1.6609390E-3
3.4998560E-1 2.2072200E-3
3.6002920E-1 2.9506960E-3
3.6986730E-1 3.7425630E-3
3.7999060E-1 4.8323960E-3
3.8981770E-1 6.0480960E-3
3.9999770E-1 7.5686610E-3
4.0998410E-1 9.1120000E-3
4.1999340E-1 1.1032630E-2
4.3000270E-1 1.2855160E-2
4.3996620E-1 1.4984730E-2
4.4994120E-1 1.7003660E-2
4.5996190E-1 1.9419420E-2
4.6999410E-1 2.1853120E-2
4.8000340E-1 2.4516250E-2
4.9001260E-1 2.7133030E-2
4.9999900E-1 2.9765440E-2
5.0991680E-1 3.2584980E-2
