-9.0065480E-2 -1.9929510E-4
-6.0072900E-2 -1.9822820E-4
-3.0045990E-2 -1.9675530E-4
-2.1559000E-4 -1.9562450E-4
1.0427680E-2 -1.9538680E-4
2.0162820E-2 -1.9419230E-4
3.0007360E-2 -1.9394860E-4
3.9970870E-2 -1.9342670E-4
5.0048350E-2 -1.9295130E-4
5.9988980E-2 -1.9240620E-4
6.9986340E-2 -1.9201190E-4
7.9949860E-2 -1.9142040E-4
8.9936260E-2 -1.9076510E-4
1.0002470E-1 -1.8988380E-4
1.1001110E-1 -1.8872400E-4
1.2000890E-1 -1.8782520E-4
1.2996050E-1 -1.8670610E-4
1.4012960E-1 -1.8526220E-4
1.4997860E-1 -1.8349930E-4
1.6001030E-1 -1.8120880E-4
1.6997390E-1 -1.7835000E-4
1.8002840E-1 -1.7463880E-4
1.8999200E-1 -1.7022020E-4
1.9996690E-1 -1.6282670E-4
2.0999860E-1 -1.5415180E-4
2.1997590E-1 -1.4131910E-4
2.2988270E-1 -1.2530290E-4
2.3999450E-1 -1.0326760E-4
2.5006060E-1 -7.3836870E-5
2.5994400E-1 -3.3224410E-5
2.7002140E-1 2.1893300E-5
2.7979140E-1 9.9978120E-5
2.9006240E-1 2.0584460E-4
2.9996870E-1 3.3466050E-4
3.0990980E-1 5.2009080E-4
3.1983900E-1 7.6341680E-4
3.2998470E-1 1.0911170E-3
3.4000540E-1 1.4388600E-3
3.4995750E-1 1.9581840E-3
3.5994340E-1 2.5427580E-3
3.6997560E-1 3.3286400E-3
3.7999580E-1 4.1409470E-3
3.9005040E-1 5.1029320E-3
3.9996860E-1 6.1122610E-3
4.1000030E-1 7.3139160E-3
4.1989520E-1 8.6088680E-3
4.2995020E-1 1.0006040E-2
4.3994760E-1 1.1381780E-2
4.5001360E-1 1.3062920E-2
4.6001150E-1 1.4609680E-2
4.7000930E-1 1.6275180E-2
4.8002960E-1 1.7938380E-2
4.8999310E-1 1.9738290E-2
5.0002480E-1 2.1618140E-2
5.0996540E-1 2.3471940E-2
5.2003190E-1 2.5366280E-2
5.2998400E-1 2.7145330E-2
5.4010680E-1 2.9202460E-2
5.5002450E-1 3.1198750E-2
