0.000E+0 -30.8969877
1.000E-2 -30.8956701
2.000E-2 -30.8944372
3.000E-2 -30.8931949
4.000E-2 -30.8919429
5.000E-2 -30.8906811
6.000E-2 -30.8894098
7.000E-2 -30.888128
8.000E-2 -30.8868357
9.000E-2 -30.8855321
1.000E-1 -30.8842178
1.100E-1 -30.8828917
1.200E-1 -30.8815531
1.300E-1 -30.8802025
1.400E-1 -30.8788387
1.500E-1 -30.8774616
1.600E-1 -30.8760702
1.700E-1 -30.874664
1.800E-1 -30.8732422
1.900E-1 -30.8718033
2.000E-1 -30.8703463
2.100E-1 -30.8688691
2.200E-1 -30.8673693
2.300E-1 -30.8658432
2.400E-1 -30.8642861
2.500E-1 -30.8626914
2.600E-1 -30.861049
2.700E-1 -30.8593448
2.800E-1 -30.8575585
2.900E-1 -30.8556598
3.000E-1 -30.853605
3.100E-1 -30.8513299
3.200E-1 -30.8487396
3.300E-1 -30.8456947
3.400E-1 -30.8419899
3.500E-1 -30.8373215
3.600E-1 -30.8312417
3.700E-1 -30.8230889
3.800E-1 -30.8118855
3.900E-1 -30.7961864
4.000E-1 -30.7738578
4.100E-1 -30.7417468
4.200E-1 -30.6952
4.300E-1 -30.6273546
4.400E-1 -30.5281057
4.500E-1 -30.3826079
4.600E-1 -30.1691268
4.700E-1 -29.8559999
4.800E-1 -29.39744
4.900E-1 -28.7279264
5.000E-1 -27.7550953
5.100E-1 -26.3514286
5.200E-1 -24.3457716
5.300E-1 -21.5166581
5.400E-1 -17.5900454
5.500E-1 -12.2432791
5.600E-1 -5.1140914
5.700E-1 4.19080105
