-9.0103150E-2 -4.0870640E-6
-6.0052390E-2 -2.8039790E-6
-3.0115600E-2 -1.3746380E-6
5.5831670E-4 3.9399590E-10
1.0014650E-2 4.5952830E-7
2.0026980E-2 9.4558050E-7
2.9963020E-2 1.4297880E-6
3.9961340E-2 1.9673320E-6
4.9947740E-2 2.4991060E-6
5.9968470E-2 3.0613760E-6
6.9978240E-2 3.6460240E-6
8.0010410E-2 4.2574880E-6
8.9973930E-2 4.9670930E-6
1.0001750E-1 5.7194900E-6
1.1001590E-1 6.6719060E-6
1.1986540E-1 7.6480940E-6
1.2994340E-1 8.8674100E-6
1.3995270E-1 1.0192290E-5
1.4998480E-1 1.2225980E-5
1.5994880E-1 1.4568810E-5
1.7000390E-1 1.7410930E-5
1.7997880E-1 2.1455200E-5
1.9000010E-1 2.6729450E-5
1.9999790E-1 3.4384810E-5
2.0999570E-1 4.3409320E-5
2.2003030E-1 5.6747780E-5
2.2986890E-1 7.1915830E-5
2.3991250E-1 9.6252770E-5
2.4979640E-1 1.2938050E-4
2.5995450E-1 1.7409730E-4
2.6990650E-1 2.2607460E-4
2.7987050E-1 3.1155320E-4
2.8995990E-1 4.1921930E-4
3.0003790E-1 5.8556650E-4
3.0999040E-1 7.7391530E-4
3.2005690E-1 1.0452030E-3
3.2991790E-1 1.3699570E-3
3.3990480E-1 1.8501860E-3
3.5001660E-1 2.3774130E-3
3.5999200E-1 3.0638280E-3
3.7000130E-1 3.7806670E-3
3.7993140E-1 4.8126950E-3
3.8992930E-1 5.9113650E-3
4.0004160E-1 7.3211100E-3
4.0998270E-1 8.6502450E-3
4.2000340E-1 1.0236210E-2
4.3006990E-1 1.1867700E-2
4.3996520E-1 1.3659580E-2
4.4995210E-1 1.5327470E-2
4.5999570E-1 1.7443190E-2
4.7000500E-1 1.9499240E-2
4.7993470E-1 2.1900000E-2
4.8986430E-1 2.3987900E-2
5.0001100E-1 2.6320870E-2
5.1002030E-1 2.8371140E-2
5.2005240E-1 3.0920770E-2
