-9.0031150E-2 -4.1686130E-6
-5.9992790E-2 -2.8621230E-6
-3.0011650E-2 -1.4165490E-6
1.2952090E-4 -1.6035670E-8
9.8988120E-3 4.8903890E-7
1.9653950E-2 9.4236020E-7
2.9995920E-2 1.4498870E-6
4.0005210E-2 2.0528970E-6
5.0036910E-2 2.5430000E-6
5.9954640E-2 3.1126640E-6
6.9975380E-2 3.6274270E-6
7.9972740E-2 4.2946540E-6
8.9947700E-2 4.9673340E-6
1.0003610E-1 5.8140940E-6
1.0997680E-1 6.6245300E-6
1.2004280E-1 7.6526650E-6
1.2989230E-1 8.6975940E-6
1.3996980E-1 1.0172340E-5
1.4987610E-1 1.1983090E-5
1.5997650E-1 1.4015590E-5
1.6998530E-1 1.6938780E-5
1.7998310E-1 2.0556680E-5
1.9000340E-1 2.5866090E-5
2.0000120E-1 3.2252340E-5
2.1001010E-1 4.0825340E-5
2.1990780E-1 5.2070450E-5
2.2998520E-1 6.7658290E-5
2.4000600E-1 9.1395840E-5
2.4995800E-1 1.1796880E-4
2.5991010E-1 1.5679790E-4
2.6996470E-1 2.1008360E-4
2.7995060E-1 2.8717940E-4
2.8991410E-1 3.8136450E-4
2.9992340E-1 5.1069660E-4
3.0993220E-1 6.6432590E-4
3.1993010E-1 8.9844900E-4
3.2996180E-1 1.1965220E-3
3.3995960E-1 1.5522610E-3
3.4998040E-1 1.9793920E-3
3.6001210E-1 2.5184190E-3
3.6994120E-1 3.1483080E-3
3.7997290E-1 3.9349440E-3
3.8997080E-1 4.7109180E-3
3.9991140E-1 5.6205190E-3
4.0995450E-1 6.5107660E-3
4.1994090E-1 7.6461880E-3
4.2999550E-1 8.7804510E-3
4.3997050E-1 1.0125410E-2
4.4995690E-1 1.1269960E-2
4.5995470E-1 1.2708370E-2
4.6999790E-1 1.3988060E-2
4.7999530E-1 1.5397520E-2
4.9000450E-1 1.6684740E-2
5.0000240E-1 1.8258720E-2
5.1006840E-1 1.9750450E-2
5.1991800E-1 2.1465780E-2
5.3000640E-1 2.2940700E-2
5.3995900E-1 2.4544810E-2
5.4999070E-1 2.5985540E-2
5.5999950E-1 2.7692760E-2
5.6995150E-1 2.9326410E-2
5.8010910E-1 3.1115900E-2
