0.000E+0 0
1.000E-2 1.46336337E-11
2.000E-2 3.52010361E-11
3.000E-2 6.41298934E-11
4.000E-2 1.04839663E-10
5.000E-2 1.62146186E-10
6.000E-2 2.42831566E-10
7.000E-2 3.56447161E-10
8.000E-2 5.16445771E-10
9.000E-2 7.41779064E-10
1.000E-1 1.05915329E-9
1.100E-1 1.50621724E-9
1.200E-1 2.13598645E-9
1.300E-1 3.02345856E-9
1.400E-1 4.27449076E-9
1.500E-1 6.03853033E-9
1.600E-1 8.52693381E-9
1.700E-1 1.20386932E-8
1.800E-1 1.69970003E-8
1.900E-1 2.40011244E-8
2.000E-1 3.39000206E-8
2.100E-1 4.7896773E-8
2.200E-1 6.7696784E-8
2.300E-1 9.57180203E-8
2.400E-1 1.35389263E-7
2.500E-1 1.91573113E-7
2.600E-1 2.71165748E-7
2.700E-1 3.83946875E-7
2.800E-1 5.43783437E-7
2.900E-1 7.70332605E-7
3.000E-1 1.0914478E-6
3.100E-1 1.54657125E-6
3.200E-1 2.19150454E-6
3.300E-1 3.10509168E-6
3.400E-1 4.39853406E-6
3.500E-1 6.22828669E-6
3.600E-1 8.81378643E-6
3.700E-1 1.2461443E-5
3.800E-1 1.75969456E-5
3.900E-1 2.48080043E-5
4.000E-1 3.49001376E-5
4.100E-1 4.89685067E-5
4.200E-1 6.84883752E-5
4.300E-1 9.54246056E-5
4.400E-1 0.000132354521
4.500E-1 0.000182575619
