-9.0053560E-2 -3.8210100E-4
-5.9958930E-2 -2.5595480E-4
-2.9989240E-2 -1.2904890E-4
9.3877320E-6 -8.1254260E-9
9.9871750E-3 4.3114730E-5
1.9875410E-2 8.5087870E-5
3.0030250E-2 1.2968250E-4
4.0005210E-2 1.7388140E-4
5.0002570E-2 2.1820790E-4
5.9988980E-2 2.6302160E-4
6.9997790E-2 3.0757420E-4
8.0018520E-2 3.5268930E-4
9.0004440E-2 3.9830900E-4
1.0001370E-1 4.4514630E-4
1.0999970E-1 4.9254040E-4
1.2000890E-1 5.4114060E-4
1.2999490E-1 5.9041360E-4
1.3999270E-1 6.4101440E-4
1.5001300E-1 6.9389420E-4
1.6001080E-1 7.4925020E-4
1.7000820E-1 8.0812610E-4
1.7997170E-1 8.7012750E-4
1.9000340E-1 9.3667510E-4
1.9997840E-1 1.0086560E-3
2.0999860E-1 1.0898410E-3
2.1997640E-1 1.1797170E-3
2.2995090E-1 1.2811830E-3
2.3999450E-1 1.3979470E-3
2.4993520E-1 1.5355140E-3
2.5994400E-1 1.6984620E-3
2.6995330E-1 1.8956010E-3
2.7996210E-1 2.1301140E-3
2.8995990E-1 2.4186340E-3
2.9996920E-1 2.7741420E-3
3.0998950E-1 3.2202790E-3
3.1995300E-1 3.7758780E-3
3.2996230E-1 4.4693350E-3
3.3998250E-1 5.3172220E-3
3.4996890E-1 6.3760950E-3
3.5998920E-1 7.6667010E-3
3.6995270E-1 9.2544610E-3
3.7999580E-1 1.1153500E-2
3.8995930E-1 1.3430770E-2
3.9995720E-1 1.6082850E-2
4.1000030E-1 1.9159560E-2
4.1996380E-1 2.2593690E-2
4.2999550E-1 2.6473330E-2
4.3997050E-1 3.0742820E-2
