-9.0044500E-2 -4.5553020E-4
-5.9960370E-2 -3.0485740E-4
-3.0012610E-2 -1.5327400E-4
-7.4237590E-5 -9.5258490E-9
9.9979940E-3 5.0788410E-5
1.9739240E-2 9.8953530E-5
3.0008320E-2 1.5423280E-4
3.9994720E-2 2.0591360E-4
5.0015450E-2 2.5762310E-4
5.9978960E-2 3.1045800E-4
6.9999690E-2 3.6315340E-4
8.0008980E-2 4.1625490E-4
9.0006830E-2 4.6898520E-4
1.0001610E-1 5.2209250E-4
1.1000250E-1 5.7564050E-4
1.2000040E-1 6.2978570E-4
1.2997530E-1 6.8459800E-4
1.3999610E-1 7.3924780E-4
1.4999390E-1 7.9419910E-4
1.6004900E-1 8.4912150E-4
1.6995530E-1 9.0505280E-4
1.8004470E-1 9.6267180E-4
1.8995090E-1 1.0194270E-3
1.9998310E-1 1.0779310E-3
2.0999240E-1 1.1370390E-3
2.1997020E-1 1.1979430E-3
2.2994520E-1 1.2607590E-3
2.3996590E-1 1.3246780E-3
2.4994130E-1 1.3914930E-3
2.5995060E-1 1.4614950E-3
2.6995990E-1 1.5375240E-3
2.7995780E-1 1.6185940E-3
2.8995560E-1 1.7071980E-3
2.9996490E-1 1.8041470E-3
3.0997420E-1 1.9128580E-3
3.1996060E-1 2.0375640E-3
3.2996990E-1 2.1820890E-3
3.3997960E-1 2.3536180E-3
3.4998890E-1 2.5571340E-3
3.5998680E-1 2.8017350E-3
3.6995030E-1 3.0986650E-3
3.7999390E-1 3.4711600E-3
3.8996890E-1 3.9344620E-3
3.9995570E-1 4.5147040E-3
4.0997600E-1 5.2335600E-3
4.1996290E-1 6.1296220E-3
4.3000600E-1 7.2382990E-3
4.3995860E-1 8.6206100E-3
4.4996790E-1 1.0293830E-2
4.5998860E-1 1.2304900E-2
4.6999790E-1 1.4687660E-2
4.8000720E-1 1.7470720E-2
4.9002790E-1 2.0614700E-2
5.0006010E-1 2.4148570E-2
5.0997830E-1 2.8044510E-2
5.2001050E-1 3.2399280E-2
