-9.0018750E-2 -5.9672580E-4
-5.9947010E-2 -4.6957160E-4
-2.9988770E-2 -3.4153020E-4
1.6450880E-5 -2.1256670E-4
1.0004760E-2 -1.6899520E-4
2.0017770E-2 -1.2573670E-4
3.0041690E-2 -8.2122700E-5
3.9993760E-2 -3.8594950E-5
4.9991130E-2 5.8766180E-6
6.0000420E-2 5.0510730E-5
6.9986340E-2 9.4898730E-5
8.0097680E-2 1.4091380E-4
8.9981560E-2 1.8693300E-4
1.0011580E-1 2.3261620E-4
1.0998770E-1 2.8003890E-4
1.2008810E-1 3.2823280E-4
1.2993720E-1 3.7788810E-4
1.4003750E-1 4.2809990E-4
1.4992090E-1 4.8096200E-4
1.6008950E-1 5.3447930E-4
1.7000720E-1 5.9221220E-4
1.7998220E-1 6.5356940E-4
1.9000240E-1 7.1995430E-4
1.9998840E-1 7.9170290E-4
2.0997480E-1 8.7063060E-4
2.1998550E-1 9.5796070E-4
2.2994900E-1 1.0608580E-3
2.3998070E-1 1.1766370E-3
2.4995570E-1 1.3120010E-3
2.5994210E-1 1.4721660E-3
2.6995090E-1 1.6680840E-3
2.7995970E-1 1.9052610E-3
2.8998040E-1 2.1984730E-3
2.9997780E-1 2.5571640E-3
3.0995270E-1 3.0054410E-3
3.1996150E-1 3.5653260E-3
3.2998180E-1 4.2796950E-3
3.3995680E-1 5.1728320E-3
3.4996560E-1 6.3016970E-3
3.5995200E-1 7.6847170E-3
3.6992690E-1 9.4018020E-3
3.7998150E-1 1.1542140E-2
3.8994460E-1 1.4106140E-2
3.9995380E-1 1.7149810E-2
4.0999700E-1 2.0808680E-2
4.1997190E-1 2.5026590E-2
4.2999220E-1 2.9886380E-2
4.3996720E-1 3.5253050E-2
