0.000E+0 0
1.000E-2 1.52428937E-13
2.000E-2 3.68099062E-13
3.000E-2 6.73343483E-13
4.000E-2 1.10546108E-12
5.000E-2 1.71728465E-12
6.000E-2 2.5836548E-12
7.000E-2 3.81059692E-12
8.000E-2 5.54833356E-12
9.000E-2 8.00973982E-12
1.000E-1 1.14965269E-11
1.100E-1 1.64363977E-11
1.200E-1 2.34357868E-11
1.300E-1 3.33547323E-11
1.400E-1 4.74131857E-11
1.500E-1 6.73419715E-11
1.600E-1 9.55971689E-11
1.700E-1 1.35664569E-10
1.800E-1 1.9249207E-10
1.900E-1 2.73103787E-10
2.000E-1 3.87472242E-10
2.100E-1 5.49757132E-10
2.200E-1 7.80064767E-10
2.300E-1 1.10694705E-9
2.400E-1 1.57095089E-9
2.500E-1 2.22965971E-9
2.600E-1 3.16485432E-9
2.700E-1 4.49268419E-9
2.800E-1 6.37811499E-9
2.900E-1 9.05544985E-9
3.000E-1 1.28574789E-8
3.100E-1 1.8256884E-8
3.200E-1 2.59250521E-8
3.300E-1 3.68156161E-8
3.400E-1 5.22831217E-8
3.500E-1 7.42515868E-8
3.600E-1 1.05453934E-7
3.700E-1 1.49772091E-7
3.800E-1 2.1267864E-7
3.900E-1 3.02071408E-7
4.000E-1 4.29044437E-7
4.100E-1 6.09397606E-7
4.200E-1 8.6557364E-7
4.300E-1 1.22945082E-6
4.400E-1 1.74630961E-6
4.500E-1 2.48051338E-6
