0.0000000E+0 9.8659361E-7
3.7500000E-2 1.2732093E-6
7.5000000E-2 1.7209656E-6
1.1250000E-1 2.3153681E-6
1.5000000E-1 3.2241311E-6
1.8750000E-1 4.4485583E-6
2.2500000E-1 6.0167882E-6
2.6250000E-1 8.5686905E-6
3.0000000E-1 1.2282412E-5
3.3750000E-1 1.8550765E-5
3.7500000E-1 2.8998787E-5
4.1250000E-1 4.4269279E-5
4.5000000E-1 6.3857058E-5
4.8750000E-1 8.7964741E-5
5.2500000E-1 1.1272366E-4
5.6250000E-1 1.2846306E-4
6.0000000E-1 1.2750892E-4
6.3750000E-1 1.0159419E-4
6.7500000E-1 3.4814210E-5
7.1250000E-1 -1.5369302E-4
7.5000000E-1 4.0730647E-4
7.8750000E-1 4.0279055E-4
8.2500000E-1 3.9639801E-4
8.6250000E-1 3.8903433E-4
9.0000000E-1 3.8080000E-4
9.3750000E-1 3.7199353E-4
9.7500000E-1 3.6312786E-4
1.0125000E+0 3.5406816E-4
1.0500000E+0 3.4485522E-4
1.0875000E+0 3.3587363E-4
1.1250000E+0 3.2711095E-4
1.1625000E+0 3.1843433E-4
1.2000000E+0 3.0999055E-4
1.2375000E+0 3.0162438E-4
1.2750000E+0 2.9359950E-4
1.3125000E+0 2.8578408E-4
1.3500000E+0 2.7827264E-4
1.3875000E+0 2.7081443E-4
1.4250000E+0 2.6340547E-4
1.4625000E+0 2.5619602E-4
1.5000000E+0 2.4887413E-4
