0.000E+0 0
1.000E-2 3.48087093E-14
2.000E-2 8.32997413E-14
3.000E-2 1.51055934E-13
4.000E-2 2.45924326E-13
5.000E-2 3.78930675E-13
6.000E-2 5.65564862E-13
7.000E-2 8.27590524E-13
8.000E-2 1.19559818E-12
9.000E-2 1.71261667E-12
1.000E-1 2.4392363E-12
1.100E-1 3.46089898E-12
1.200E-1 4.89830266E-12
1.300E-1 6.92229093E-12
1.400E-1 9.77521055E-12
1.500E-1 1.38016008E-11
1.600E-1 1.94923491E-11
1.700E-1 2.75482758E-11
1.800E-1 3.89717465E-11
1.900E-1 5.51987114E-11
2.000E-1 7.82890543E-11
2.100E-1 1.11201057E-10
2.200E-1 1.58187218E-10
2.300E-1 2.25365191E-10
2.400E-1 3.21541459E-10
2.500E-1 4.59399822E-10
2.600E-1 6.57216538E-10
2.700E-1 9.41335799E-10
2.800E-1 1.34974302E-9
2.900E-1 1.93722328E-9
3.000E-1 2.78280866E-9
3.100E-1 4.00053084E-9
3.200E-1 5.75494669E-9
3.300E-1 8.28355642E-9
3.400E-1 1.19291752E-8
3.500E-1 1.71866783E-8
3.600E-1 2.47705025E-8
3.700E-1 3.57121175E-8
3.800E-1 5.15007714E-8
3.900E-1 7.4286708E-8
4.000E-1 1.07174557E-7
4.100E-1 1.54649754E-7
4.200E-1 2.23174139E-7
4.300E-1 3.22100568E-7
4.400E-1 4.6491016E-7
4.500E-1 6.71062114E-7
