0.000E+0 0
1.000E-2 8.84488648E-14
2.000E-2 2.10553138E-13
3.000E-2 3.79695301E-13
4.000E-2 6.14519169E-13
5.000E-2 9.4097799E-13
6.000E-2 1.3951803E-12
7.000E-2 2.02735178E-12
8.000E-2 2.90736577E-12
9.000E-2 4.13248992E-12
1.000E-1 5.83828091E-12
1.100E-1 8.21397293E-12
1.200E-1 1.15243081E-11
1.300E-1 1.61406299E-11
1.400E-1 2.25853214E-11
1.500E-1 3.15954875E-11
1.600E-1 4.42143909E-11
1.700E-1 6.19229079E-11
1.800E-1 8.68286741E-11
1.900E-1 1.21938376E-10
2.000E-1 1.7154988E-10
2.100E-1 2.41817101E-10
2.200E-1 3.41563937E-10
2.300E-1 4.83457416E-10
2.400E-1 6.85699026E-10
2.500E-1 9.7446375E-10
2.600E-1 1.38741815E-9
2.700E-1 1.97879587E-9
2.800E-1 2.82672138E-9
2.900E-1 4.04377917E-9
3.000E-1 5.7922687E-9
3.100E-1 8.3062247E-9
3.200E-1 1.19232056E-8
3.300E-1 1.71301864E-8
3.400E-1 2.46298192E-8
3.500E-1 3.54361008E-8
3.600E-1 5.1012506E-8
3.700E-1 7.34714377E-8
3.800E-1 1.05862206E-7
3.900E-1 1.5258682E-7
4.000E-1 2.20000281E-7
4.100E-1 3.17276994E-7
4.200E-1 4.57662043E-7
4.300E-1 6.60275065E-7
4.400E-1 9.52713875E-7
4.500E-1 1.37480674E-6
