0.000E+0 0
1.000E-2 4.54174424E-13
2.000E-2 1.09462959E-12
3.000E-2 1.99934046E-12
4.000E-2 3.27887505E-12
5.000E-2 5.09001124E-12
6.000E-2 7.65505842E-12
7.000E-2 1.12890683E-11
8.000E-2 1.64400837E-11
9.000E-2 2.37417501E-11
1.000E-1 3.40955846E-11
1.100E-1 4.87819042E-11
1.200E-1 6.96212024E-11
1.300E-1 9.9204316E-11
1.400E-1 1.41221842E-10
1.500E-1 2.00935985E-10
1.600E-1 2.85856843E-10
1.700E-1 4.06712112E-10
1.800E-1 5.78837954E-10
1.900E-1 8.24174267E-10
2.000E-1 1.17412741E-9
2.100E-1 1.67367789E-9
2.200E-1 2.38727485E-9
2.300E-1 3.40729546E-9
2.400E-1 4.86618606E-9
2.500E-1 6.95388868E-9
2.600E-1 9.94285581E-9
2.700E-1 1.42239594E-8
2.800E-1 2.03580414E-8
2.900E-1 2.91499228E-8
3.000E-1 4.17546581E-8
3.100E-1 5.98300888E-8
3.200E-1 8.57558751E-8
3.300E-1 1.22947976E-7
3.400E-1 1.76310172E-7
3.500E-1 2.52882344E-7
3.600E-1 3.62771095E-7
3.700E-1 5.20486439E-7
3.800E-1 7.46859323E-7
3.900E-1 1.07179872E-6
4.000E-1 1.53822591E-6
4.100E-1 2.20777772E-6
4.200E-1 3.1689149E-6
4.300E-1 4.54855744E-6
4.400E-1 6.52881027E-6
4.500E-1 9.37090949E-6
