0.000E+0 0
1.000E-2 2.87385435E-12
2.000E-2 6.92562024E-12
3.000E-2 1.26393719E-11
4.000E-2 2.06981067E-11
5.000E-2 3.20654913E-11
6.000E-2 4.81012101E-11
7.000E-2 7.07237424E-11
8.000E-2 1.02640083E-10
9.000E-2 1.47669964E-10
1.000E-1 2.11203477E-10
1.100E-1 3.00847016E-10
1.200E-1 4.27335028E-10
1.300E-1 6.05816872E-10
1.400E-1 8.5767283E-10
1.500E-1 1.21307615E-9
1.600E-1 1.71460595E-9
1.700E-1 2.42233864E-9
1.800E-1 3.42101572E-9
1.900E-1 4.83012048E-9
2.000E-1 6.81801513E-9
2.100E-1 9.621717E-9
2.200E-1 1.35744477E-8
2.300E-1 1.91437816E-8
2.400E-1 2.69840163E-8
2.500E-1 3.80071647E-8
2.600E-1 5.34774042E-8
2.700E-1 7.51332135E-8
2.800E-1 1.05338387E-7
2.900E-1 1.47255136E-7
3.000E-1 2.05015577E-7
3.100E-1 2.83836838E-7
3.200E-1 3.8997628E-7
3.300E-1 5.30362288E-7
3.400E-1 7.11696796E-7
3.500E-1 9.38885229E-7
3.600E-1 1.21292497E-6
3.700E-1 1.52892629E-6
3.800E-1 1.87541866E-6
3.900E-1 2.23621446E-6
4.000E-1 2.59454364E-6
4.100E-1 2.93813369E-6
4.200E-1 3.26267345E-6
4.300E-1 3.57330462E-6
4.400E-1 3.88363801E-6
4.500E-1 4.21465168E-6
