5.000E-2 -3.336E-1
5.200E-2 -3.824E-1
5.400E-2 -4.414E-1
5.600E-2 -5.049E-1
5.800E-2 -5.674E-1
6.000E-2 -6.230E-1
6.200E-2 -6.663E-1
6.400E-2 -6.948E-1
6.600E-2 -7.083E-1
6.800E-2 -7.069E-1
7.000E-2 -6.903E-1
7.200E-2 -6.590E-1
7.400E-2 -6.179E-1
7.600E-2 -5.755E-1
7.800E-2 -5.402E-1
8.000E-2 -5.205E-1
8.200E-2 -5.245E-1
8.400E-2 -5.566E-1
8.600E-2 -6.165E-1
8.800E-2 -7.037E-1
9.000E-2 -8.175E-1
9.200E-2 -9.567E-1
9.400E-2 -1.110E+0
9.600E-2 -1.257E+0
9.800E-2 -1.381E+0
1.000E-1 -1.463E+0
1.020E-1 -1.484E+0
1.040E-1 -1.437E+0
1.060E-1 -1.330E+0
1.080E-1 -1.170E+0
1.100E-1 -9.656E-1
1.120E-1 -7.249E-1
1.140E-1 -4.630E-1
1.160E-1 -1.995E-1
1.180E-1 4.553E-2
1.200E-1 2.524E-1
1.220E-1 4.014E-1
1.240E-1 4.845E-1
1.260E-1 5.132E-1
1.280E-1 5.012E-1
1.300E-1 4.619E-1
1.320E-1 4.086E-1
1.340E-1 3.520E-1
1.360E-1 3.007E-1
1.380E-1 2.634E-1
1.400E-1 2.488E-1
1.420E-1 2.653E-1
1.440E-1 3.163E-1
1.460E-1 4.014E-1
1.480E-1 5.202E-1
1.500E-1 6.722E-1
1.520E-1 8.570E-1
1.540E-1 1.072E+0
1.560E-1 1.310E+0
1.580E-1 1.563E+0
1.600E-1 1.821E+0
1.620E-1 2.078E+0
1.640E-1 2.322E+0
1.660E-1 2.541E+0
1.680E-1 2.719E+0
1.700E-1 2.843E+0
1.720E-1 2.897E+0
1.740E-1 2.875E+0
1.760E-1 2.783E+0
1.780E-1 2.628E+0
1.800E-1 2.417E+0
1.820E-1 2.156E+0
1.840E-1 1.856E+0
1.860E-1 1.531E+0
1.880E-1 1.198E+0
1.900E-1 8.738E-1
1.920E-1 5.737E-1
1.940E-1 3.103E-1
1.960E-1 8.638E-2
1.980E-1 -9.711E-2
2.000E-1 -2.391E-1
2.020E-1 -3.386E-1
2.040E-1 -3.975E-1
2.060E-1 -4.243E-1
2.080E-1 -4.283E-1
2.100E-1 -4.190E-1
2.120E-1 -4.056E-1
2.140E-1 -3.931E-1
2.160E-1 -3.772E-1
2.180E-1 -3.528E-1
2.200E-1 -3.147E-1
2.220E-1 -2.580E-1
2.240E-1 -1.800E-1
2.260E-1 -8.368E-2
2.280E-1 2.698E-2
2.300E-1 1.481E-1
2.320E-1 2.760E-1
2.340E-1 4.043E-1
2.360E-1 5.189E-1
2.380E-1 6.037E-1
2.400E-1 6.427E-1
2.420E-1 6.204E-1
2.440E-1 5.311E-1
2.460E-1 3.806E-1
2.480E-1 1.752E-1
2.500E-1 -7.875E-2
2.520E-1 -3.747E-1
2.540E-1 -7.030E-1
2.560E-1 -1.046E+0
2.580E-1 -1.386E+0
2.600E-1 -1.704E+0
2.620E-1 -1.982E+0
2.640E-1 -2.207E+0
2.660E-1 -2.376E+0
2.680E-1 -2.491E+0
2.700E-1 -2.553E+0
2.720E-1 -2.563E+0
2.740E-1 -2.522E+0
2.760E-1 -2.442E+0
2.780E-1 -2.331E+0
2.800E-1 -2.200E+0
2.820E-1 -2.060E+0
2.840E-1 -1.917E+0
2.860E-1 -1.771E+0
2.880E-1 -1.618E+0
2.900E-1 -1.457E+0
2.920E-1 -1.286E+0
2.940E-1 -1.103E+0
2.960E-1 -9.143E-1
2.980E-1 -7.252E-1
3.000E-1 -5.418E-1
3.020E-1 -3.700E-1
3.040E-1 -2.151E-1
3.060E-1 -8.130E-2
3.080E-1 2.799E-2
3.100E-1 1.091E-1
3.120E-1 1.585E-1
3.140E-1 1.760E-1
3.160E-1 1.716E-1
3.180E-1 1.574E-1
3.200E-1 1.452E-1
3.220E-1 1.470E-1
3.240E-1 1.727E-1
3.260E-1 2.217E-1
3.280E-1 2.908E-1
3.300E-1 3.768E-1
3.320E-1 4.762E-1
3.340E-1 5.854E-1
3.360E-1 6.963E-1
3.380E-1 7.990E-1
3.400E-1 8.834E-1
3.420E-1 9.393E-1
3.440E-1 9.596E-1
3.460E-1 9.503E-1
3.480E-1 9.216E-1
3.500E-1 8.832E-1
3.520E-1 8.454E-1
3.540E-1 8.155E-1
3.560E-1 7.939E-1
3.580E-1 7.798E-1
3.600E-1 7.720E-1
3.620E-1 7.696E-1
3.640E-1 7.709E-1
3.660E-1 7.701E-1
3.680E-1 7.595E-1
3.700E-1 7.316E-1
3.720E-1 6.788E-1
3.740E-1 5.945E-1
3.760E-1 4.833E-1
3.780E-1 3.562E-1
3.800E-1 2.242E-1
3.820E-1 9.845E-2
3.840E-1 -1.005E-2
3.860E-1 -9.008E-2
3.880E-1 -1.304E-1
3.900E-1 -1.197E-1
3.920E-1 -4.676E-2
3.940E-1 9.731E-2
3.960E-1 3.009E-1
3.980E-1 5.416E-1
4.000E-1 7.973E-1
4.020E-1 1.045E+0
4.040E-1 1.265E+0
4.060E-1 1.438E+0
4.080E-1 1.552E+0
4.100E-1 1.592E+0
4.120E-1 1.544E+0
4.140E-1 1.404E+0
4.160E-1 1.190E+0
4.180E-1 9.190E-1
4.200E-1 6.107E-1
4.220E-1 2.838E-1
4.240E-1 -4.726E-2
4.260E-1 -3.730E-1
4.280E-1 -6.845E-1
4.300E-1 -9.727E-1
4.320E-1 -1.229E+0
4.340E-1 -1.445E+0
4.360E-1 -1.619E+0
4.380E-1 -1.749E+0
4.400E-1 -1.833E+0
4.420E-1 -1.869E+0
4.440E-1 -1.857E+0
4.460E-1 -1.802E+0
4.480E-1 -1.709E+0
4.500E-1 -1.584E+0
4.520E-1 -1.432E+0
4.540E-1 -1.258E+0
4.560E-1 -1.067E+0
4.580E-1 -8.650E-1
4.600E-1 -6.562E-1
4.620E-1 -4.461E-1
4.640E-1 -2.394E-1
4.660E-1 -4.060E-2
4.680E-1 1.459E-1
4.700E-1 3.156E-1
4.720E-1 4.645E-1
4.740E-1 5.910E-1
4.760E-1 6.950E-1
4.780E-1 7.763E-1
4.800E-1 8.346E-1
4.820E-1 8.715E-1
4.840E-1 8.909E-1
4.860E-1 8.974E-1
4.880E-1 8.953E-1
