-9.0044500E-2 -1.8462290E-4
-5.9948920E-2 -1.8356170E-4
-3.0001160E-2 -1.8220480E-4
-3.0666590E-5 -1.8066230E-4
1.0199430E-2 -1.8011710E-4
2.0149170E-2 -1.7970540E-4
2.9996870E-2 -1.7922410E-4
4.0006160E-2 -1.7840650E-4
5.0026890E-2 -1.7793090E-4
5.9978960E-2 -1.7744380E-4
7.0011140E-2 -1.7692200E-4
8.0020430E-2 -1.7624350E-4
8.9995380E-2 -1.7561720E-4
1.0001610E-1 -1.7479380E-4
1.1002540E-1 -1.7395870E-4
1.2001180E-1 -1.7274670E-4
1.2995240E-1 -1.7144190E-4
1.4013290E-1 -1.6985310E-4
1.4999390E-1 -1.6800330E-4
1.6001460E-1 -1.6526610E-4
1.7001250E-1 -1.6244210E-4
1.7996450E-1 -1.5804070E-4
1.9009920E-1 -1.5298990E-4
2.0006280E-1 -1.4521360E-4
2.0999240E-1 -1.3533790E-4
2.1999310E-1 -1.2091620E-4
2.2988840E-1 -1.0241750E-4
2.3997740E-1 -7.6992130E-5
2.4984980E-1 -4.6474640E-5
2.5982520E-1 2.4745310E-6
2.7008530E-1 7.0166850E-5
2.7995780E-1 1.5372250E-4
2.8997850E-1 2.8508160E-4
2.9999920E-1 4.3826780E-4
3.0996270E-1 6.5508690E-4
3.1989240E-1 9.1075320E-4
3.2999280E-1 1.3306440E-3
3.3995680E-1 1.7958000E-3
3.4993170E-1 2.4065800E-3
3.6002060E-1 3.0898560E-3
3.7006430E-1 4.0438100E-3
3.7994810E-1 5.1230490E-3
3.8996890E-1 6.5151550E-3
4.0001250E-1 7.8685490E-3
4.0997600E-1 9.5003880E-3
4.1997430E-1 1.1247630E-2
4.2992640E-1 1.3192420E-2
4.3991280E-1 1.5064210E-2
4.5007040E-1 1.7391920E-2
4.5994280E-1 1.9720230E-2
4.6994070E-1 2.2414070E-2
4.8001860E-1 2.4811310E-2
4.9000500E-1 2.7494730E-2
5.0008300E-1 2.9924990E-2
5.0995540E-1 3.2865630E-2
