5.977E-4 -2.296E-4
1.056E-2 -2.280E-4
2.023E-2 -2.265E-4
2.997E-2 -2.246E-4
4.006E-2 -2.230E-4
4.963E-2 -2.212E-4
6.078E-2 -2.191E-4
7.059E-2 -2.175E-4
8.045E-2 -2.155E-4
9.003E-2 -2.135E-4
1.001E-1 -2.115E-4
1.112E-1 -2.092E-4
1.209E-1 -2.069E-4
1.309E-1 -2.047E-4
1.405E-1 -2.024E-4
1.503E-1 -1.999E-4
1.616E-1 -1.970E-4
1.716E-1 -1.942E-4
1.811E-1 -1.913E-4
1.910E-1 -1.881E-4
2.010E-1 -1.850E-4
2.107E-1 -1.814E-4
2.217E-1 -1.770E-4
2.317E-1 -1.730E-4
2.415E-1 -1.690E-4
2.511E-1 -1.645E-4
2.612E-1 -1.597E-4
2.721E-1 -1.537E-4
2.819E-1 -1.483E-4
2.918E-1 -1.428E-4
3.015E-1 -1.366E-4
3.116E-1 -1.308E-4
3.227E-1 -1.235E-4
3.324E-1 -1.172E-4
3.422E-1 -1.096E-4
3.520E-1 -1.027E-4
3.620E-1 -9.543E-5
3.730E-1 -8.703E-5
3.827E-1 -7.984E-5
3.928E-1 -7.123E-5
4.023E-1 -6.314E-5
4.219E-1 -4.719E-5
4.428E-1 -3.013E-5
4.626E-1 -1.308E-5
4.836E-1 3.119E-6
5.033E-1 1.861E-5
5.536E-1 5.488E-5
6.040E-1 8.653E-5
6.546E-1 1.146E-4
7.049E-1 1.411E-4
7.552E-1 1.658E-4
8.055E-1 1.893E-4
8.561E-1 2.122E-4
9.064E-1 2.329E-4
9.568E-1 2.532E-4
1.006E+0 2.721E-4
