5.000E-2 -1.166E+6
5.200E-2 -1.161E+6
5.400E-2 -1.156E+6
5.600E-2 -1.150E+6
5.800E-2 -1.144E+6
6.000E-2 -1.139E+6
6.200E-2 -1.133E+6
6.400E-2 -1.127E+6
6.600E-2 -1.121E+6
6.800E-2 -1.114E+6
7.000E-2 -1.108E+6
7.200E-2 -1.101E+6
7.400E-2 -1.095E+6
7.600E-2 -1.088E+6
7.800E-2 -1.081E+6
8.000E-2 -1.075E+6
8.200E-2 -1.068E+6
8.400E-2 -1.061E+6
8.600E-2 -1.054E+6
8.800E-2 -1.046E+6
9.000E-2 -1.039E+6
9.200E-2 -1.032E+6
9.400E-2 -1.024E+6
9.600E-2 -1.017E+6
9.800E-2 -1.009E+6
1.000E-1 -1.002E+6
1.020E-1 -9.943E+5
1.040E-1 -9.866E+5
1.060E-1 -9.788E+5
1.080E-1 -9.710E+5
1.100E-1 -9.632E+5
1.120E-1 -9.553E+5
1.140E-1 -9.474E+5
1.160E-1 -9.394E+5
1.180E-1 -9.314E+5
1.200E-1 -9.234E+5
1.220E-1 -9.154E+5
1.240E-1 -9.073E+5
1.260E-1 -8.992E+5
1.280E-1 -8.911E+5
1.300E-1 -8.830E+5
1.320E-1 -8.749E+5
1.340E-1 -8.667E+5
1.360E-1 -8.586E+5
1.380E-1 -8.504E+5
1.400E-1 -8.423E+5
1.420E-1 -8.341E+5
1.440E-1 -8.259E+5
1.460E-1 -8.178E+5
1.480E-1 -8.096E+5
1.500E-1 -8.015E+5
1.520E-1 -7.934E+5
1.540E-1 -7.853E+5
1.560E-1 -7.772E+5
1.580E-1 -7.692E+5
1.600E-1 -7.611E+5
1.620E-1 -7.531E+5
1.640E-1 -7.451E+5
1.660E-1 -7.371E+5
1.680E-1 -7.292E+5
1.700E-1 -7.213E+5
1.720E-1 -7.135E+5
1.740E-1 -7.056E+5
1.760E-1 -6.978E+5
1.780E-1 -6.901E+5
1.800E-1 -6.824E+5
1.820E-1 -6.747E+5
1.840E-1 -6.671E+5
1.860E-1 -6.596E+5
1.880E-1 -6.521E+5
1.900E-1 -6.446E+5
1.920E-1 -6.372E+5
1.940E-1 -6.299E+5
1.960E-1 -6.226E+5
1.980E-1 -6.153E+5
2.000E-1 -6.082E+5
2.020E-1 -6.011E+5
2.040E-1 -5.940E+5
2.060E-1 -5.871E+5
2.080E-1 -5.802E+5
2.100E-1 -5.733E+5
2.120E-1 -5.666E+5
2.140E-1 -5.599E+5
2.160E-1 -5.533E+5
2.180E-1 -5.468E+5
2.200E-1 -5.403E+5
2.220E-1 -5.339E+5
2.240E-1 -5.277E+5
2.260E-1 -5.215E+5
2.280E-1 -5.154E+5
2.300E-1 -5.093E+5
2.320E-1 -5.034E+5
2.340E-1 -4.976E+5
2.360E-1 -4.918E+5
2.380E-1 -4.862E+5
2.400E-1 -4.807E+5
2.420E-1 -4.753E+5
2.440E-1 -4.699E+5
2.460E-1 -4.647E+5
2.480E-1 -4.596E+5
2.500E-1 -4.547E+5
2.520E-1 -4.498E+5
2.540E-1 -4.451E+5
2.560E-1 -4.405E+5
2.580E-1 -4.360E+5
2.600E-1 -4.317E+5
2.620E-1 -4.275E+5
2.640E-1 -4.234E+5
2.660E-1 -4.195E+5
2.680E-1 -4.157E+5
2.700E-1 -4.122E+5
2.720E-1 -4.087E+5
2.740E-1 -4.055E+5
2.760E-1 -4.024E+5
2.780E-1 -3.995E+5
2.800E-1 -3.968E+5
2.820E-1 -3.942E+5
2.840E-1 -3.919E+5
2.860E-1 -3.898E+5
2.880E-1 -3.879E+5
2.900E-1 -3.863E+5
2.920E-1 -3.849E+5
2.940E-1 -3.837E+5
2.960E-1 -3.828E+5
2.980E-1 -3.821E+5
3.000E-1 -3.818E+5
3.020E-1 -3.817E+5
3.040E-1 -3.819E+5
3.060E-1 -3.825E+5
3.080E-1 -3.834E+5
3.100E-1 -3.846E+5
3.120E-1 -3.862E+5
3.140E-1 -3.882E+5
3.160E-1 -3.906E+5
3.180E-1 -3.934E+5
3.200E-1 -3.966E+5
3.220E-1 -4.003E+5
3.240E-1 -4.045E+5
3.260E-1 -4.092E+5
3.280E-1 -4.144E+5
3.300E-1 -4.202E+5
3.320E-1 -4.266E+5
3.340E-1 -4.336E+5
3.360E-1 -4.412E+5
3.380E-1 -4.495E+5
3.400E-1 -4.586E+5
3.420E-1 -4.684E+5
3.440E-1 -4.790E+5
3.460E-1 -4.904E+5
3.480E-1 -5.027E+5
3.500E-1 -5.160E+5
3.520E-1 -5.302E+5
3.540E-1 -5.455E+5
3.560E-1 -5.619E+5
3.580E-1 -5.794E+5
3.600E-1 -5.981E+5
3.620E-1 -6.181E+5
3.640E-1 -6.395E+5
3.660E-1 -6.623E+5
3.680E-1 -6.867E+5
3.700E-1 -7.126E+5
3.720E-1 -7.403E+5
3.740E-1 -7.697E+5
3.760E-1 -8.010E+5
3.780E-1 -8.343E+5
3.800E-1 -8.698E+5
3.820E-1 -9.075E+5
3.840E-1 -9.476E+5
3.860E-1 -9.902E+5
3.880E-1 -1.035E+6
3.900E-1 -1.084E+6
3.920E-1 -1.135E+6
3.940E-1 -1.189E+6
3.960E-1 -1.247E+6
3.980E-1 -1.308E+6
4.000E-1 -1.373E+6
4.020E-1 -1.442E+6
4.040E-1 -1.516E+6
4.060E-1 -1.594E+6
4.080E-1 -1.677E+6
4.100E-1 -1.765E+6
4.120E-1 -1.859E+6
4.140E-1 -1.959E+6
4.160E-1 -2.065E+6
4.180E-1 -2.178E+6
4.200E-1 -2.297E+6
4.220E-1 -2.425E+6
4.240E-1 -2.560E+6
4.260E-1 -2.704E+6
4.280E-1 -2.858E+6
4.300E-1 -3.023E+6
4.320E-1 -3.198E+6
4.340E-1 -3.386E+6
4.360E-1 -3.585E+6
4.380E-1 -3.796E+6
4.400E-1 -4.020E+6
4.420E-1 -4.257E+6
4.440E-1 -4.511E+6
4.460E-1 -4.784E+6
4.480E-1 -5.082E+6
4.500E-1 -5.407E+6
4.520E-1 -5.762E+6
4.540E-1 -6.142E+6
4.560E-1 -6.541E+6
4.580E-1 -6.952E+6
