0.000E+0 0
1.000E-2 7.13047505E-14
2.000E-2 1.70624991E-13
3.000E-2 3.09292864E-13
4.000E-2 5.03219228E-13
5.000E-2 7.74746226E-13
6.000E-2 1.15525499E-12
7.000E-2 1.68884133E-12
8.000E-2 2.43750493E-12
9.000E-2 3.48848735E-12
1.000E-1 4.96466664E-12
1.100E-1 7.03930566E-12
1.200E-1 9.9570088E-12
1.300E-1 1.40635368E-11
1.400E-1 1.9848266E-11
1.500E-1 2.80046956E-11
1.600E-1 3.95167165E-11
1.700E-1 5.57816467E-11
1.800E-1 7.87857352E-11
1.900E-1 1.11354547E-10
2.000E-1 1.57510208E-10
2.100E-1 2.22981172E-10
2.200E-1 3.1592969E-10
2.300E-1 4.47990069E-10
2.400E-1 6.35750591E-10
2.500E-1 9.02868906E-10
2.600E-1 1.28309182E-9
2.700E-1 1.82456652E-9
2.800E-1 2.59599571E-9
2.900E-1 3.6954259E-9
3.000E-1 5.26279553E-9
3.100E-1 7.49785221E-9
3.200E-1 1.0685737E-8
3.300E-1 1.52335169E-8
3.400E-1 2.17223532E-8
3.500E-1 3.09819934E-8
3.600E-1 4.41971463E-8
3.700E-1 6.30593793E-8
3.800E-1 8.99832897E-8
3.900E-1 1.28418803E-7
4.000E-1 1.83289798E-7
4.100E-1 2.61627594E-7
4.200E-1 3.73471599E-7
4.300E-1 5.33155453E-7
4.400E-1 7.61142154E-7
4.500E-1 1.08664142E-6
