-9.0053080E-2 -6.3845920E-4
-5.9981350E-2 -6.3793730E-4
-3.0011650E-2 -6.3731680E-4
-1.3097820E-3 -6.3918980E-4
1.2470010E-2 -6.3889400E-4
1.7627870E-2 -6.3771110E-4
2.9996400E-2 -6.3687040E-4
4.0005210E-2 -6.3658040E-4
5.0002570E-2 -6.3620340E-4
6.0000420E-2 -6.3574540E-4
6.9997790E-2 -6.3528140E-4
8.0029490E-2 -6.3477700E-4
9.0004440E-2 -6.3419130E-4
1.0002470E-1 -6.3348390E-4
1.0998770E-1 -6.3271260E-4
1.2000800E-1 -6.3183120E-4
1.2999440E-1 -6.3079330E-4
1.4000320E-1 -6.2954660E-4
1.5001200E-1 -6.2805050E-4
1.5998700E-1 -6.2636310E-4
1.7000720E-1 -6.2434510E-4
1.7998220E-1 -6.2195610E-4
1.9000240E-1 -6.1896970E-4
1.9995400E-1 -6.1538040E-4
2.0999720E-1 -6.1096750E-4
2.1996310E-1 -6.0544710E-4
2.2994900E-1 -5.9848860E-4
2.3995830E-1 -5.8956440E-4
2.4992130E-1 -5.7815830E-4
2.5993060E-1 -5.6337160E-4
2.6995090E-1 -5.4374870E-4
2.7995970E-1 -5.1772410E-4
2.8995750E-1 -4.8290290E-4
2.9996630E-1 -4.3620580E-4
3.0994130E-1 -3.7402610E-4
3.1995010E-1 -2.9052470E-4
3.2995940E-1 -1.7843550E-4
3.3996820E-1 -2.7403370E-5
3.4994320E-1 1.7577040E-4
3.5998630E-1 4.3911180E-4
3.6992690E-1 7.8092310E-4
3.7998150E-1 1.2282670E-3
3.8993360E-1 1.7935390E-3
3.9995380E-1 2.4909900E-3
4.0997410E-1 3.3363770E-3
4.1994910E-1 4.3428000E-3
4.2999220E-1 5.5289160E-3
4.3993280E-1 6.8885830E-3
4.4996450E-1 8.4096920E-3
4.5996190E-1 1.0081520E-2
4.6998260E-1 1.1920420E-2
4.8000290E-1 1.3881370E-2
4.8998930E-1 1.5959920E-2
5.0000950E-1 1.8155470E-2
5.0997300E-1 2.0468640E-2
5.2001620E-1 2.2891280E-2
5.2999070E-1 2.5389240E-2
5.4003380E-1 2.7951490E-2
5.5003170E-1 3.0568790E-2
5.6000660E-1 3.3261390E-2
5.7006120E-1 3.6030470E-2
5.8001280E-1 3.8854570E-2
5.9004500E-1 4.1713450E-2
6.0001950E-1 4.4604750E-2
