-9.0044020E-2 -6.0779950E-7
-5.9937000E-2 -4.7760390E-7
-2.9989720E-2 -2.9424720E-7
2.7060510E-5 -1.4526920E-8
9.9979340E-3 1.2130430E-7
1.9997060E-2 2.9159040E-7
3.0019760E-2 5.1011490E-7
3.9983270E-2 7.6929650E-7
4.9992560E-2 1.1166410E-6
5.9990410E-2 1.5749270E-6
6.9965360E-2 2.1459950E-6
8.0019950E-2 2.8979300E-6
8.9983460E-2 3.8991370E-6
1.0000420E-1 5.2299980E-6
1.0997920E-1 7.0052030E-6
1.2001090E-1 9.3662440E-6
1.2997480E-1 1.2512740E-5
1.3999510E-1 1.6779010E-5
1.5001580E-1 2.2469500E-5
1.6000220E-1 3.0085810E-5
1.7001150E-1 4.0343540E-5
1.7996360E-1 5.4231980E-5
1.8999530E-1 7.3076180E-5
1.9997020E-1 9.8484760E-5
2.0999100E-1 1.3225920E-4
2.1996830E-1 1.7816390E-4
2.2993180E-1 2.4026490E-4
2.3996400E-1 3.2329420E-4
2.4993900E-1 4.3301050E-4
2.5994830E-1 5.7811780E-4
2.6992320E-1 7.6983120E-4
2.7994390E-1 1.0207690E-3
2.8995320E-1 1.3482510E-3
2.9996250E-1 1.7612500E-3
3.0995990E-1 2.2806990E-3
3.1995770E-1 2.9318650E-3
3.2996700E-1 3.7275530E-3
3.3993100E-1 4.6795290E-3
3.4996270E-1 5.7983980E-3
3.5998340E-1 7.0868210E-3
3.6994700E-1 8.5554070E-3
3.7997910E-1 1.0218060E-2
3.8993120E-1 1.2055110E-2
3.9994050E-1 1.4065360E-2
4.0998410E-1 1.6256330E-2
4.1994760E-1 1.8599670E-2
4.3000270E-1 2.1079150E-2
