-9.0068340E-2 -5.1916600E-4
-5.9994700E-2 -5.1887030E-4
-3.0012610E-2 -5.1848170E-4
3.1096640E-3 -5.1222460E-4
1.1125330E-2 -5.1355840E-4
1.5827570E-2 -5.2279620E-4
2.9906270E-2 -5.1817440E-4
4.0063380E-2 -5.1764670E-4
4.9879070E-2 -5.1758290E-4
6.0082440E-2 -5.1671880E-4
6.9874760E-2 -5.1634770E-4
8.0009940E-2 -5.1540830E-4
8.9927670E-2 -5.1442240E-4
1.0002850E-1 -5.1300750E-4
1.1001490E-1 -5.1128530E-4
1.2011530E-1 -5.0890770E-4
1.2996530E-1 -5.0574730E-4
1.4015670E-1 -5.0157770E-4
1.4989280E-1 -4.9588900E-4
1.6003890E-1 -4.8838520E-4
1.7008210E-1 -4.7832400E-4
1.7992070E-1 -4.6442970E-4
1.8999810E-1 -4.4579770E-4
1.9995070E-1 -4.2060700E-4
2.0997140E-1 -3.8677590E-4
2.1997170E-1 -3.4128900E-4
2.2991280E-1 -2.7984900E-4
2.3996780E-1 -1.9670950E-4
2.4993130E-1 -8.6257800E-5
2.5912000E-1 3.3177760E-5
2.6992750E-1 2.5100840E-4
2.7994820E-1 5.0153330E-4
2.8993460E-1 8.2701650E-4
2.9994440E-1 1.2439640E-3
3.0994220E-1 1.7615670E-3
3.1992860E-1 2.4086290E-3
3.2996080E-1 3.1977240E-3
3.3994770E-1 4.1454860E-3
3.4994550E-1 5.2607210E-3
3.5996630E-1 6.5418050E-3
3.6991880E-1 7.9941900E-3
3.7997390E-1 9.6351990E-3
3.8993740E-1 1.1457440E-2
3.9994720E-1 1.3436420E-2
4.0997930E-1 1.5597890E-2
4.1994290E-1 1.7911150E-2
4.2998650E-1 2.0367500E-2
