-9.0066910E-2 -5.2016650E-4
-5.9937000E-2 -5.1987650E-4
-2.9989720E-2 -5.1948220E-4
3.5536590E-3 -5.1317880E-4
1.3435010E-2 -5.1341080E-4
1.5875580E-2 -5.2390080E-4
3.0019760E-2 -5.1916320E-4
3.9971830E-2 -5.1882690E-4
4.9969670E-2 -5.1857170E-4
6.0035710E-2 -5.1782940E-4
7.0090770E-2 -5.1733080E-4
7.9905990E-2 -5.1661170E-4
8.9983460E-2 -5.1545770E-4
9.9969860E-2 -5.1417620E-4
1.1003590E-1 -5.1228000E-4
1.1994270E-1 -5.0995460E-4
1.3005450E-1 -5.0679430E-4
1.3985820E-1 -5.0259590E-4
1.5015270E-1 -4.9705800E-4
1.5986540E-1 -4.8949630E-4
1.7007970E-1 -4.7926710E-4
1.7988350E-1 -4.6547160E-4
1.8996140E-1 -4.4681090E-4
1.9997020E-1 -4.2193380E-4
2.1000240E-1 -3.8824240E-4
2.1997980E-1 -3.4221110E-4
2.2993180E-1 -2.8038370E-4
2.3996400E-1 -1.9773260E-4
2.4995040E-1 -8.7156390E-5
2.5917290E-1 3.0897080E-5
2.6995750E-1 2.4988530E-4
2.7993250E-1 5.0195420E-4
2.8994180E-1 8.2638250E-4
2.9995110E-1 1.2368170E-3
3.0997130E-1 1.7575400E-3
3.1994680E-1 2.4095760E-3
3.2995610E-1 3.1978470E-3
3.3996490E-1 4.1365530E-3
3.4997420E-1 5.2413380E-3
3.5996060E-1 6.5200850E-3
3.6994700E-1 7.9842100E-3
3.7997910E-1 9.6328410E-3
3.8994260E-1 1.1435820E-2
3.9995190E-1 1.3428690E-2
4.0997270E-1 1.5583160E-2
4.1994760E-1 1.7870890E-2
4.2997980E-1 2.0306350E-2
