-9.0044500E-2 -5.1926600E-4
-5.9903140E-2 -5.1902830E-4
-2.9989720E-2 -5.1857020E-4
3.1638150E-3 -5.1231310E-4
1.2227770E-2 -5.1347290E-4
1.8271600E-2 -5.2047800E-4
3.0008320E-2 -5.1813530E-4
4.0006160E-2 -5.1774080E-4
5.0004010E-2 -5.1732920E-4
5.9967520E-2 -5.1677830E-4
7.0011140E-2 -5.1618100E-4
8.0020430E-2 -5.1533430E-4
8.9995380E-2 -5.1426740E-4
1.0000470E-1 -5.1284080E-4
1.0997960E-1 -5.1101410E-4
1.2000040E-1 -5.0860760E-4
1.2997530E-1 -5.0544150E-4
1.4000750E-1 -5.0112130E-4
1.5002820E-1 -4.9547890E-4
1.5999170E-1 -4.8783010E-4
1.7002390E-1 -4.7758930E-4
1.7998740E-1 -4.6370100E-4
1.9000820E-1 -4.4481970E-4
1.9997170E-1 -4.1951900E-4
2.0996950E-1 -3.8558380E-4
2.1997020E-1 -3.4008570E-4
2.2994520E-1 -2.7875650E-4
2.3997740E-1 -1.9623800E-4
2.4994130E-1 -8.7013860E-5
2.5920960E-1 3.0943130E-5
2.6994850E-1 2.4171660E-4
2.7993490E-1 4.8291450E-4
2.8995560E-1 7.9215200E-4
2.9996490E-1 1.1802670E-3
3.0996270E-1 1.6551000E-3
3.1996060E-1 2.2376610E-3
3.2995840E-1 2.9353050E-3
3.3996820E-1 3.7531390E-3
3.4996600E-1 4.6920250E-3
3.5996390E-1 5.7478530E-3
3.6993890E-1 6.9260690E-3
3.7997100E-1 8.2342640E-3
3.8994600E-1 9.6592850E-3
3.9994430E-1 1.1178690E-2
4.1001030E-1 1.2821640E-2
4.1994000E-1 1.4550340E-2
4.3000600E-1 1.6364780E-2
4.3995860E-1 1.8245260E-2
4.4996790E-1 2.0199330E-2
