0.000E+0 0
1.000E-2 6.6382821E-15
2.000E-2 1.61952351E-14
3.000E-2 2.99748834E-14
4.000E-2 4.9863002E-14
5.000E-2 7.85863215E-14
6.000E-2 1.20087292E-13
7.000E-2 1.80066143E-13
8.000E-2 2.66765368E-13
9.000E-2 3.92105906E-13
1.000E-1 5.73334189E-13
1.100E-1 8.35412224E-13
1.200E-1 1.21448982E-12
1.300E-1 1.76295458E-12
1.400E-1 2.55678448E-12
1.500E-1 3.706263E-12
1.600E-1 5.37160646E-12
1.700E-1 7.78576907E-12
1.800E-1 1.12877356E-11
1.900E-1 1.63711376E-11
2.000E-1 2.37552585E-11
2.100E-1 3.44887469E-11
2.200E-1 5.01011184E-11
2.300E-1 7.28240751E-11
2.400E-1 1.05914831E-10
2.500E-1 1.54128464E-10
2.600E-1 2.24407982E-10
2.700E-1 3.26892393E-10
2.800E-1 4.76389161E-10
2.900E-1 6.94524575E-10
3.000E-1 1.01288314E-9
3.100E-1 1.47758869E-9
3.200E-1 2.15598451E-9
3.300E-1 3.14636365E-9
3.400E-1 4.59211975E-9
3.500E-1 6.70199944E-9
3.600E-1 9.78045637E-9
3.700E-1 1.42701281E-8
3.800E-1 2.08120769E-8
3.900E-1 3.0332537E-8
4.000E-1 4.41620204E-8
4.100E-1 6.41963532E-8
4.200E-1 9.31080816E-8
4.300E-1 1.34581577E-7
4.400E-1 1.93613156E-7
4.500E-1 2.76641412E-7
