1.0000450E+0 1.8020214E+0
9.8002580E-1 1.7779971E+0
9.6000620E-1 1.7546343E+0
9.4002150E-1 1.7121343E+0
9.2005920E-1 1.6781686E+0
9.0005110E-1 1.6552200E+0
8.7997480E-1 1.6277986E+0
8.5997820E-1 1.5998786E+0
8.3998200E-1 1.5637586E+0
8.1999680E-1 1.5283000E+0
7.9995490E-1 1.4706729E+0
7.8002690E-1 1.4334586E+0
7.6000740E-1 1.4074557E+0
7.4006800E-1 1.3825856E+0
7.2003750E-1 1.3433151E+0
6.9994970E-1 1.3173946E+0
6.8005560E-1 1.2866011E+0
6.5999080E-1 1.2632069E+0
6.4005140E-1 1.2366616E+0
6.2006620E-1 1.2149427E+0
6.0018400E-1 1.1886054E+0
5.8002760E-1 1.1440729E+0
5.5996270E-1 1.1122286E+0
5.4009150E-1 1.0792979E+0
5.2004960E-1 1.0451897E+0
5.0004150E-1 1.0144327E+0
4.8002240E-1 9.7878471E-1
4.5995760E-1 9.4384343E-1
4.3997240E-1 9.1613843E-1
4.1995330E-1 8.8263700E-1
3.9995670E-1 8.4131043E-1
3.7997150E-1 8.0898643E-1
3.5992960E-1 7.7911686E-1
3.3996730E-1 7.3761814E-1
3.1993680E-1 7.0186171E-1
2.9995160E-1 6.6301671E-1
2.7993200E-1 6.2518614E-1
2.5994730E-1 5.8440314E-1
2.3997350E-1 5.5330171E-1
2.1998830E-1 5.1974614E-1
1.9993260E-1 4.7791214E-1
1.8002750E-1 4.3726500E-1
1.5999700E-1 3.9270500E-1
1.4001230E-1 3.5294557E-1
1.2001560E-1 3.1010657E-1
1.0000800E-1 2.6324629E-1
8.0022810E-2 2.1788914E-1
5.9980870E-2 1.6713443E-1
3.9938930E-2 1.0961883E-1
2.0001410E-2 5.6554629E-2
7.6532360E-5 -1.0064431E-3
