-9.0040210E-2 -3.7842120E-4
-5.9922700E-2 -2.5328690E-4
-2.9988290E-2 -1.2713210E-4
3.1769280E-5 -5.5701720E-9
9.9692340E-3 4.2703130E-5
1.9901990E-2 8.4371380E-5
3.0029770E-2 1.2827040E-4
4.0004250E-2 1.7224210E-4
5.0001620E-2 2.1601650E-4
5.9988020E-2 2.6045200E-4
7.0019250E-2 3.0426730E-4
8.0028060E-2 3.4906230E-4
9.0036870E-2 3.9401390E-4
1.0003420E-1 4.4037470E-4
1.0999730E-1 4.8719370E-4
1.2001750E-1 5.3503900E-4
1.2999200E-1 5.8361470E-4
1.4000080E-1 6.3321110E-4
1.5003250E-1 6.8518520E-4
1.6000700E-1 7.3928710E-4
1.7001580E-1 7.9688010E-4
1.8000170E-1 8.5680400E-4
1.8999910E-1 9.2115250E-4
1.9998500E-1 9.9027900E-4
2.0998240E-1 1.0682590E-3
2.1998210E-1 1.1527450E-3
2.2995660E-1 1.2480650E-3
2.3999980E-1 1.3557280E-3
2.4995140E-1 1.4823410E-3
2.5996020E-1 1.6283080E-3
2.6995800E-1 1.8023770E-3
2.7995540E-1 2.0036230E-3
2.8997560E-1 2.2467080E-3
2.9996160E-1 2.5355090E-3
3.0997040E-1 2.8880540E-3
3.1996770E-1 3.3073500E-3
3.2996510E-1 3.8087570E-3
3.3997390E-1 4.3908250E-3
3.4997130E-1 5.0766170E-3
3.5998010E-1 5.8700130E-3
3.6995510E-1 6.7810400E-3
3.7998680E-1 7.8236630E-3
3.8996120E-1 8.9656060E-3
3.9997010E-1 1.0224480E-2
4.0995600E-1 1.1605670E-2
4.2010160E-1 1.3079970E-2
4.2987110E-1 1.4662610E-2
4.4006250E-1 1.6330970E-2
4.4990020E-1 1.8067700E-2
4.5996620E-1 1.9937660E-2
4.7002030E-1 2.1830220E-2
4.8000620E-1 2.3790540E-2
4.9002650E-1 2.5792580E-2
5.0002430E-1 2.7879210E-2
5.0999880E-1 2.9998840E-2
5.2003050E-1 3.2178730E-2
