0.000E+0 -36.8500014
1.000E-2 -36.8499558
2.000E-2 -36.8499101
3.000E-2 -36.8498639
4.000E-2 -36.8498172
5.000E-2 -36.8497699
6.000E-2 -36.849722
7.000E-2 -36.8496736
8.000E-2 -36.8496245
9.000E-2 -36.8495747
1.000E-1 -36.8495242
1.100E-1 -36.8494728
1.200E-1 -36.8494206
1.300E-1 -36.8493672
1.400E-1 -36.8493125
1.500E-1 -36.8492563
1.600E-1 -36.849198
1.700E-1 -36.8491373
1.800E-1 -36.8490732
1.900E-1 -36.8490046
2.000E-1 -36.8489298
2.100E-1 -36.8488466
2.200E-1 -36.8487515
2.300E-1 -36.8486397
2.400E-1 -36.8485041
2.500E-1 -36.8483348
2.600E-1 -36.848117
2.700E-1 -36.84783
2.800E-1 -36.8474434
2.900E-1 -36.8469136
3.000E-1 -36.8461777
3.100E-1 -36.845145
3.200E-1 -36.8436846
3.300E-1 -36.8416081
3.400E-1 -36.8386441
3.500E-1 -36.8344023
3.600E-1 -36.828322
3.700E-1 -36.8195995
3.800E-1 -36.8070851
3.900E-1 -36.7891376
4.000E-1 -36.7634194
4.100E-1 -36.7266052
4.200E-1 -36.6739655
4.300E-1 -36.598766
4.400E-1 -36.4914044
4.500E-1 -36.3381853
4.600E-1 -36.1196204
4.700E-1 -35.8081317
4.800E-1 -35.36501
4.900E-1 -34.7364378
5.000E-1 -33.8482989
5.100E-1 -32.5993454
5.200E-1 -30.8520484
5.300E-1 -28.4201613
5.400E-1 -25.0516249
5.500E-1 -20.4055705
5.600E-1 -14.0214244
5.700E-1 -5.27856676
5.800E-1 6.65579649
