0.000E+0 6.94295269E-7
1.000E-2 6.94414581E-7
2.000E-2 6.94535721E-7
3.000E-2 6.94659176E-7
4.000E-2 6.94785558E-7
5.000E-2 6.94915735E-7
6.000E-2 6.95050941E-7
7.000E-2 6.9519293E-7
8.000E-2 6.95344207E-7
9.000E-2 6.95508349E-7
1.000E-1 6.95690473E-7
1.100E-1 6.95897904E-7
1.200E-1 6.96141143E-7
1.300E-1 6.9643525E-7
1.400E-1 6.96801845E-7
1.500E-1 6.97271988E-7
1.600E-1 6.97890332E-7
1.700E-1 6.98721111E-7
1.800E-1 6.99856781E-7
1.900E-1 7.0143048E-7
2.000E-1 7.03634008E-7
2.100E-1 7.06743759E-7
2.200E-1 7.11158113E-7
2.300E-1 7.17451344E-7
2.400E-1 7.26451296E-7
2.500E-1 7.39351214E-7
2.600E-1 7.57870565E-7
2.700E-1 7.84485937E-7
2.800E-1 8.22761726E-7
2.900E-1 8.77822044E-7
3.000E-1 9.57020638E-7
3.100E-1 1.07088456E-6
3.200E-1 1.23442836E-6
3.300E-1 1.46895303E-6
3.400E-1 1.80444463E-6
3.500E-1 2.28264179E-6
3.600E-1 2.96069239E-6
