0.000E+0 0
1.000E-2 3.07347297E-15
2.000E-2 7.51899369E-15
3.000E-2 1.39561555E-14
4.000E-2 2.32835487E-14
5.000E-2 3.68040338E-14
6.000E-2 5.64062992E-14
7.000E-2 8.48144623E-14
8.000E-2 1.2600672E-13
9.000E-2 1.8574883E-13
1.000E-1 2.7238618E-13
1.100E-1 3.98045034E-13
1.200E-1 5.80344161E-13
1.300E-1 8.449883E-13
1.400E-1 1.22935833E-12
1.500E-1 1.78801677E-12
1.600E-1 2.60066303E-12
1.700E-1 3.78384606E-12
1.800E-1 5.50817507E-12
1.900E-1 8.02361423E-12
2.000E-1 1.16966632E-11
2.100E-1 1.70650133E-11
2.200E-1 2.49179008E-11
2.300E-1 3.64142491E-11
2.400E-1 5.32563849E-11
2.500E-1 7.79454937E-11
2.600E-1 1.14157299E-10
2.700E-1 1.67294587E-10
2.800E-1 2.45299849E-10
2.900E-1 3.59850594E-10
3.000E-1 5.28117534E-10
3.100E-1 7.75350844E-10
3.200E-1 1.13868456E-9
3.300E-1 1.67264765E-9
3.400E-1 2.45782335E-9
3.500E-1 3.61210723E-9
3.600E-1 5.30937665E-9
3.700E-1 7.80527503E-9
3.800E-1 1.14758565E-8
3.900E-1 1.68743121E-8
4.000E-1 2.48144233E-8
4.100E-1 3.64933364E-8
4.200E-1 5.36721823E-8
4.300E-1 7.89418E-8
4.400E-1 1.1611366E-7
4.500E-1 1.70794983E-7
