0.000E+0 -0.0868917813
1.000E-2 -0.0868880229
2.000E-2 -0.0868842398
3.000E-2 -0.0868804297
4.000E-2 -0.0868765892
5.000E-2 -0.0868727143
6.000E-2 -0.0868687991
7.000E-2 -0.0868648359
8.000E-2 -0.0868608145
9.000E-2 -0.0868567204
1.000E-1 -0.086852534
1.100E-1 -0.0868482279
1.200E-1 -0.0868437644
1.300E-1 -0.0868390903
1.400E-1 -0.0868341309
1.500E-1 -0.0868287803
1.600E-1 -0.0868228881
1.700E-1 -0.0868162399
1.800E-1 -0.0868085278
1.900E-1 -0.0867993099
2.000E-1 -0.0867879492
2.100E-1 -0.0867735247
2.200E-1 -0.086754703
2.300E-1 -0.086729549
2.400E-1 -0.08669525
2.500E-1 -0.086647711
2.600E-1 -0.0865809634
2.700E-1 -0.0864862963
2.800E-1 -0.0863509856
2.900E-1 -0.0861564276
3.000E-1 -0.0858754017
3.100E-1 -0.0854680529
3.200E-1 -0.0848759933
3.300E-1 -0.0840136414
3.400E-1 -0.0827555011
3.500E-1 -0.0809174743
3.600E-1 -0.0782294061
3.700E-1 -0.0742947414
3.800E-1 -0.0685312363
3.900E-1 -0.0600838214
4.000E-1 -0.0476965253
4.100E-1 -0.0295242165
4.200E-1 -0.00285587931
4.300E-1 0.0362921459
