-9.0059760E-2 -1.4760860E-4
-5.9951310E-2 -1.4542230E-4
-2.9956820E-2 -1.4294610E-4
-2.2411350E-5 -1.4002910E-4
1.0043170E-2 -1.3889840E-4
2.0039230E-2 -1.3730350E-4
2.9941080E-2 -1.3593490E-4
3.9996620E-2 -1.3446780E-4
4.9994470E-2 -1.3291370E-4
5.9981350E-2 -1.3096510E-4
6.9979670E-2 -1.2889480E-4
8.0000880E-2 -1.2649390E-4
8.9941980E-2 -1.2371040E-4
9.9986080E-2 -1.2086870E-4
1.1009840E-1 -1.1718620E-4
1.1997130E-1 -1.1285440E-4
1.2994670E-1 -1.0734520E-4
1.3987640E-1 -1.0181870E-4
1.4994290E-1 -9.4647970E-5
1.6002130E-1 -8.5925440E-5
1.6993950E-1 -7.7339170E-5
1.7991500E-1 -6.4238830E-5
1.8991330E-1 -4.9996060E-5
2.0003700E-1 -2.9406090E-5
2.0988700E-1 -9.3375490E-6
2.1889540E-1 8.6159340E-6
2.2998860E-1 4.5619880E-5
2.3988440E-1 7.9827120E-5
2.4992800E-1 1.1735600E-4
2.5993780E-1 1.6100100E-4
2.7002720E-1 2.1085140E-4
2.7984330E-1 2.6296920E-4
2.9002380E-1 3.1602060E-4
2.9981710E-1 3.7864640E-4
3.0994080E-1 4.4281500E-4
3.2000730E-1 5.1847780E-4
3.2997180E-1 5.8361470E-4
3.3991290E-1 6.5720130E-4
3.4989980E-1 7.2232100E-4
3.5992100E-1 8.0705360E-4
3.6990790E-1 8.8488520E-4
3.8007740E-1 9.7891970E-4
3.8993880E-1 1.0495200E-3
4.0006260E-1 1.1370850E-3
4.0991260E-1 1.2235470E-3
4.1986510E-1 1.3218910E-3
4.2998890E-1 1.4037190E-3
4.3995330E-1 1.4940070E-3
4.5003130E-1 1.5724730E-3
4.6006390E-1 1.6718000E-3
4.6999360E-1 1.7625520E-3
4.8000340E-1 1.8704570E-3
4.8987630E-1 1.9577890E-3
5.0001140E-1 2.0553800E-3
5.0993010E-1 2.1374970E-3
5.2001950E-1 2.2403600E-3
5.2997210E-1 2.3336620E-3
5.4005050E-1 2.4426670E-3
5.5002590E-1 2.5368390E-3
5.5997850E-1 2.6372090E-3
5.7007980E-1 2.7296410E-3
5.8000950E-1 2.8316940E-3
5.9001920E-1 2.9330510E-3
6.0006330E-1 3.0341170E-3
