-9.0104100E-2 -1.8129300E-4
-5.9961800E-2 -1.7911840E-4
-2.9944900E-2 -1.7653210E-4
5.2988530E-5 -1.7352810E-4
9.9817510E-3 -1.7217700E-4
1.9901100E-2 -1.7099980E-4
3.0054570E-2 -1.6965440E-4
4.0030000E-2 -1.6814090E-4
4.9971100E-2 -1.6627360E-4
5.9934620E-2 -1.6462660E-4
7.0058350E-2 -1.6208090E-4
8.0067630E-2 -1.5978430E-4
9.0054510E-2 -1.5674570E-4
9.9995610E-2 -1.5407230E-4
1.1002780E-1 -1.5036670E-4
1.2002610E-1 -1.4619730E-4
1.3008120E-1 -1.4105930E-4
1.3996510E-1 -1.3543410E-4
1.4999770E-1 -1.2898560E-4
1.5996120E-1 -1.2054810E-4
1.7001630E-1 -1.1081160E-4
1.8002610E-1 -9.9191170E-5
1.9008110E-1 -8.2991440E-5
1.9999930E-1 -6.7332760E-5
2.0996330E-1 -4.6587690E-5
2.1996400E-1 -2.4555250E-5
2.3016740E-1 3.7994760E-6
2.4013140E-1 3.6447830E-5
2.4991320E-1 7.2956200E-5
2.5995680E-1 1.1896620E-4
2.6996610E-1 1.6286570E-4
2.7997590E-1 2.1472180E-4
2.8997420E-1 2.6531940E-4
2.9994920E-1 3.2546810E-4
3.0987930E-1 3.8861480E-4
3.1992290E-1 4.5637790E-4
3.2994370E-1 5.2452950E-4
3.3991910E-1 5.9132980E-4
3.4990600E-1 6.6844090E-4
3.5997250E-1 7.4431110E-4
3.6999370E-1 8.3404710E-4
3.7979790E-1 9.0831100E-4
3.8996700E-1 9.9268280E-4
3.9999960E-1 1.0719880E-3
4.0992930E-1 1.1637810E-3
4.1997290E-1 1.2460700E-3
4.3000510E-1 1.3352560E-3
4.3991230E-1 1.4141840E-3
4.4985340E-1 1.5108440E-3
4.5993140E-1 1.6016530E-3
4.6998640E-1 1.7093830E-3
4.7996190E-1 1.7948580E-3
4.9002840E-1 1.8896650E-3
5.0000380E-1 1.9705630E-3
5.1007030E-1 2.0726140E-3
5.2001140E-1 2.1659710E-3
5.3002120E-1 2.2752080E-3
5.4005340E-1 2.3669430E-3
5.5001740E-1 2.4684150E-3
5.6000420E-1 2.5544710E-3
5.7004790E-1 2.6577950E-3
5.8002330E-1 2.7555000E-3
5.9002160E-1 2.8595220E-3
6.0006520E-1 2.9616300E-3
