-9.0042590E-2 -1.6384730E-4
-5.9958930E-2 -1.6243830E-4
-3.0068870E-2 -1.6107550E-4
-2.4765730E-5 -1.5986930E-4
9.9247400E-3 -1.5896480E-4
1.9797650E-2 -1.5848920E-4
2.9973030E-2 -1.5844290E-4
4.0005210E-2 -1.5761950E-4
5.0002570E-2 -1.5709180E-4
6.0011860E-2 -1.5652920E-4
7.0032120E-2 -1.5596100E-4
8.0018520E-2 -1.5529410E-4
9.0015890E-2 -1.5471420E-4
1.0002470E-1 -1.5394300E-4
1.0997680E-1 -1.5285870E-4
1.2000890E-1 -1.5153650E-4
1.2997200E-1 -1.5002880E-4
1.4000420E-1 -1.4830080E-4
1.5008120E-1 -1.4633500E-4
1.6009040E-1 -1.4348780E-4
1.6996240E-1 -1.4003180E-4
1.7985770E-1 -1.3512610E-4
1.9001480E-1 -1.2884590E-4
1.9995550E-1 -1.2052480E-4
2.0997570E-1 -1.0887510E-4
2.1997590E-1 -9.3143970E-5
2.2981410E-1 -7.2451540E-5
2.4000550E-1 -4.0298360E-5
2.4983220E-1 -2.3320860E-6
2.5960210E-1 4.8711170E-5
2.6997610E-1 1.2590740E-4
2.7987100E-1 2.1114480E-4
2.8993700E-1 3.4523760E-4
2.9983230E-1 5.1023280E-4
3.1002380E-1 7.5049120E-4
3.1994150E-1 1.0201670E-3
3.2990500E-1 1.3583120E-3
3.3994820E-1 1.7677100E-3
3.5004850E-1 2.3358860E-3
3.5996630E-1 2.8909630E-3
3.6997560E-1 3.5811180E-3
3.7995050E-1 4.2573060E-3
3.8994790E-1 5.1229840E-3
3.9985470E-1 6.0090570E-3
4.1001180E-1 7.0540810E-3
4.1996380E-1 8.0638730E-3
4.3007560E-1 9.1542690E-3
4.4002770E-1 1.0260310E-2
4.4995690E-1 1.1521970E-2
4.5995430E-1 1.2634230E-2
4.7002080E-1 1.3944040E-2
4.8000670E-1 1.5242280E-2
4.9001600E-1 1.6653480E-2
5.0001340E-1 1.7989930E-2
5.0997690E-1 1.9358260E-2
5.1999760E-1 2.0757300E-2
5.2996110E-1 2.2191660E-2
5.4003860E-1 2.3741320E-2
5.4988810E-1 2.5156560E-2
5.5993130E-1 2.6632640E-2
5.7003160E-1 2.7995750E-2
5.7996080E-1 2.9585380E-2
5.9006120E-1 3.1106640E-2
