-8.9930530E-2 -1.9295010E-4
-5.9971810E-2 -1.9161050E-4
-2.9966830E-2 -1.9028260E-4
-7.6621770E-5 -1.8890250E-4
1.0412600E-2 -1.8850240E-4
1.9925360E-2 -1.8765570E-4
2.9985430E-2 -1.8734830E-4
4.0108680E-2 -1.8688440E-4
4.9981120E-2 -1.8631620E-4
5.9933190E-2 -1.8564930E-4
7.0011140E-2 -1.8530140E-4
8.0008980E-2 -1.8458230E-4
8.9892860E-2 -1.8392120E-4
1.0000470E-1 -1.8307460E-4
1.1000250E-1 -1.8193220E-4
1.2000040E-1 -1.8086520E-4
1.2998680E-1 -1.7953720E-4
1.4000750E-1 -1.7823830E-4
1.4998250E-1 -1.7613340E-4
1.5995740E-1 -1.7396450E-4
1.7000100E-1 -1.7043880E-4
1.7995310E-1 -1.6664630E-4
1.8999670E-1 -1.6120110E-4
1.9998310E-1 -1.5496730E-4
2.0996950E-1 -1.4468000E-4
2.1995880E-1 -1.3221820E-4
2.2991090E-1 -1.1367910E-4
2.4000020E-1 -9.0031630E-5
2.4984980E-1 -5.8183850E-5
2.6006460E-1 -1.6019770E-5
2.6991420E-1 4.2135740E-5
2.8001450E-1 1.3235890E-4
2.8994420E-1 2.3764560E-4
3.0007890E-1 3.8837340E-4
3.0990600E-1 5.6858310E-4
3.1996060E-1 8.3079070E-4
3.3005000E-1 1.1783560E-3
3.3994530E-1 1.6181880E-3
3.4987450E-1 2.0750560E-3
3.5996390E-1 2.7604160E-3
3.6985920E-1 3.5038420E-3
3.7989140E-1 4.5308690E-3
3.8990070E-1 5.5233590E-3
4.0003540E-1 6.7152510E-3
4.0995310E-1 7.9043040E-3
4.1992860E-1 9.3434640E-3
4.2994930E-1 1.0758120E-2
4.3993570E-1 1.2476970E-2
4.4993350E-1 1.4119340E-2
4.5987460E-1 1.6119170E-2
4.7000930E-1 1.7887260E-2
4.7998430E-1 1.9842480E-2
4.8999360E-1 2.1723540E-2
5.0001430E-1 2.3790550E-2
5.0997830E-1 2.5982710E-2
5.2002140E-1 2.8083340E-2
5.3012230E-1 3.0241310E-2
