-9.0065960E-2 -1.9693070E-4
-5.9959410E-2 -1.9549850E-4
-2.9955390E-2 -1.9395010E-4
-3.4183260E-5 -1.9269760E-4
1.0517270E-2 -1.9247140E-4
2.0145300E-2 -1.9132900E-4
3.0087950E-2 -1.9148560E-4
4.0005680E-2 -1.9077820E-4
5.0026420E-2 -1.9030840E-4
5.9989930E-2 -1.8968220E-4
7.0112710E-2 -1.8905010E-4
7.9927920E-2 -1.8819190E-4
9.0028290E-2 -1.8772220E-4
1.0002610E-1 -1.8685240E-4
1.1006930E-1 -1.8588400E-4
1.1996460E-1 -1.8508370E-4
1.3003060E-1 -1.8379640E-4
1.3999410E-1 -1.8235830E-4
1.4999200E-1 -1.8056060E-4
1.5996650E-1 -1.7793380E-4
1.7001010E-1 -1.7488360E-4
1.7992780E-1 -1.7051130E-4
1.8997100E-1 -1.6545480E-4
1.9996880E-1 -1.5851940E-4
2.1010350E-1 -1.4989660E-4
2.1996640E-1 -1.3737680E-4
2.2990700E-1 -1.1813640E-4
2.4008750E-1 -9.4559650E-5
2.4992560E-1 -6.4817960E-5
2.6011710E-1 -2.1042480E-5
2.6971580E-1 2.8873590E-5
2.8000970E-1 1.2135650E-4
2.9000760E-1 2.2291830E-4
2.9995970E-1 3.6758950E-4
3.0992360E-1 5.3374560E-4
3.1985280E-1 8.0088970E-4
3.2986210E-1 1.1416560E-3
3.3997390E-1 1.5583020E-3
3.4992600E-1 2.0524800E-3
3.5996910E-1 2.7076970E-3
3.7002370E-1 3.4762600E-3
3.8001010E-1 4.4665910E-3
3.8981440E-1 5.4577310E-3
3.9997150E-1 6.6113580E-3
4.0988970E-1 7.7707230E-3
4.2010400E-1 9.2672280E-3
4.2999890E-1 1.0780530E-2
4.3988280E-1 1.2417670E-2
4.4991490E-1 1.4124900E-2
4.5991280E-1 1.6095730E-2
4.7009280E-1 1.7862050E-2
4.7999910E-1 1.9794640E-2
4.8999690E-1 2.1555170E-2
4.9998330E-1 2.3743820E-2
5.0998120E-1 2.5792850E-2
5.1993320E-1 2.8214960E-2
5.2989670E-1 3.0259360E-2
