0.000E+0 0
1.000E-2 4.29716131E-12
2.000E-2 1.0320727E-11
3.000E-2 1.87751052E-11
4.000E-2 3.06519494E-11
5.000E-2 4.73473152E-11
6.000E-2 7.0826732E-11
7.000E-2 1.03857919E-10
8.000E-2 1.50339088E-10
9.000E-2 2.15762443E-10
1.000E-1 3.07869113E-10
1.100E-1 4.37575332E-10
1.200E-1 6.20283275E-10
1.300E-1 8.77737675E-10
1.400E-1 1.24065706E-9
1.500E-1 1.7524647E-9
1.600E-1 2.47458073E-9
1.700E-1 3.49393075E-9
1.800E-1 4.93360078E-9
1.900E-1 6.96795879E-9
2.000E-1 9.84411625E-9
2.100E-1 1.39123893E-8
2.200E-1 1.96695334E-8
2.300E-1 2.78201087E-8
2.400E-1 3.93635738E-8
2.500E-1 5.57178886E-8
2.600E-1 7.8894902E-8
2.700E-1 1.1174917E-7
2.800E-1 1.58330824E-7
2.900E-1 2.24385755E-7
3.000E-1 3.1806409E-7
3.100E-1 4.50922657E-7
3.200E-1 6.3934127E-7
3.300E-1 9.0651932E-7
3.400E-1 1.28528171E-6
3.500E-1 1.82200457E-6
3.600E-1 2.58207242E-6
3.700E-1 3.65739347E-6
3.800E-1 5.17660788E-6
3.900E-1 7.31867921E-6
4.000E-1 1.03304285E-5
4.100E-1 1.45470699E-5
4.200E-1 2.04215712E-5
4.300E-1 2.85378712E-5
4.400E-1 3.96340908E-5
4.500E-1 5.45844707E-5
