T(K) Nd(cm-3) Mu(cm2/Vs)
150 1.00000E+12 6.71223E+3
150 1.45635E+12 6.70797E+3
150 2.12095E+12 6.70242E+3
150 3.08884E+12 6.69518E+3
150 4.49843E+12 6.68575E+3
150 6.55129E+12 6.67346E+3
150 9.54095E+12 6.65749E+3
150 1.38950E+13 6.63673E+3
150 2.02359E+13 6.60981E+3
150 2.94705E+13 6.57498E+3
150 4.29193E+13 6.53005E+3
150 6.25055E+13 6.47228E+3
150 9.10298E+13 6.39838E+3
150 1.32571E+14 6.30441E+3
150 1.93070E+14 6.18587E+3
150 2.81177E+14 6.03777E+3
150 4.09492E+14 5.85504E+3
150 5.96362E+14 5.63299E+3
150 8.68511E+14 5.36810E+3
150 1.26486E+15 5.05907E+3
150 1.84207E+15 4.70788E+3
150 2.68270E+15 4.32026E+3
150 3.90694E+15 3.90657E+3
150 5.68987E+15 3.48023E+3
150 8.28643E+15 3.05666E+3
150 1.20679E+16 2.65102E+3
150 1.75751E+16 2.27555E+3
150 2.55955E+16 1.93951E+3
150 3.72759E+16 1.64671E+3
150 5.42868E+16 1.39719E+3
150 7.90604E+16 1.18814E+3
150 1.15140E+17 1.01470E+3
150 1.67683E+17 8.70915E+2
150 2.44205E+17 7.53029E+2
150 3.55648E+17 6.55150E+2
150 5.17947E+17 5.74184E+2
150 7.54312E+17 5.06210E+2
150 1.09854E+18 4.49448E+2
150 1.59986E+18 4.01650E+2
150 2.32995E+18 3.61054E+2
150 3.39322E+18 3.26553E+2
150 4.94171E+18 2.97022E+2
150 7.19686E+18 2.71793E+2
150 1.04811E+19 2.49861E+2
150 1.52642E+19 2.31050E+2
150 2.22300E+19 2.14741E+2
150 3.23746E+19 2.00548E+2
150 4.71487E+19 1.88301E+2
150 6.86649E+19 1.77660E+2
150 1.00000E+20 1.68374E+2
158 1.00000E+12 5.97336E+3
158 1.45635E+12 5.97010E+3
158 2.12095E+12 5.96584E+3
158 3.08884E+12 5.96029E+3
158 4.49843E+12 5.95306E+3
158 6.55129E+12 5.94363E+3
158 9.54095E+12 5.93136E+3
158 1.38950E+13 5.91541E+3
158 2.02359E+13 5.89471E+3
158 2.94705E+13 5.86788E+3
158 4.29193E+13 5.83321E+3
158 6.25055E+13 5.78854E+3
158 9.10298E+13 5.73124E+3
158 1.32571E+14 5.65812E+3
158 1.93070E+14 5.56544E+3
158 2.81177E+14 5.44899E+3
158 4.09492E+14 5.30427E+3
158 5.96362E+14 5.12682E+3
158 8.68511E+14 4.91286E+3
158 1.26486E+15 4.66000E+3
158 1.84207E+15 4.36823E+3
158 2.68270E+15 4.04076E+3
158 3.90694E+15 3.68444E+3
158 5.68987E+15 3.30981E+3
158 8.28643E+15 2.92979E+3
158 1.20679E+16 2.55851E+3
158 1.75751E+16 2.20824E+3
158 2.55955E+16 1.88871E+3
158 3.72759E+16 1.60652E+3
158 5.42868E+16 1.36347E+3
158 7.90604E+16 1.15760E+3
158 1.15140E+17 9.86210E+2
158 1.67683E+17 8.44208E+2
158 2.44205E+17 7.27582E+2
158 3.55648E+17 6.31311E+2
158 5.17947E+17 5.51765E+2
158 7.54312E+17 4.85937E+2
158 1.09854E+18 4.30627E+2
158 1.59986E+18 3.84382E+2
158 2.32995E+18 3.45385E+2
158 3.39322E+18 3.12217E+2
158 4.94171E+18 2.83987E+2
158 7.19686E+18 2.59791E+2
158 1.04811E+19 2.39088E+2
158 1.52642E+19 2.21175E+2
158 2.22300E+19 2.05693E+2
158 3.23746E+19 1.92256E+2
158 4.71487E+19 1.80678E+2
158 6.86649E+19 1.70600E+2
158 1.00000E+20 1.61874E+2
166 1.00000E+12 5.34634E+3
166 1.45635E+12 5.34381E+3
166 2.12095E+12 5.34050E+3
166 3.08884E+12 5.33619E+3
166 4.49843E+12 5.33057E+3
166 6.55129E+12 5.32324E+3
166 9.54095E+12 5.31370E+3
166 1.38950E+13 5.30129E+3
166 2.02359E+13 5.28516E+3
166 2.94705E+13 5.26425E+3
166 4.29193E+13 5.23718E+3
166 6.25055E+13 5.20224E+3
166 9.10298E+13 5.15732E+3
166 1.32571E+14 5.09982E+3
166 1.93070E+14 5.02667E+3
166 2.81177E+14 4.93431E+3
166 4.09492E+14 4.81882E+3
166 5.96362E+14 4.67614E+3
166 8.68511E+14 4.50250E+3
166 1.26486E+15 4.29499E+3
166 1.84207E+15 4.05239E+3
166 2.68270E+15 3.77595E+3
166 3.90694E+15 3.47001E+3
166 5.68987E+15 3.14233E+3
166 8.28643E+15 2.80343E+3
166 1.20679E+16 2.46566E+3
166 1.75751E+16 2.14110E+3
166 2.55955E+16 1.83984E+3
166 3.72759E+16 1.56914E+3
166 5.42868E+16 1.33276E+3
166 7.90604E+16 1.13128E+3
166 1.15140E+17 9.62297E+2
166 1.67683E+17 8.22217E+2
166 2.44205E+17 7.06580E+2
166 3.55648E+17 6.11444E+2
166 5.17947E+17 5.33250E+2
166 7.54312E+17 4.68607E+2
166 1.09854E+18 4.14712E+2
166 1.59986E+18 3.69641E+2
166 2.32995E+18 3.31882E+2
166 3.39322E+18 2.99972E+2
166 4.94171E+18 2.72715E+2
166 7.19686E+18 2.49470E+2
166 1.04811E+19 2.29659E+2
166 1.52642E+19 2.12494E+2
166 2.22300E+19 1.97706E+2
166 3.23746E+19 1.84977E+2
166 4.71487E+19 1.73958E+2
166 6.86649E+19 1.64383E+2
166 1.00000E+20 1.56074E+2
174 1.00000E+12 4.81005E+3
174 1.45635E+12 4.80806E+3
174 2.12095E+12 4.80546E+3
174 3.08884E+12 4.80207E+3
174 4.49843E+12 4.79765E+3
174 6.55129E+12 4.79189E+3
174 9.54095E+12 4.78438E+3
174 1.38950E+13 4.77461E+3
174 2.02359E+13 4.76191E+3
174 2.94705E+13 4.74542E+3
174 4.29193E+13 4.72405E+3
174 6.25055E+13 4.69644E+3
174 9.10298E+13 4.66085E+3
174 1.32571E+14 4.61520E+3
174 1.93070E+14 4.55692E+3
174 2.81177E+14 4.48305E+3
174 4.09492E+14 4.39020E+3
174 5.96362E+14 4.27475E+3
174 8.68511E+14 4.13313E+3
174 1.26486E+15 3.96226E+3
174 1.84207E+15 3.76017E+3
174 2.68270E+15 3.52678E+3
174 3.90694E+15 3.26452E+3
174 5.68987E+15 2.97885E+3
174 8.28643E+15 2.67801E+3
174 1.20679E+16 2.37251E+3
174 1.75751E+16 2.07342E+3
174 2.55955E+16 1.79083E+3
174 3.72759E+16 1.53304E+3
174 5.42868E+16 1.30487E+3
174 7.90604E+16 1.10826E+3
174 1.15140E+17 9.42028E+2
174 1.67683E+17 8.03368E+2
174 2.44205E+17 6.88925E+2
174 3.55648E+17 5.94958E+2
174 5.17947E+17 5.17431E+2
174 7.54312E+17 4.53944E+2
174 1.09854E+18 4.01097E+2
174 1.59986E+18 3.56919E+2
174 2.32995E+18 3.20124E+2
174 3.39322E+18 2.89215E+2
174 4.94171E+18 2.62808E+2
174 7.19686E+18 2.40493E+2
174 1.04811E+19 2.21323E+2
174 1.52642E+19 2.04866E+2
174 2.22300E+19 1.90729E+2
174 3.23746E+19 1.78520E+2
174 4.71487E+19 1.67945E+2
174 6.86649E+19 1.58800E+2
174 1.00000E+20 1.50896E+2
182 1.00000E+12 4.34806E+3
182 1.45635E+12 4.34648E+3
182 2.12095E+12 4.34442E+3
182 3.08884E+12 4.34173E+3
182 4.49843E+12 4.33821E+3
182 6.55129E+12 4.33363E+3
182 9.54095E+12 4.32767E+3
182 1.38950E+13 4.31990E+3
182 2.02359E+13 4.30979E+3
182 2.94705E+13 4.29665E+3
182 4.29193E+13 4.27962E+3
182 6.25055E+13 4.25757E+3
182 9.10298E+13 4.22912E+3
182 1.32571E+14 4.19253E+3
182 1.93070E+14 4.14571E+3
182 2.81177E+14 4.08615E+3
182 4.09492E+14 4.01096E+3
182 5.96362E+14 3.91696E+3
182 8.68511E+14 3.80086E+3
182 1.26486E+15 3.65959E+3
182 1.84207E+15 3.49083E+3
182 2.68270E+15 3.29359E+3
182 3.90694E+15 3.06893E+3
182 5.68987E+15 2.82037E+3
182 8.28643E+15 2.55431E+3
182 1.20679E+16 2.27928E+3
182 1.75751E+16 2.00518E+3
182 2.55955E+16 1.74186E+3
182 3.72759E+16 1.49754E+3
182 5.42868E+16 1.27809E+3
182 7.90604E+16 1.08697E+3
182 1.15140E+17 9.23566E+2
182 1.67683E+17 7.86982E+2
182 2.44205E+17 6.73797E+2
182 3.55648E+17 5.80516E+2
182 5.17947E+17 5.04026E+2
182 7.54312E+17 4.41130E+2
182 1.09854E+18 3.89073E+2
182 1.59986E+18 3.45830E+2
182 2.32995E+18 3.09790E+2
182 3.39322E+18 2.79683E+2
182 4.94171E+18 2.54117E+2
182 7.19686E+18 2.32430E+2
182 1.04811E+19 2.13886E+2
182 1.52642E+19 1.98026E+2
182 2.22300E+19 1.84442E+2
182 3.23746E+19 1.72682E+2
182 4.71487E+19 1.62558E+2
182 6.86649E+19 1.53792E+2
182 1.00000E+20 1.46212E+2
190 1.00000E+12 3.94749E+3
190 1.45635E+12 3.94622E+3
190 2.12095E+12 3.94457E+3
190 3.08884E+12 3.94241E+3
190 4.49843E+12 3.93959E+3
190 6.55129E+12 3.93591E+3
190 9.54095E+12 3.93112E+3
190 1.38950E+13 3.92488E+3
190 2.02359E+13 3.91676E+3
190 2.94705E+13 3.90619E+3
190 4.29193E+13 3.89249E+3
190 6.25055E+13 3.87472E+3
190 9.10298E+13 3.85177E+3
190 1.32571E+14 3.82221E+3
190 1.93070E+14 3.78428E+3
190 2.81177E+14 3.73590E+3
190 4.09492E+14 3.67458E+3
190 5.96362E+14 3.59757E+3
190 8.68511E+14 3.50188E+3
190 1.26486E+15 3.38461E+3
190 1.84207E+15 3.24327E+3
190 2.68270E+15 3.07631E+3
190 3.90694E+15 2.88380E+3
190 5.68987E+15 2.66786E+3
190 8.28643E+15 2.43307E+3
190 1.20679E+16 2.18637E+3
190 1.75751E+16 1.93629E+3
190 2.55955E+16 1.69210E+3
190 3.72759E+16 1.46174E+3
190 5.42868E+16 1.25199E+3
190 7.90604E+16 1.06670E+3
190 1.15140E+17 9.07016E+2
190 1.67683E+17 7.72580E+2
190 2.44205E+17 6.60470E+2
190 3.55648E+17 5.68174E+2
190 5.17947E+17 4.92277E+2
190 7.54312E+17 4.29835E+2
190 1.09854E+18 3.78600E+2
190 1.59986E+18 3.36076E+2
190 2.32995E+18 3.00830E+2
190 3.39322E+18 2.71169E+2
190 4.94171E+18 2.46295E+2
190 7.19686E+18 2.25253E+2
190 1.04811E+19 2.07269E+2
190 1.52642E+19 1.91975E+2
190 2.22300E+19 1.78793E+2
190 3.23746E+19 1.67471E+2
190 4.71487E+19 1.57693E+2
190 6.86649E+19 1.49263E+2
190 1.00000E+20 1.41963E+2
198 1.00000E+12 3.59808E+3
198 1.45635E+12 3.59706E+3
198 2.12095E+12 3.59572E+3
198 3.08884E+12 3.59397E+3
198 4.49843E+12 3.59168E+3
198 6.55129E+12 3.58871E+3
198 9.54095E+12 3.58483E+3
198 1.38950E+13 3.57977E+3
198 2.02359E+13 3.57318E+3
198 2.94705E+13 3.56462E+3
198 4.29193E+13 3.55349E+3
198 6.25055E+13 3.53906E+3
198 9.10298E+13 3.52039E+3
198 1.32571E+14 3.49631E+3
198 1.93070E+14 3.46535E+3
198 2.81177E+14 3.42576E+3
198 4.09492E+14 3.37543E+3
198 5.96362E+14 3.31195E+3
198 8.68511E+14 3.23267E+3
198 1.26486E+15 3.13489E+3
198 1.84207E+15 3.01612E+3
198 2.68270E+15 2.87453E+3
198 3.90694E+15 2.70946E+3
198 5.68987E+15 2.52191E+3
198 8.28643E+15 2.31514E+3
198 1.20679E+16 2.09452E+3
198 1.75751E+16 1.86726E+3
198 2.55955E+16 1.64158E+3
198 3.72759E+16 1.42555E+3
198 5.42868E+16 1.22597E+3
198 7.90604E+16 1.04717E+3
198 1.15140E+17 8.91647E+2
198 1.67683E+17 7.59313E+2
198 2.44205E+17 6.48692E+2
198 3.55648E+17 5.56959E+2
198 5.17947E+17 4.81869E+2
198 7.54312E+17 4.20187E+2
198 1.09854E+18 3.69387E+2
198 1.59986E+18 3.27424E+2
198 2.32995E+18 2.92806E+2
198 3.39322E+18 2.63677E+2
198 4.94171E+18 2.39361E+2
198 7.19686E+18 2.18745E+2
198 1.04811E+19 2.01335E+2
198 1.52642E+19 1.86399E+2
198 2.22300E+19 1.73681E+2
198 3.23746E+19 1.62685E+2
198 4.71487E+19 1.53256E+2
198 6.86649E+19 1.45099E+2
198 1.00000E+20 1.38065E+2
206 1.00000E+12 3.29162E+3
206 1.45635E+12 3.29079E+3
206 2.12095E+12 3.28969E+3
206 3.08884E+12 3.28826E+3
206 4.49843E+12 3.28640E+3
206 6.55129E+12 3.28397E+3
206 9.54095E+12 3.28080E+3
206 1.38950E+13 3.27667E+3
206 2.02359E+13 3.27129E+3
206 2.94705E+13 3.26428E+3
206 4.29193E+13 3.25518E+3
206 6.25055E+13 3.24336E+3
206 9.10298E+13 3.22806E+3
206 1.32571E+14 3.20830E+3
206 1.93070E+14 3.18285E+3
206 2.81177E+14 3.15023E+3
206 4.09492E+14 3.10865E+3
206 5.96362E+14 3.05602E+3
206 8.68511E+14 2.99000E+3
206 1.26486E+15 2.90811E+3
206 1.84207E+15 2.80797E+3
206 2.68270E+15 2.68758E+3
206 3.90694E+15 2.54585E+3
206 5.68987E+15 2.38298E+3
206 8.28643E+15 2.20105E+3
206 1.20679E+16 2.00416E+3
206 1.75751E+16 1.79826E+3
206 2.55955E+16 1.59067E+3
206 3.72759E+16 1.38881E+3
206 5.42868E+16 1.19955E+3
206 7.90604E+16 1.02791E+3
206 1.15140E+17 8.76717E+2
206 1.67683E+17 7.47115E+2
206 2.44205E+17 6.37826E+2
206 3.55648E+17 5.47165E+2
206 5.17947E+17 4.72716E+2
206 7.54312E+17 4.11485E+2
206 1.09854E+18 3.61207E+2
206 1.59986E+18 3.19686E+2
206 2.32995E+18 2.85412E+2
206 3.39322E+18 2.57027E+2
206 4.94171E+18 2.33027E+2
206 7.19686E+18 2.12903E+2
206 1.04811E+19 1.95914E+2
206 1.52642E+19 1.81398E+2
206 2.22300E+19 1.68973E+2
206 3.23746E+19 1.58354E+2
206 4.71487E+19 1.49184E+2
206 6.86649E+19 1.41286E+2
206 1.00000E+20 1.34483E+2
214 1.00000E+12 3.02147E+3
214 1.45635E+12 3.02078E+3
214 2.12095E+12 3.01988E+3
214 3.08884E+12 3.01870E+3
214 4.49843E+12 3.01717E+3
214 6.55129E+12 3.01517E+3
214 9.54095E+12 3.01256E+3
214 1.38950E+13 3.00916E+3
214 2.02359E+13 3.00473E+3
214 2.94705E+13 2.99896E+3
214 4.29193E+13 2.99146E+3
214 6.25055E+13 2.98171E+3
214 9.10298E+13 2.96908E+3
214 1.32571E+14 2.95275E+3
214 1.93070E+14 2.93169E+3
214 2.81177E+14 2.90464E+3
214 4.09492E+14 2.87008E+3
214 5.96362E+14 2.82619E+3
214 8.68511E+14 2.77093E+3
214 1.26486E+15 2.70206E+3
214 1.84207E+15 2.61732E+3
214 2.68270E+15 2.51470E+3
214 3.90694E+15 2.39279E+3
214 5.68987E+15 2.25128E+3
214 8.28643E+15 2.09130E+3
214 1.20679E+16 1.91586E+3
214 1.75751E+16 1.72983E+3
214 2.55955E+16 1.53936E+3
214 3.72759E+16 1.35151E+3
214 5.42868E+16 1.17276E+3
214 7.90604E+16 1.00845E+3
214 1.15140E+17 8.62180E+2
214 1.67683E+17 7.35599E+2
214 2.44205E+17 6.28151E+2
214 3.55648E+17 5.38359E+2
214 5.17947E+17 4.64327E+2
214 7.54312E+17 4.03577E+2
214 1.09854E+18 3.53729E+2
214 1.59986E+18 3.12863E+2
214 2.32995E+18 2.79004E+2
214 3.39322E+18 2.50806E+2
214 4.94171E+18 2.27336E+2
214 7.19686E+18 2.07622E+2
214 1.04811E+19 1.90907E+2
214 1.52642E+19 1.76781E+2
214 2.22300E+19 1.64705E+2
214 3.23746E+19 1.54328E+2
214 4.71487E+19 1.45428E+2
214 6.86649E+19 1.37774E+2
214 1.00000E+20 1.31174E+2
222 1.00000E+12 2.78219E+3
222 1.45635E+12 2.78162E+3
222 2.12095E+12 2.78088E+3
222 3.08884E+12 2.77990E+3
222 4.49843E+12 2.77863E+3
222 6.55129E+12 2.77697E+3
222 9.54095E+12 2.77481E+3
222 1.38950E+13 2.77199E+3
222 2.02359E+13 2.76832E+3
222 2.94705E+13 2.76353E+3
222 4.29193E+13 2.75731E+3
222 6.25055E+13 2.74921E+3
222 9.10298E+13 2.73872E+3
222 1.32571E+14 2.72513E+3
222 1.93070E+14 2.70759E+3
222 2.81177E+14 2.68502E+3
222 4.09492E+14 2.65613E+3
222 5.96362E+14 2.61934E+3
222 8.68511E+14 2.57286E+3
222 1.26486E+15 2.51468E+3
222 1.84207E+15 2.44271E+3
222 2.68270E+15 2.35498E+3
222 3.90694E+15 2.24994E+3
222 5.68987E+15 2.12685E+3
222 8.28643E+15 1.98619E+3
222 1.20679E+16 1.83005E+3
222 1.75751E+16 1.66223E+3
222 2.55955E+16 1.48806E+3
222 3.72759E+16 1.31375E+3
222 5.42868E+16 1.14552E+3
222 7.90604E+16 9.88944E+2
222 1.15140E+17 8.47769E+2
222 1.67683E+17 7.24297E+2
222 2.44205E+17 6.18844E+2
222 3.55648E+17 5.30288E+2
222 5.17947E+17 4.56827E+2
222 7.54312E+17 3.96597E+2
222 1.09854E+18 3.47120E+2
222 1.59986E+18 3.06521E+2
222 2.32995E+18 2.73008E+2
222 3.39322E+18 2.45220E+2
222 4.94171E+18 2.22188E+2
222 7.19686E+18 2.02817E+2
222 1.04811E+19 1.86460E+2
222 1.52642E+19 1.72544E+2
222 2.22300E+19 1.60730E+2
222 3.23746E+19 1.50645E+2
222 4.71487E+19 1.41978E+2
222 6.86649E+19 1.34507E+2
222 1.00000E+20 1.28089E+2
230 1.00000E+12 2.56934E+3
230 1.45635E+12 2.56887E+3
230 2.12095E+12 2.56824E+3
230 3.08884E+12 2.56743E+3
230 4.49843E+12 2.56637E+3
230 6.55129E+12 2.56499E+3
230 9.54095E+12 2.56319E+3
230 1.38950E+13 2.56083E+3
230 2.02359E+13 2.55777E+3
230 2.94705E+13 2.55377E+3
230 4.29193E+13 2.54857E+3
230 6.25055E+13 2.54181E+3
230 9.10298E+13 2.53303E+3
230 1.32571E+14 2.52166E+3
230 1.93070E+14 2.50696E+3
230 2.81177E+14 2.48803E+3
230 4.09492E+14 2.46374E+3
230 5.96362E+14 2.43274E+3
230 8.68511E+14 2.39346E+3
230 1.26486E+15 2.34410E+3
230 1.84207E+15 2.28275E+3
230 2.68270E+15 2.20753E+3
230 3.90694E+15 2.11682E+3
230 5.68987E+15 2.00963E+3
230 8.28643E+15 1.88592E+3
230 1.20679E+16 1.74704E+3
230 1.75751E+16 1.59588E+3
230 2.55955E+16 1.43691E+3
230 3.72759E+16 1.27560E+3
230 5.42868E+16 1.11785E+3
230 7.90604E+16 9.69009E+2
230 1.15140E+17 8.33309E+2
230 1.67683E+17 7.13251E+2
230 2.44205E+17 6.09799E+2
230 3.55648E+17 5.22558E+2
230 5.17947E+17 4.49953E+2
230 7.54312E+17 3.90059E+2
230 1.09854E+18 3.40975E+2
230 1.59986E+18 3.00727E+2
230 2.32995E+18 2.67618E+2
230 3.39322E+18 2.40169E+2
230 4.94171E+18 2.17394E+2
230 7.19686E+18 1.98320E+2
230 1.04811E+19 1.82185E+2
230 1.52642E+19 1.68636E+2
230 2.22300E+19 1.57088E+2
230 3.23746E+19 1.47186E+2
230 4.71487E+19 1.38730E+2
230 6.86649E+19 1.31469E+2
230 1.00000E+20 1.25213E+2
238 1.00000E+12 2.37923E+3
238 1.45635E+12 2.37883E+3
238 2.12095E+12 2.37831E+3
238 3.08884E+12 2.37763E+3
238 4.49843E+12 2.37674E+3
238 6.55129E+12 2.37558E+3
238 9.54095E+12 2.37406E+3
238 1.38950E+13 2.37209E+3
238 2.02359E+13 2.36951E+3
238 2.94705E+13 2.36615E+3
238 4.29193E+13 2.36178E+3
238 6.25055E+13 2.35610E+3
238 9.10298E+13 2.34872E+3
238 1.32571E+14 2.33914E+3
238 1.93070E+14 2.32676E+3
238 2.81177E+14 2.31079E+3
238 4.09492E+14 2.29026E+3
238 5.96362E+14 2.26401E+3
238 8.68511E+14 2.23066E+3
238 1.26486E+15 2.18861E+3
238 1.84207E+15 2.13613E+3
238 2.68270E+15 2.07144E+3
238 3.90694E+15 1.99293E+3
238 5.68987E+15 1.89944E+3
238 8.28643E+15 1.79056E+3
238 1.20679E+16 1.66705E+3
238 1.75751E+16 1.53109E+3
238 2.55955E+16 1.38625E+3
238 3.72759E+16 1.23736E+3
238 5.42868E+16 1.08979E+3
238 7.90604E+16 9.48748E+2
238 1.15140E+17 8.18584E+2
238 1.67683E+17 7.02299E+2
238 2.44205E+17 6.01235E+2
238 3.55648E+17 5.15270E+2
238 5.17947E+17 4.43564E+2
238 7.54312E+17 3.84106E+2
238 1.09854E+18 3.35445E+2
238 1.59986E+18 2.95505E+2
238 2.32995E+18 2.62630E+2
238 3.39322E+18 2.35466E+2
238 4.94171E+18 2.12914E+2
238 7.19686E+18 1.94098E+2
238 1.04811E+19 1.78330E+2
238 1.52642E+19 1.65012E+2
238 2.22300E+19 1.53664E+2
238 3.23746E+19 1.43993E+2
238 4.71487E+19 1.35721E+2
238 6.86649E+19 1.28632E+2
238 1.00000E+20 1.22521E+2
246 1.00000E+12 2.20878E+3
246 1.45635E+12 2.20844E+3
246 2.12095E+12 2.20800E+3
246 3.08884E+12 2.20742E+3
246 4.49843E+12 2.20667E+3
246 6.55129E+12 2.20569E+3
246 9.54095E+12 2.20442E+3
246 1.38950E+13 2.20275E+3
246 2.02359E+13 2.20057E+3
246 2.94705E+13 2.19774E+3
246 4.29193E+13 2.19404E+3
246 6.25055E+13 2.18924E+3
246 9.10298E+13 2.18299E+3
246 1.32571E+14 2.17489E+3
246 1.93070E+14 2.16440E+3
246 2.81177E+14 2.15086E+3
246 4.09492E+14 2.13343E+3
246 5.96362E+14 2.11110E+3
246 8.68511E+14 2.08265E+3
246 1.26486E+15 2.04669E+3
246 1.84207E+15 2.00163E+3
246 2.68270E+15 1.94582E+3
246 3.90694E+15 1.87771E+3
246 5.68987E+15 1.79602E+3
246 8.28643E+15 1.70012E+3
246 1.20679E+16 1.59028E+3
246 1.75751E+16 1.46802E+3
246 2.55955E+16 1.33628E+3
246 3.72759E+16 1.19910E+3
246 5.42868E+16 1.06139E+3
246 7.90604E+16 9.28162E+2
246 1.15140E+17 8.03759E+2
246 1.67683E+17 6.91333E+2
246 2.44205E+17 5.92819E+2
246 3.55648E+17 5.08296E+2
246 5.17947E+17 4.37379E+2
246 7.54312E+17 3.78574E+2
246 1.09854E+18 3.30364E+2
246 1.59986E+18 2.90562E+2
246 2.32995E+18 2.57990E+2
246 3.39322E+18 2.31073E+2
246 4.94171E+18 2.08802E+2
246 7.19686E+18 1.90289E+2
246 1.04811E+19 1.74753E+2
246 1.52642E+19 1.61585E+2
246 2.22300E+19 1.50466E+2
246 3.23746E+19 1.41000E+2
246 4.71487E+19 1.32894E+2
246 6.86649E+19 1.25960E+2
246 1.00000E+20 1.19992E+2
254 1.00000E+12 2.05541E+3
254 1.45635E+12 2.05513E+3
254 2.12095E+12 2.05475E+3
254 3.08884E+12 2.05426E+3
254 4.49843E+12 2.05363E+3
254 6.55129E+12 2.05280E+3
254 9.54095E+12 2.05171E+3
254 1.38950E+13 2.05029E+3
254 2.02359E+13 2.04845E+3
254 2.94705E+13 2.04604E+3
254 4.29193E+13 2.04290E+3
254 6.25055E+13 2.03882E+3
254 9.10298E+13 2.03351E+3
254 1.32571E+14 2.02662E+3
254 1.93070E+14 2.01769E+3
254 2.81177E+14 2.00615E+3
254 4.09492E+14 1.99127E+3
254 5.96362E+14 1.97219E+3
254 8.68511E+14 1.94783E+3
254 1.26486E+15 1.91695E+3
254 1.84207E+15 1.87812E+3
254 2.68270E+15 1.82984E+3
254 3.90694E+15 1.77060E+3
254 5.68987E+15 1.69911E+3
254 8.28643E+15 1.61453E+3
254 1.20679E+16 1.51680E+3
254 1.75751E+16 1.40695E+3
254 2.55955E+16 1.28721E+3
254 3.72759E+16 1.16106E+3
254 5.42868E+16 1.03287E+3
254 7.90604E+16 9.07282E+2
254 1.15140E+17 7.88612E+2
254 1.67683E+17 6.80277E+2
254 2.44205E+17 5.84349E+2
254 3.55648E+17 5.01533E+2
254 5.17947E+17 4.31662E+2
254 7.54312E+17 3.73539E+2
254 1.09854E+18 3.25482E+2
254 1.59986E+18 2.86045E+2
254 2.32995E+18 2.53653E+2
254 3.39322E+18 2.27036E+2
254 4.94171E+18 2.05006E+2
254 7.19686E+18 1.86677E+2
254 1.04811E+19 1.71348E+2
254 1.52642E+19 1.58401E+2
254 2.22300E+19 1.47499E+2
254 3.23746E+19 1.38186E+2
254 4.71487E+19 1.30255E+2
254 6.86649E+19 1.23453E+2
254 1.00000E+20 1.17608E+2
262 1.00000E+12 1.91696E+3
262 1.45635E+12 1.91672E+3
262 2.12095E+12 1.91640E+3
262 3.08884E+12 1.91598E+3
262 4.49843E+12 1.91544E+3
262 6.55129E+12 1.91473E+3
262 9.54095E+12 1.91381E+3
262 1.38950E+13 1.91260E+3
262 2.02359E+13 1.91102E+3
262 2.94705E+13 1.90897E+3
262 4.29193E+13 1.90629E+3
262 6.25055E+13 1.90280E+3
262 9.10298E+13 1.89827E+3
262 1.32571E+14 1.89238E+3
262 1.93070E+14 1.88474E+3
262 2.81177E+14 1.87486E+3
262 4.09492E+14 1.86211E+3
262 5.96362E+14 1.84573E+3
262 8.68511E+14 1.82478E+3
262 1.26486E+15 1.79816E+3
262 1.84207E+15 1.76460E+3
262 2.68270E+15 1.72270E+3
262 3.90694E+15 1.67104E+3
262 5.68987E+15 1.60835E+3
262 8.28643E+15 1.53366E+3
262 1.20679E+16 1.44666E+3
262 1.75751E+16 1.34794E+3
262 2.55955E+16 1.23924E+3
262 3.72759E+16 1.12340E+3
262 5.42868E+16 1.00427E+3
262 7.90604E+16 8.86159E+2
262 1.15140E+17 7.73298E+2
262 1.67683E+17 6.69088E+2
262 2.44205E+17 5.75903E+2
262 3.55648E+17 4.94903E+2
262 5.17947E+17 4.26150E+2
262 7.54312E+17 3.68595E+2
262 1.09854E+18 3.20898E+2
262 1.59986E+18 2.81841E+2
262 2.32995E+18 2.49661E+2
262 3.39322E+18 2.23304E+2
262 4.94171E+18 2.01483E+2
262 7.19686E+18 1.83315E+2
262 1.04811E+19 1.68167E+2
262 1.52642E+19 1.55415E+2
262 2.22300E+19 1.44677E+2
262 3.23746E+19 1.35530E+2
262 4.71487E+19 1.27757E+2
262 6.86649E+19 1.21081E+2
262 1.00000E+20 1.15354E+2
270 1.00000E+12 1.79159E+3
270 1.45635E+12 1.79138E+3
270 2.12095E+12 1.79111E+3
270 3.08884E+12 1.79075E+3
270 4.49843E+12 1.79028E+3
270 6.55129E+12 1.78968E+3
270 9.54095E+12 1.78888E+3
270 1.38950E+13 1.78785E+3
270 2.02359E+13 1.78649E+3
270 2.94705E+13 1.78473E+3
270 4.29193E+13 1.78244E+3
270 6.25055E+13 1.77944E+3
270 9.10298E+13 1.77555E+3
270 1.32571E+14 1.77049E+3
270 1.93070E+14 1.76393E+3
270 2.81177E+14 1.75544E+3
270 4.09492E+14 1.74446E+3
270 5.96362E+14 1.73035E+3
270 8.68511E+14 1.71226E+3
270 1.26486E+15 1.68923E+3
270 1.84207E+15 1.66012E+3
270 2.68270E+15 1.62365E+3
270 3.90694E+15 1.57850E+3
270 5.68987E+15 1.52341E+3
270 8.28643E+15 1.45736E+3
270 1.20679E+16 1.37985E+3
270 1.75751E+16 1.29115E+3
270 2.55955E+16 1.19248E+3
270 3.72759E+16 1.08622E+3
270 5.42868E+16 9.75703E+2
270 7.90604E+16 8.64894E+2
270 1.15140E+17 7.57700E+2
270 1.67683E+17 6.57743E+2
270 2.44205E+17 5.67511E+2
270 3.55648E+17 4.88345E+2
270 5.17947E+17 4.20671E+2
270 7.54312E+17 3.63867E+2
270 1.09854E+18 3.16695E+2
270 1.59986E+18 2.77760E+2
270 2.32995E+18 2.45959E+2
270 3.39322E+18 2.19763E+2
270 4.94171E+18 1.98129E+2
270 7.19686E+18 1.80173E+2
270 1.04811E+19 1.65184E+2
270 1.52642E+19 1.52663E+2
270 2.22300E+19 1.42040E+2
270 3.23746E+19 1.33041E+2
270 4.71487E+19 1.25387E+2
270 6.86649E+19 1.18827E+2
270 1.00000E+20 1.13226E+2
278 1.00000E+12 1.67772E+3
278 1.45635E+12 1.67754E+3
278 2.12095E+12 1.67730E+3
278 3.08884E+12 1.67700E+3
278 4.49843E+12 1.67660E+3
278 6.55129E+12 1.67607E+3
278 9.54095E+12 1.67539E+3
278 1.38950E+13 1.67450E+3
278 2.02359E+13 1.67333E+3
278 2.94705E+13 1.67182E+3
278 4.29193E+13 1.66984E+3
278 6.25055E+13 1.66726E+3
278 9.10298E+13 1.66390E+3
278 1.32571E+14 1.65954E+3
278 1.93070E+14 1.65388E+3
278 2.81177E+14 1.64654E+3
278 4.09492E+14 1.63706E+3
278 5.96362E+14 1.62485E+3
278 8.68511E+14 1.60918E+3
278 1.26486E+15 1.58919E+3
278 1.84207E+15 1.56385E+3
278 2.68270E+15 1.53201E+3
278 3.90694E+15 1.49244E+3
278 5.68987E+15 1.44393E+3
278 8.28643E+15 1.38544E+3
278 1.20679E+16 1.31633E+3
278 1.75751E+16 1.23657E+3
278 2.55955E+16 1.14707E+3
278 3.72759E+16 1.04969E+3
278 5.42868E+16 9.47301E+2
278 7.90604E+16 8.43493E+2
278 1.15140E+17 7.41958E+2
278 1.67683E+17 6.46233E+2
278 2.44205E+17 5.58962E+2
278 3.55648E+17 4.81899E+2
278 5.17947E+17 4.15420E+2
278 7.54312E+17 3.59308E+2
278 1.09854E+18 3.12548E+2
278 1.59986E+18 2.74022E+2
278 2.32995E+18 2.42404E+2
278 3.39322E+18 2.16393E+2
278 4.94171E+18 1.94929E+2
278 7.19686E+18 1.77161E+2
278 1.04811E+19 1.62376E+2
278 1.52642E+19 1.50006E+2
278 2.22300E+19 1.39505E+2
278 3.23746E+19 1.30677E+2
278 4.71487E+19 1.23132E+2
278 6.86649E+19 1.16697E+2
278 1.00000E+20 1.11193E+2
286 1.00000E+12 1.57401E+3
286 1.45635E+12 1.57386E+3
286 2.12095E+12 1.57365E+3
286 3.08884E+12 1.57339E+3
286 4.49843E+12 1.57304E+3
286 6.55129E+12 1.57259E+3
286 9.54095E+12 1.57200E+3
286 1.38950E+13 1.57123E+3
286 2.02359E+13 1.57022E+3
286 2.94705E+13 1.56891E+3
286 4.29193E+13 1.56720E+3
286 6.25055E+13 1.56497E+3
286 9.10298E+13 1.56206E+3
286 1.32571E+14 1.55829E+3
286 1.93070E+14 1.55338E+3
286 2.81177E+14 1.54702E+3
286 4.09492E+14 1.53880E+3
286 5.96362E+14 1.52819E+3
286 8.68511E+14 1.51456E+3
286 1.26486E+15 1.49715E+3
286 1.84207E+15 1.47502E+3
286 2.68270E+15 1.44715E+3
286 3.90694E+15 1.41239E+3
286 5.68987E+15 1.36959E+3
286 8.28643E+15 1.31770E+3
286 1.20679E+16 1.25600E+3
286 1.75751E+16 1.18428E+3
286 2.55955E+16 1.10309E+3
286 3.72759E+16 1.01391E+3
286 5.42868E+16 9.19169E+2
286 7.90604E+16 8.22014E+2
286 1.15140E+17 7.26051E+2
286 1.67683E+17 6.34565E+2
286 2.44205E+17 5.50390E+2
286 3.55648E+17 4.75351E+2
286 5.17947E+17 4.10143E+2
286 7.54312E+17 3.54880E+2
286 1.09854E+18 3.08682E+2
286 1.59986E+18 2.70445E+2
286 2.32995E+18 2.39045E+2
286 3.39322E+18 2.13238E+2
286 4.94171E+18 1.91986E+2
286 7.19686E+18 1.74385E+2
286 1.04811E+19 1.59724E+2
286 1.52642E+19 1.47439E+2
286 2.22300E+19 1.37135E+2
286 3.23746E+19 1.28405E+2
286 4.71487E+19 1.21001E+2
286 6.86649E+19 1.14680E+2
286 1.00000E+20 1.09256E+2
294 1.00000E+12 1.47932E+3
294 1.45635E+12 1.47918E+3
294 2.12095E+12 1.47901E+3
294 3.08884E+12 1.47878E+3
294 4.49843E+12 1.47847E+3
294 6.55129E+12 1.47808E+3
294 9.54095E+12 1.47757E+3
294 1.38950E+13 1.47690E+3
294 2.02359E+13 1.47602E+3
294 2.94705E+13 1.47488E+3
294 4.29193E+13 1.47340E+3
294 6.25055E+13 1.47146E+3
294 9.10298E+13 1.46894E+3
294 1.32571E+14 1.46565E+3
294 1.93070E+14 1.46139E+3
294 2.81177E+14 1.45586E+3
294 4.09492E+14 1.44869E+3
294 5.96362E+14 1.43945E+3
294 8.68511E+14 1.42756E+3
294 1.26486E+15 1.41234E+3
294 1.84207E+15 1.39297E+3
294 2.68270E+15 1.36850E+3
294 3.90694E+15 1.33788E+3
294 5.68987E+15 1.30004E+3
294 8.28643E+15 1.25394E+3
294 1.20679E+16 1.19879E+3
294 1.75751E+16 1.13424E+3
294 2.55955E+16 1.06059E+3
294 3.72759E+16 9.78949E+2
294 5.42868E+16 8.91361E+2
294 7.90604E+16 8.00645E+2
294 1.15140E+17 7.10039E+2
294 1.67683E+17 6.22750E+2
294 2.44205E+17 5.41706E+2
294 3.55648E+17 4.68774E+2
294 5.17947E+17 4.04997E+2
294 7.54312E+17 3.50551E+2
294 1.09854E+18 3.04935E+2
294 1.59986E+18 2.67008E+2
294 2.32995E+18 2.35826E+2
294 3.39322E+18 2.10212E+2
294 4.94171E+18 1.89155E+2
294 7.19686E+18 1.71707E+2
294 1.04811E+19 1.57211E+2
294 1.52642E+19 1.45052E+2
294 2.22300E+19 1.34878E+2
294 3.23746E+19 1.26279E+2
294 4.71487E+19 1.18963E+2
294 6.86649E+19 1.12730E+2
294 1.00000E+20 1.07414E+2
302 1.00000E+12 1.39263E+3
302 1.45635E+12 1.39252E+3
302 2.12095E+12 1.39236E+3
302 3.08884E+12 1.39216E+3
302 4.49843E+12 1.39190E+3
302 6.55129E+12 1.39156E+3
302 9.54095E+12 1.39111E+3
302 1.38950E+13 1.39053E+3
302 2.02359E+13 1.38976E+3
302 2.94705E+13 1.38877E+3
302 4.29193E+13 1.38747E+3
302 6.25055E+13 1.38578E+3
302 9.10298E+13 1.38358E+3
302 1.32571E+14 1.38072E+3
302 1.93070E+14 1.37700E+3
302 2.81177E+14 1.37217E+3
302 4.09492E+14 1.36591E+3
302 5.96362E+14 1.35783E+3
302 8.68511E+14 1.34742E+3
302 1.26486E+15 1.33407E+3
302 1.84207E+15 1.31706E+3
302 2.68270E+15 1.29552E+3
302 3.90694E+15 1.26849E+3
302 5.68987E+15 1.23495E+3
302 8.28643E+15 1.19392E+3
302 1.20679E+16 1.14458E+3
302 1.75751E+16 1.08644E+3
302 2.55955E+16 1.01960E+3
302 3.72759E+16 9.44899E+2
302 5.42868E+16 8.63990E+2
302 7.90604E+16 7.79349E+2
302 1.15140E+17 6.93936E+2
302 1.67683E+17 6.10845E+2
302 2.44205E+17 5.32911E+2
302 3.55648E+17 4.62153E+2
302 5.17947E+17 3.99863E+2
302 7.54312E+17 3.46375E+2
302 1.09854E+18 3.01285E+2
302 1.59986E+18 2.63785E+2
302 2.32995E+18 2.32832E+2
302 3.39322E+18 2.07330E+2
302 4.94171E+18 1.86427E+2
302 7.19686E+18 1.69120E+2
302 1.04811E+19 1.54776E+2
302 1.52642E+19 1.42779E+2
302 2.22300E+19 1.32723E+2
302 3.23746E+19 1.24225E+2
302 4.71487E+19 1.17028E+2
302 6.86649E+19 1.10891E+2
302 1.00000E+20 1.05642E+2
310 1.00000E+12 1.31310E+3
310 1.45635E+12 1.31300E+3
310 2.12095E+12 1.31286E+3
310 3.08884E+12 1.31269E+3
310 4.49843E+12 1.31246E+3
310 6.55129E+12 1.31216E+3
310 9.54095E+12 1.31177E+3
310 1.38950E+13 1.31126E+3
310 2.02359E+13 1.31059E+3
310 2.94705E+13 1.30972E+3
310 4.29193E+13 1.30859E+3
310 6.25055E+13 1.30711E+3
310 9.10298E+13 1.30518E+3
310 1.32571E+14 1.30267E+3
310 1.93070E+14 1.29941E+3
310 2.81177E+14 1.29518E+3
310 4.09492E+14 1.28970E+3
310 5.96362E+14 1.28260E+3
310 8.68511E+14 1.27346E+3
310 1.26486E+15 1.26173E+3
310 1.84207E+15 1.24674E+3
310 2.68270E+15 1.22773E+3
310 3.90694E+15 1.20381E+3
310 5.68987E+15 1.17403E+3
310 8.28643E+15 1.13745E+3
310 1.20679E+16 1.09324E+3
310 1.75751E+16 1.04083E+3
310 2.55955E+16 9.80159E+2
310 3.72759E+16 9.11800E+2
310 5.42868E+16 8.37100E+2
310 7.90604E+16 7.58201E+2
310 1.15140E+17 6.77785E+2
310 1.67683E+17 5.98784E+2
310 2.44205E+17 5.23972E+2
310 3.55648E+17 4.55527E+2
310 5.17947E+17 3.94723E+2
310 7.54312E+17 3.42165E+2
310 1.09854E+18 2.97715E+2
310 1.59986E+18 2.60562E+2
310 2.32995E+18 2.29932E+2
310 3.39322E+18 2.04621E+2
310 4.94171E+18 1.83887E+2
310 7.19686E+18 1.66710E+2
310 1.04811E+19 1.52503E+2
310 1.52642E+19 1.40608E+2
310 2.22300E+19 1.30661E+2
310 3.23746E+19 1.22274E+2
310 4.71487E+19 1.15169E+2
310 6.86649E+19 1.09122E+2
310 1.00000E+20 1.03951E+2
318 1.00000E+12 1.23996E+3
318 1.45635E+12 1.23987E+3
318 2.12095E+12 1.23975E+3
318 3.08884E+12 1.23960E+3
318 4.49843E+12 1.23940E+3
318 6.55129E+12 1.23913E+3
318 9.54095E+12 1.23879E+3
318 1.38950E+13 1.23834E+3
318 2.02359E+13 1.23776E+3
318 2.94705E+13 1.23700E+3
318 4.29193E+13 1.23600E+3
318 6.25055E+13 1.23470E+3
318 9.10298E+13 1.23301E+3
318 1.32571E+14 1.23081E+3
318 1.93070E+14 1.22794E+3
318 2.81177E+14 1.22422E+3
318 4.09492E+14 1.21940E+3
318 5.96362E+14 1.21316E+3
318 8.68511E+14 1.20511E+3
318 1.26486E+15 1.19476E+3
318 1.84207E+15 1.18152E+3
318 2.68270E+15 1.16470E+3
318 3.90694E+15 1.14348E+3
318 5.68987E+15 1.11698E+3
318 8.28643E+15 1.08431E+3
318 1.20679E+16 1.04464E+3
318 1.75751E+16 9.97359E+2
318 2.55955E+16 9.42258E+2
318 3.72759E+16 8.79706E+2
318 5.42868E+16 8.10774E+2
318 7.90604E+16 7.37295E+2
318 1.15140E+17 6.61679E+2
318 1.67683E+17 5.86717E+2
318 2.44205E+17 5.15016E+2
318 3.55648E+17 4.48785E+2
318 5.17947E+17 3.89566E+2
318 7.54312E+17 3.38055E+2
318 1.09854E+18 2.94208E+2
318 1.59986E+18 2.57506E+2
318 2.32995E+18 2.27117E+2
318 3.39322E+18 2.01995E+2
318 4.94171E+18 1.81423E+2
318 7.19686E+18 1.64370E+2
318 1.04811E+19 1.50290E+2
318 1.52642E+19 1.38532E+2
318 2.22300E+19 1.28684E+2
318 3.23746E+19 1.20391E+2
318 4.71487E+19 1.13381E+2
318 6.86649E+19 1.07417E+2
318 1.00000E+20 1.02325E+2
326 1.00000E+12 1.17256E+3
326 1.45635E+12 1.17248E+3
326 2.12095E+12 1.17238E+3
326 3.08884E+12 1.17224E+3
326 4.49843E+12 1.17207E+3
326 6.55129E+12 1.17184E+3
326 9.54095E+12 1.17153E+3
326 1.38950E+13 1.17114E+3
326 2.02359E+13 1.17062E+3
326 2.94705E+13 1.16995E+3
326 4.29193E+13 1.16908E+3
326 6.25055E+13 1.16793E+3
326 9.10298E+13 1.16644E+3
326 1.32571E+14 1.16450E+3
326 1.93070E+14 1.16198E+3
326 2.81177E+14 1.15870E+3
326 4.09492E+14 1.15444E+3
326 5.96362E+14 1.14893E+3
326 8.68511E+14 1.14182E+3
326 1.26486E+15 1.13267E+3
326 1.84207E+15 1.12095E+3
326 2.68270E+15 1.10602E+3
326 3.90694E+15 1.08716E+3
326 5.68987E+15 1.06353E+3
326 8.28643E+15 1.03430E+3
326 1.20679E+16 9.98658E+2
326 1.75751E+16 9.55954E+2
326 2.55955E+16 9.05882E+2
326 3.72759E+16 8.48635E+2
326 5.42868E+16 7.85054E+2
326 7.90604E+16 7.16674E+2
326 1.15140E+17 6.45651E+2
326 1.67683E+17 5.74567E+2
326 2.44205E+17 5.05924E+2
326 3.55648E+17 4.42022E+2
326 5.17947E+17 3.84432E+2
326 7.54312E+17 3.33955E+2
326 1.09854E+18 2.90751E+2
326 1.59986E+18 2.54512E+2
326 2.32995E+18 2.24377E+2
326 3.39322E+18 1.99525E+2
326 4.94171E+18 1.79050E+2
326 7.19686E+18 1.62174E+2
326 1.04811E+19 1.48172E+2
326 1.52642E+19 1.36540E+2
326 2.22300E+19 1.26786E+2
326 3.23746E+19 1.18588E+2
326 4.71487E+19 1.11672E+2
326 6.86649E+19 1.05785E+2
326 1.00000E+20 1.00767E+2
334 1.00000E+12 1.11033E+3
334 1.45635E+12 1.11026E+3
334 2.12095E+12 1.11017E+3
334 3.08884E+12 1.11005E+3
334 4.49843E+12 1.10989E+3
334 6.55129E+12 1.10969E+3
334 9.54095E+12 1.10942E+3
334 1.38950E+13 1.10907E+3
334 2.02359E+13 1.10862E+3
334 2.94705E+13 1.10803E+3
334 4.29193E+13 1.10725E+3
334 6.25055E+13 1.10624E+3
334 9.10298E+13 1.10493E+3
334 1.32571E+14 1.10321E+3
334 1.93070E+14 1.10098E+3
334 2.81177E+14 1.09808E+3
334 4.09492E+14 1.09431E+3
334 5.96362E+14 1.08944E+3
334 8.68511E+14 1.08314E+3
334 1.26486E+15 1.07502E+3
334 1.84207E+15 1.06461E+3
334 2.68270E+15 1.05134E+3
334 3.90694E+15 1.03453E+3
334 5.68987E+15 1.01343E+3
334 8.28643E+15 9.87230E+2
334 1.20679E+16 9.55156E+2
334 1.75751E+16 9.16547E+2
334 2.55955E+16 8.71016E+2
334 3.72759E+16 8.18611E+2
334 5.42868E+16 7.59966E+2
334 7.90604E+16 6.96363E+2
334 1.15140E+17 6.29709E+2
334 1.67683E+17 5.62376E+2
334 2.44205E+17 4.96808E+2
334 3.55648E+17 4.35193E+2
334 5.17947E+17 3.79214E+2
334 7.54312E+17 3.29857E+2
334 1.09854E+18 2.87392E+2
334 1.59986E+18 2.51571E+2
334 2.32995E+18 2.21704E+2
334 3.39322E+18 1.97040E+2
334 4.94171E+18 1.76796E+2
334 7.19686E+18 1.60030E+2
334 1.04811E+19 1.46142E+2
334 1.52642E+19 1.34626E+2
334 2.22300E+19 1.24991E+2
334 3.23746E+19 1.16881E+2
334 4.71487E+19 1.10022E+2
334 6.86649E+19 1.04208E+2
334 1.00000E+20 9.92650E+1
342 1.00000E+12 1.05275E+3
342 1.45635E+12 1.05269E+3
342 2.12095E+12 1.05261E+3
342 3.08884E+12 1.05251E+3
342 4.49843E+12 1.05237E+3
342 6.55129E+12 1.05219E+3
342 9.54095E+12 1.05196E+3
342 1.38950E+13 1.05165E+3
342 2.02359E+13 1.05124E+3
342 2.94705E+13 1.05072E+3
342 4.29193E+13 1.05003E+3
342 6.25055E+13 1.04914E+3
342 9.10298E+13 1.04797E+3
342 1.32571E+14 1.04645E+3
342 1.93070E+14 1.04447E+3
342 2.81177E+14 1.04190E+3
342 4.09492E+14 1.03856E+3
342 5.96362E+14 1.03423E+3
342 8.68511E+14 1.02863E+3
342 1.26486E+15 1.02142E+3
342 1.84207E+15 1.01216E+3
342 2.68270E+15 1.00033E+3
342 3.90694E+15 9.85314E+2
342 5.68987E+15 9.66424E+2
342 8.28643E+15 9.42905E+2
342 1.20679E+16 9.14003E+2
342 1.75751E+16 8.79056E+2
342 2.55955E+16 8.37627E+2
342 3.72759E+16 7.89640E+2
342 5.42868E+16 7.35542E+2
342 7.90604E+16 6.76421E+2
342 1.15140E+17 6.13920E+2
342 1.67683E+17 5.50212E+2
342 2.44205E+17 4.87613E+2
342 3.55648E+17 4.28319E+2
342 5.17947E+17 3.74002E+2
342 7.54312E+17 3.25755E+2
342 1.09854E+18 2.84053E+2
342 1.59986E+18 2.48676E+2
342 2.32995E+18 2.19155E+2
342 3.39322E+18 1.94756E+2
342 4.94171E+18 1.74594E+2
342 7.19686E+18 1.57936E+2
342 1.04811E+19 1.44191E+2
342 1.52642E+19 1.32783E+2
342 2.22300E+19 1.23228E+2
342 3.23746E+19 1.15201E+2
342 4.71487E+19 1.08440E+2
342 6.86649E+19 1.02693E+2
342 1.00000E+20 9.78174E+1
350 1.00000E+12 9.99383E+2
350 1.45635E+12 9.99335E+2
350 2.12095E+12 9.99267E+2
350 3.08884E+12 9.99176E+2
350 4.49843E+12 9.99055E+2
350 6.55129E+12 9.98896E+2
350 9.54095E+12 9.98687E+2
350 1.38950E+13 9.98413E+2
350 2.02359E+13 9.98056E+2
350 2.94705E+13 9.97589E+2
350 4.29193E+13 9.96980E+2
350 6.25055E+13 9.96185E+2
350 9.10298E+13 9.95148E+2
350 1.32571E+14 9.93798E+2
350 1.93070E+14 9.92039E+2
350 2.81177E+14 9.89752E+2
350 4.09492E+14 9.86781E+2
350 5.96362E+14 9.82929E+2
350 8.68511E+14 9.77944E+2
350 1.26486E+15 9.71514E+2
350 1.84207E+15 9.63250E+2
350 2.68270E+15 9.52680E+2
350 3.90694E+15 9.39246E+2
350 5.68987E+15 9.22304E+2
350 8.28643E+15 9.01152E+2
350 1.20679E+16 8.75071E+2
350 1.75751E+16 8.43404E+2
350 2.55955E+16 8.05674E+2
350 3.72759E+16 7.61713E+2
350 5.42868E+16 7.11815E+2
350 7.90604E+16 6.56866E+2
350 1.15140E+17 5.98314E+2
350 1.67683E+17 5.38097E+2
350 2.44205E+17 4.78405E+2
350 3.55648E+17 4.21376E+2
350 5.17947E+17 3.68748E+2
350 7.54312E+17 3.21686E+2
350 1.09854E+18 2.80728E+2
350 1.59986E+18 2.45874E+2
350 2.32995E+18 2.16650E+2
350 3.39322E+18 1.92448E+2
350 4.94171E+18 1.72442E+2
350 7.19686E+18 1.55940E+2
350 1.04811E+19 1.42311E+2
350 1.52642E+19 1.31005E+2
350 2.22300E+19 1.21526E+2
350 3.23746E+19 1.13606E+2
350 4.71487E+19 1.06908E+2
350 6.86649E+19 1.01236E+2
350 1.00000E+20 9.64095E+1
358 1.00000E+12 9.49824E+2
358 1.45635E+12 9.49787E+2
358 2.12095E+12 9.49733E+2
358 3.08884E+12 9.49656E+2
358 4.49843E+12 9.49551E+2
358 6.55129E+12 9.49410E+2
358 9.54095E+12 9.49225E+2
358 1.38950E+13 9.48982E+2
358 2.02359E+13 9.48665E+2
358 2.94705E+13 9.48249E+2
358 4.29193E+13 9.47706E+2
358 6.25055E+13 9.46999E+2
358 9.10298E+13 9.46075E+2
358 1.32571E+14 9.44872E+2
358 1.93070E+14 9.43305E+2
358 2.81177E+14 9.41266E+2
358 4.09492E+14 9.38616E+2
358 5.96362E+14 9.35179E+2
358 8.68511E+14 9.30729E+2
358 1.26486E+15 9.24985E+2
358 1.84207E+15 9.17595E+2
358 2.68270E+15 9.08131E+2
358 3.90694E+15 8.96083E+2
358 5.68987E+15 8.80860E+2
358 8.28643E+15 8.61805E+2
358 1.20679E+16 8.38235E+2
358 1.75751E+16 8.09508E+2
358 2.55955E+16 7.75115E+2
358 3.72759E+16 7.34821E+2
358 5.42868E+16 6.88797E+2
358 7.90604E+16 6.37740E+2
358 1.15140E+17 5.82901E+2
358 1.67683E+17 5.26026E+2
358 2.44205E+17 4.69195E+2
358 3.55648E+17 4.14415E+2
358 5.17947E+17 3.63442E+2
358 7.54312E+17 3.17559E+2
358 1.09854E+18 2.77411E+2
358 1.59986E+18 2.43095E+2
358 2.32995E+18 2.14184E+2
358 3.39322E+18 1.90187E+2
358 4.94171E+18 1.70396E+2
358 7.19686E+18 1.54029E+2
358 1.04811E+19 1.40497E+2
358 1.52642E+19 1.29258E+2
358 2.22300E+19 1.19908E+2
358 3.23746E+19 1.12059E+2
358 4.71487E+19 1.05434E+2
358 6.86649E+19 9.98217E+1
358 1.00000E+20 9.50625E+1
366 1.00000E+12 9.03723E+2
366 1.45635E+12 9.03697E+2
366 2.12095E+12 9.03656E+2
366 3.08884E+12 9.03594E+2
366 4.49843E+12 9.03506E+2
366 6.55129E+12 9.03384E+2
366 9.54095E+12 9.03222E+2
366 1.38950E+13 9.03006E+2
366 2.02359E+13 9.02723E+2
366 2.94705E+13 9.02353E+2
366 4.29193E+13 9.01869E+2
366 6.25055E+13 9.01237E+2
366 9.10298E+13 9.00412E+2
366 1.32571E+14 8.99337E+2
366 1.93070E+14 8.97937E+2
366 2.81177E+14 8.96115E+2
366 4.09492E+14 8.93746E+2
366 5.96362E+14 8.90672E+2
366 8.68511E+14 8.86691E+2
366 1.26486E+15 8.81547E+2
366 1.84207E+15 8.74924E+2
366 2.68270E+15 8.66433E+2
366 3.90694E+15 8.55607E+2
366 5.68987E+15 8.41902E+2
366 8.28643E+15 8.24708E+2
366 1.20679E+16 8.03377E+2
366 1.75751E+16 7.77284E+2
366 2.55955E+16 7.45908E+2
366 3.72759E+16 7.08959E+2
366 5.42868E+16 6.66496E+2
366 7.90604E+16 6.19053E+2
366 1.15140E+17 5.67726E+2
366 1.67683E+17 5.14051E+2
366 2.44205E+17 4.59964E+2
366 3.55648E+17 4.07395E+2
366 5.17947E+17 3.58144E+2
366 7.54312E+17 3.13452E+2
366 1.09854E+18 2.74140E+2
366 1.59986E+18 2.40336E+2
366 2.32995E+18 2.11804E+2
366 3.39322E+18 1.88023E+2
366 4.94171E+18 1.68388E+2
366 7.19686E+18 1.52153E+2
366 1.04811E+19 1.38743E+2
366 1.52642E+19 1.27598E+2
366 2.22300E+19 1.18314E+2
366 3.23746E+19 1.10558E+2
366 4.71487E+19 1.04002E+2
366 6.86649E+19 9.84572E+1
366 1.00000E+20 9.37516E+1
374 1.00000E+12 8.60771E+2
374 1.45635E+12 8.60753E+2
374 2.12095E+12 8.60724E+2
374 3.08884E+12 8.60678E+2
374 4.49843E+12 8.60607E+2
374 6.55129E+12 8.60505E+2
374 9.54095E+12 8.60364E+2
374 1.38950E+13 8.60174E+2
374 2.02359E+13 8.59923E+2
374 2.94705E+13 8.59593E+2
374 4.29193E+13 8.59160E+2
374 6.25055E+13 8.58595E+2
374 9.10298E+13 8.57857E+2
374 1.32571E+14 8.56895E+2
374 1.93070E+14 8.55641E+2
374 2.81177E+14 8.54009E+2
374 4.09492E+14 8.51886E+2
374 5.96362E+14 8.49131E+2
374 8.68511E+14 8.45560E+2
374 1.26486E+15 8.40944E+2
374 1.84207E+15 8.34995E+2
374 2.68270E+15 8.27361E+2
374 3.90694E+15 8.17614E+2
374 5.68987E+15 8.05254E+2
374 8.28643E+15 7.89713E+2
374 1.20679E+16 7.70381E+2
374 1.75751E+16 7.46653E+2
374 2.55955E+16 7.18003E+2
374 3.72759E+16 6.84098E+2
374 5.42868E+16 6.44908E+2
374 7.90604E+16 6.00841E+2
374 1.15140E+17 5.52799E+2
374 1.67683E+17 5.02190E+2
374 2.44205E+17 4.50763E+2
374 3.55648E+17 4.00372E+2
374 5.17947E+17 3.52787E+2
374 7.54312E+17 3.09325E+2
374 1.09854E+18 2.70864E+2
374 1.59986E+18 2.37593E+2
374 2.32995E+18 2.09447E+2
374 3.39322E+18 1.85942E+2
374 4.94171E+18 1.66466E+2
374 7.19686E+18 1.50362E+2
374 1.04811E+19 1.37044E+2
374 1.52642E+19 1.25988E+2
374 2.22300E+19 1.16793E+2
374 3.23746E+19 1.09101E+2
374 4.71487E+19 1.02604E+2
374 6.86649E+19 9.71292E+1
374 1.00000E+20 9.24842E+1
382 1.00000E+12 8.20690E+2
382 1.45635E+12 8.20678E+2
382 2.12095E+12 8.20659E+2
382 3.08884E+12 8.20626E+2
382 4.49843E+12 8.20573E+2
382 6.55129E+12 8.20491E+2
382 9.54095E+12 8.20373E+2
382 1.38950E+13 8.20209E+2
382 2.02359E+13 8.19988E+2
382 2.94705E+13 8.19694E+2
382 4.29193E+13 8.19307E+2
382 6.25055E+13 8.18801E+2
382 9.10298E+13 8.18139E+2
382 1.32571E+14 8.17276E+2
382 1.93070E+14 8.16151E+2
382 2.81177E+14 8.14685E+2
382 4.09492E+14 8.12779E+2
382 5.96362E+14 8.10304E+2
382 8.68511E+14 8.07094E+2
382 1.26486E+15 8.02943E+2
382 1.84207E+15 7.97589E+2
382 2.68270E+15 7.90711E+2
382 3.90694E+15 7.81920E+2
382 5.68987E+15 7.70753E+2
382 8.28643E+15 7.56683E+2
382 1.20679E+16 7.39137E+2
382 1.75751E+16 7.17533E+2
382 2.55955E+16 6.91349E+2
382 3.72759E+16 6.60215E+2
382 5.42868E+16 6.24032E+2
382 7.90604E+16 5.83090E+2
382 1.15140E+17 5.38152E+2
382 1.67683E+17 4.90446E+2
382 2.44205E+17 4.41582E+2
382 3.55648E+17 3.93350E+2
382 5.17947E+17 3.47427E+2
382 7.54312E+17 3.05193E+2
382 1.09854E+18 2.67582E+2
382 1.59986E+18 2.34903E+2
382 2.32995E+18 2.07113E+2
382 3.39322E+18 1.83837E+2
382 4.94171E+18 1.64572E+2
382 7.19686E+18 1.48598E+2
382 1.04811E+19 1.35358E+2
382 1.52642E+19 1.24426E+2
382 2.22300E+19 1.15315E+2
382 3.23746E+19 1.07684E+2
382 4.71487E+19 1.01271E+2
382 6.86649E+19 9.58453E+1
382 1.00000E+20 9.12484E+1
390 1.00000E+12 7.83235E+2
390 1.45635E+12 7.83227E+2
390 2.12095E+12 7.83213E+2
390 3.08884E+12 7.83191E+2
390 4.49843E+12 7.83153E+2
390 6.55129E+12 7.83092E+2
390 9.54095E+12 7.82997E+2
390 1.38950E+13 7.82860E+2
390 2.02359E+13 7.82668E+2
390 2.94705E+13 7.82408E+2
390 4.29193E+13 7.82064E+2
390 6.25055E+13 7.81611E+2
390 9.10298E+13 7.81017E+2
390 1.32571E+14 7.80241E+2
390 1.93070E+14 7.79229E+2
390 2.81177E+14 7.77911E+2
390 4.09492E+14 7.76195E+2
390 5.96362E+14 7.73967E+2
390 8.68511E+14 7.71076E+2
390 1.26486E+15 7.67335E+2
390 1.84207E+15 7.62507E+2
390 2.68270E+15 7.56299E+2
390 3.90694E+15 7.48354E+2
390 5.68987E+15 7.38247E+2
390 8.28643E+15 7.25490E+2
390 1.20679E+16 7.09543E+2
390 1.75751E+16 6.89849E+2
390 2.55955E+16 6.65895E+2
390 3.72759E+16 6.37286E+2
390 5.42868E+16 6.03871E+2
390 7.90604E+16 5.65833E+2
390 1.15140E+17 5.23801E+2
390 1.67683E+17 4.78854E+2
390 2.44205E+17 4.32461E+2
390 3.55648E+17 3.86307E+2
390 5.17947E+17 3.42025E+2
390 7.54312E+17 3.01054E+2
390 1.09854E+18 2.64295E+2
390 1.59986E+18 2.32218E+2
390 2.32995E+18 2.04837E+2
390 3.39322E+18 1.81805E+2
390 4.94171E+18 1.62703E+2
390 7.19686E+18 1.46859E+2
390 1.04811E+19 1.33781E+2
390 1.52642E+19 1.22907E+2
390 2.22300E+19 1.13877E+2
390 3.23746E+19 1.06326E+2
390 4.71487E+19 9.99712E+1
390 6.86649E+19 9.46024E+1
390 1.00000E+20 9.00512E+1
398 1.00000E+12 7.48183E+2
398 1.45635E+12 7.48177E+2
398 2.12095E+12 7.48168E+2
398 3.08884E+12 7.48152E+2
398 4.49843E+12 7.48126E+2
398 6.55129E+12 7.48082E+2
398 9.54095E+12 7.48011E+2
398 1.38950E+13 7.47901E+2
398 2.02359E+13 7.47739E+2
398 2.94705E+13 7.47514E+2
398 4.29193E+13 7.47210E+2
398 6.25055E+13 7.46805E+2
398 9.10298E+13 7.46272E+2
398 1.32571E+14 7.45574E+2
398 1.93070E+14 7.44663E+2
398 2.81177E+14 7.43474E+2
398 4.09492E+14 7.41928E+2
398 5.96362E+14 7.39917E+2
398 8.68511E+14 7.37308E+2
398 1.26486E+15 7.33930E+2
398 1.84207E+15 7.29568E+2
398 2.68270E+15 7.23954E+2
398 3.90694E+15 7.16761E+2
398 5.68987E+15 7.07599E+2
398 8.28643E+15 6.96014E+2
398 1.20679E+16 6.81499E+2
398 1.75751E+16 6.63525E+2
398 2.55955E+16 6.41589E+2
398 3.72759E+16 6.15284E+2
398 5.42868E+16 5.84408E+2
398 7.90604E+16 5.49060E+2
398 1.15140E+17 5.09751E+2
398 1.67683E+17 4.67417E+2
398 2.44205E+17 4.23411E+2
398 3.55648E+17 3.79284E+2
398 5.17947E+17 3.36661E+2
398 7.54312E+17 2.96874E+2
398 1.09854E+18 2.61030E+2
398 1.59986E+18 2.29539E+2
398 2.32995E+18 2.02574E+2
398 3.39322E+18 1.79834E+2
398 4.94171E+18 1.60903E+2
398 7.19686E+18 1.45190E+2
398 1.04811E+19 1.32222E+2
398 1.52642E+19 1.21430E+2
398 2.22300E+19 1.12477E+2
398 3.23746E+19 1.04982E+2
398 4.71487E+19 9.87030E+1
398 6.86649E+19 9.33889E+1
398 1.00000E+20 8.88900E+1
406 1.00000E+12 7.15335E+2
406 1.45635E+12 7.15331E+2
406 2.12095E+12 7.15324E+2
406 3.08884E+12 7.15313E+2
406 4.49843E+12 7.15294E+2
406 6.55129E+12 7.15264E+2
406 9.54095E+12 7.15212E+2
406 1.38950E+13 7.15128E+2
406 2.02359E+13 7.14999E+2
406 2.94705E+13 7.14809E+2
406 4.29193E+13 7.14544E+2
406 6.25055E+13 7.14185E+2
406 9.10298E+13 7.13708E+2
406 1.32571E+14 7.13080E+2
406 1.93070E+14 7.12259E+2
406 2.81177E+14 7.11186E+2
406 4.09492E+14 7.09789E+2
406 5.96362E+14 7.07972E+2
406 8.68511E+14 7.05613E+2
406 1.26486E+15 7.02557E+2
406 1.84207E+15 6.98608E+2
406 2.68270E+15 6.93522E+2
406 3.90694E+15 6.86999E+2
406 5.68987E+15 6.78680E+2
406 8.28643E+15 6.68143E+2
406 1.20679E+16 6.54914E+2
406 1.75751E+16 6.38491E+2
406 2.55955E+16 6.18382E+2
406 3.72759E+16 5.94175E+2
406 5.42868E+16 5.65631E+2
406 7.90604E+16 5.32780E+2
406 1.15140E+17 4.96019E+2
406 1.67683E+17 4.56163E+2
406 2.44205E+17 4.14429E+2
406 3.55648E+17 3.72266E+2
406 5.17947E+17 3.31236E+2
406 7.54312E+17 2.92742E+2
406 1.09854E+18 2.57717E+2
406 1.59986E+18 2.26892E+2
406 2.32995E+18 2.00322E+2
406 3.39322E+18 1.77877E+2
406 4.94171E+18 1.59122E+2
406 7.19686E+18 1.43541E+2
406 1.04811E+19 1.30681E+2
406 1.52642E+19 1.19990E+2
406 2.22300E+19 1.11113E+2
406 3.23746E+19 1.03692E+2
406 4.71487E+19 9.74649E+1
406 6.86649E+19 9.22119E+1
406 1.00000E+20 8.77626E+1
414 1.00000E+12 6.84512E+2
414 1.45635E+12 6.84508E+2
414 2.12095E+12 6.84503E+2
414 3.08884E+12 6.84495E+2
414 4.49843E+12 6.84482E+2
414 6.55129E+12 6.84460E+2
414 9.54095E+12 6.84423E+2
414 1.38950E+13 6.84362E+2
414 2.02359E+13 6.84263E+2
414 2.94705E+13 6.84109E+2
414 4.29193E+13 6.83885E+2
414 6.25055E+13 6.83571E+2
414 9.10298E+13 6.83147E+2
414 1.32571E+14 6.82584E+2
414 1.93070E+14 6.81844E+2
414 2.81177E+14 6.80875E+2
414 4.09492E+14 6.79611E+2
414 5.96362E+14 6.77966E+2
414 8.68511E+14 6.75829E+2
414 1.26486E+15 6.73059E+2
414 1.84207E+15 6.69478E+2
414 2.68270E+15 6.64862E+2
414 3.90694E+15 6.58937E+2
414 5.68987E+15 6.51371E+2
414 8.28643E+15 6.41773E+2
414 1.20679E+16 6.29700E+2
414 1.75751E+16 6.14675E+2
414 2.55955E+16 5.96224E+2
414 3.72759E+16 5.73932E+2
414 5.42868E+16 5.47529E+2
414 7.90604E+16 5.16987E+2
414 1.15140E+17 4.82609E+2
414 1.67683E+17 4.45101E+2
414 2.44205E+17 4.05543E+2
414 3.55648E+17 3.65288E+2
414 5.17947E+17 3.25852E+2
414 7.54312E+17 2.88537E+2
414 1.09854E+18 2.54482E+2
414 1.59986E+18 2.24245E+2
414 2.32995E+18 1.98081E+2
414 3.39322E+18 1.75935E+2
414 4.94171E+18 1.57360E+2
414 7.19686E+18 1.41952E+2
414 1.04811E+19 1.29199E+2
414 1.52642E+19 1.18586E+2
414 2.22300E+19 1.09781E+2
414 3.23746E+19 1.02431E+2
414 4.71487E+19 9.62728E+1
414 6.86649E+19 9.10689E+1
414 1.00000E+20 8.66593E+1
422 1.00000E+12 6.55551E+2
422 1.45635E+12 6.55548E+2
422 2.12095E+12 6.55544E+2
422 3.08884E+12 6.55538E+2
422 4.49843E+12 6.55528E+2
422 6.55129E+12 6.55512E+2
422 9.54095E+12 6.55486E+2
422 1.38950E+13 6.55442E+2
422 2.02359E+13 6.55369E+2
422 2.94705E+13 6.55250E+2
422 4.29193E+13 6.55067E+2
422 6.25055E+13 6.54800E+2
422 9.10298E+13 6.54428E+2
422 1.32571E+14 6.53926E+2
422 1.93070E+14 6.53259E+2
422 2.81177E+14 6.52384E+2
422 4.09492E+14 6.51240E+2
422 5.96362E+14 6.49748E+2
422 8.68511E+14 6.47810E+2
422 1.26486E+15 6.45295E+2
422 1.84207E+15 6.42042E+2
422 2.68270E+15 6.37846E+2
422 3.90694E+15 6.32455E+2
422 5.68987E+15 6.25563E+2
422 8.28643E+15 6.16808E+2
422 1.20679E+16 6.05775E+2
422 1.75751E+16 5.92014E+2
422 2.55955E+16 5.75066E+2
422 3.72759E+16 5.54521E+2
422 5.42868E+16 5.30086E+2
422 7.90604E+16 5.01683E+2
422 1.15140E+17 4.69532E+2
422 1.67683E+17 4.34234E+2
422 2.44205E+17 3.96752E+2
422 3.55648E+17 3.58355E+2
422 5.17947E+17 3.20455E+2
422 7.54312E+17 2.84376E+2
422 1.09854E+18 2.51170E+2
422 1.59986E+18 2.21597E+2
422 2.32995E+18 1.95879E+2
422 3.39322E+18 1.74006E+2
422 4.94171E+18 1.55653E+2
422 7.19686E+18 1.40378E+2
422 1.04811E+19 1.27732E+2
422 1.52642E+19 1.17243E+2
422 2.22300E+19 1.08500E+2
422 3.23746E+19 1.01217E+2
422 4.71487E+19 9.50897E+1
422 6.86649E+19 8.99501E+1
422 1.00000E+20 8.55936E+1
430 1.00000E+12 6.28307E+2
430 1.45635E+12 6.28304E+2
430 2.12095E+12 6.28300E+2
430 3.08884E+12 6.28295E+2
430 4.49843E+12 6.28288E+2
430 6.55129E+12 6.28276E+2
430 9.54095E+12 6.28257E+2
430 1.38950E+13 6.28225E+2
430 2.02359E+13 6.28172E+2
430 2.94705E+13 6.28083E+2
430 4.29193E+13 6.27940E+2
430 6.25055E+13 6.27720E+2
430 9.10298E+13 6.27401E+2
430 1.32571E+14 6.26958E+2
430 1.93070E+14 6.26362E+2
430 2.81177E+14 6.25573E+2
430 4.09492E+14 6.24536E+2
430 5.96362E+14 6.23183E+2
430 8.68511E+14 6.21422E+2
430 1.26486E+15 6.19136E+2
430 1.84207E+15 6.16176E+2
430 2.68270E+15 6.12355E+2
430 3.90694E+15 6.07443E+2
430 5.68987E+15 6.01155E+2
430 8.28643E+15 5.93157E+2
430 1.20679E+16 5.83062E+2
430 1.75751E+16 5.70443E+2
430 2.55955E+16 5.54861E+2
430 3.72759E+16 5.35911E+2
430 5.42868E+16 5.13283E+2
430 7.90604E+16 4.86859E+2
430 1.15140E+17 4.56792E+2
430 1.67683E+17 4.23578E+2
430 2.44205E+17 3.88078E+2
430 3.55648E+17 3.51474E+2
430 5.17947E+17 3.15078E+2
430 7.54312E+17 2.80191E+2
430 1.09854E+18 2.47913E+2
430 1.59986E+18 2.18961E+2
430 2.32995E+18 1.93683E+2
430 3.39322E+18 1.72122E+2
430 4.94171E+18 1.53959E+2
430 7.19686E+18 1.38855E+2
430 1.04811E+19 1.26281E+2
430 1.52642E+19 1.15884E+2
430 2.22300E+19 1.07228E+2
430 3.23746E+19 1.00011E+2
430 4.71487E+19 9.39644E+1
430 6.86649E+19 8.88618E+1
430 1.00000E+20 8.45490E+1
438 1.00000E+12 6.02646E+2
438 1.45635E+12 6.02643E+2
438 2.12095E+12 6.02640E+2
438 3.08884E+12 6.02636E+2
438 4.49843E+12 6.02629E+2
438 6.55129E+12 6.02620E+2
438 9.54095E+12 6.02606E+2
438 1.38950E+13 6.02582E+2
438 2.02359E+13 6.02543E+2
438 2.94705E+13 6.02478E+2
438 4.29193E+13 6.02370E+2
438 6.25055E+13 6.02196E+2
438 9.10298E+13 6.01930E+2
438 1.32571E+14 6.01548E+2
438 1.93070E+14 6.01020E+2
438 2.81177E+14 6.00311E+2
438 4.09492E+14 5.99374E+2
438 5.96362E+14 5.98146E+2
438 8.68511E+14 5.96544E+2
438 1.26486E+15 5.94463E+2
438 1.84207E+15 5.91766E+2
438 2.68270E+15 5.88282E+2
438 3.90694E+15 5.83798E+2
438 5.68987E+15 5.78054E+2
438 8.28643E+15 5.70738E+2
438 1.20679E+16 5.61489E+2
438 1.75751E+16 5.49905E+2
438 2.55955E+16 5.35564E+2
438 3.72759E+16 5.18069E+2
438 5.42868E+16 4.97104E+2
438 7.90604E+16 4.72511E+2
438 1.15140E+17 4.44385E+2
438 1.67683E+17 4.13141E+2
438 2.44205E+17 3.79530E+2
438 3.55648E+17 3.44638E+2
438 5.17947E+17 3.09704E+2
438 7.54312E+17 2.76017E+2
438 1.09854E+18 2.44630E+2
438 1.59986E+18 2.16313E+2
438 2.32995E+18 1.91518E+2
438 3.39322E+18 1.70247E+2
438 4.94171E+18 1.52310E+2
438 7.19686E+18 1.37344E+2
438 1.04811E+19 1.24912E+2
438 1.52642E+19 1.14574E+2
438 2.22300E+19 1.06001E+2
438 3.23746E+19 9.88474E+1
438 4.71487E+19 9.28460E+1
438 6.86649E+19 8.77916E+1
438 1.00000E+20 8.35246E+1
446 1.00000E+12 5.78448E+2
446 1.45635E+12 5.78446E+2
446 2.12095E+12 5.78442E+2
446 3.08884E+12 5.78438E+2
446 4.49843E+12 5.78433E+2
446 6.55129E+12 5.78426E+2
446 9.54095E+12 5.78414E+2
446 1.38950E+13 5.78396E+2
446 2.02359E+13 5.78367E+2
446 2.94705E+13 5.78319E+2
446 4.29193E+13 5.78239E+2
446 6.25055E+13 5.78105E+2
446 9.10298E+13 5.77893E+2
446 1.32571E+14 5.77571E+2
446 1.93070E+14 5.77112E+2
446 2.81177E+14 5.76481E+2
446 4.09492E+14 5.75637E+2
446 5.96362E+14 5.74523E+2
446 8.68511E+14 5.73066E+2
446 1.26486E+15 5.71169E+2
446 1.84207E+15 5.68708E+2
446 2.68270E+15 5.65527E+2
446 3.90694E+15 5.61429E+2
446 5.68987E+15 5.56174E+2
446 8.28643E+15 5.49473E+2
446 1.20679E+16 5.40988E+2
446 1.75751E+16 5.30341E+2
446 2.55955E+16 5.17130E+2
446 3.72759E+16 5.00966E+2
446 5.42868E+16 4.81527E+2
446 7.90604E+16 4.58632E+2
446 1.15140E+17 4.32317E+2
446 1.67683E+17 4.02922E+2
446 2.44205E+17 3.71114E+2
446 3.55648E+17 3.37858E+2
446 5.17947E+17 3.04362E+2
446 7.54312E+17 2.71832E+2
446 1.09854E+18 2.41327E+2
446 1.59986E+18 2.13687E+2
446 2.32995E+18 1.89355E+2
446 3.39322E+18 1.68408E+2
446 4.94171E+18 1.50672E+2
446 7.19686E+18 1.35846E+2
446 1.04811E+19 1.23522E+2
446 1.52642E+19 1.13306E+2
446 2.22300E+19 1.04800E+2
446 3.23746E+19 9.77071E+1
446 4.71487E+19 9.17501E+1
446 6.86649E+19 8.67527E+1
446 1.00000E+20 8.25326E+1
454 1.00000E+12 5.55606E+2
454 1.45635E+12 5.55603E+2
454 2.12095E+12 5.55599E+2
454 3.08884E+12 5.55595E+2
454 4.49843E+12 5.55590E+2
454 6.55129E+12 5.55584E+2
454 9.54095E+12 5.55574E+2
454 1.38950E+13 5.55560E+2
454 2.02359E+13 5.55538E+2
454 2.94705E+13 5.55502E+2
454 4.29193E+13 5.55442E+2
454 6.25055E+13 5.55342E+2
454 9.10298E+13 5.55176E+2
454 1.32571E+14 5.54915E+2
454 1.93070E+14 5.54525E+2
454 2.81177E+14 5.53972E+2
454 4.09492E+14 5.53216E+2
454 5.96362E+14 5.52209E+2
454 8.68511E+14 5.50885E+2
454 1.26486E+15 5.49155E+2
454 1.84207E+15 5.46908E+2
454 2.68270E+15 5.43999E+2
454 3.90694E+15 5.40248E+2
454 5.68987E+15 5.35434E+2
454 8.28643E+15 5.29288E+2
454 1.20679E+16 5.21495E+2
454 1.75751E+16 5.11698E+2
454 2.55955E+16 4.99516E+2
454 3.72759E+16 4.84571E+2
454 5.42868E+16 4.66537E+2
454 7.90604E+16 4.45210E+2
454 1.15140E+17 4.20586E+2
454 1.67683E+17 3.92926E+2
454 2.44205E+17 3.62828E+2
454 3.55648E+17 3.31165E+2
454 5.17947E+17 2.99055E+2
454 7.54312E+17 2.67663E+2
454 1.09854E+18 2.38070E+2
454 1.59986E+18 2.11078E+2
454 2.32995E+18 1.87195E+2
454 3.39322E+18 1.66550E+2
454 4.94171E+18 1.49045E+2
454 7.19686E+18 1.34391E+2
454 1.04811E+19 1.22175E+2
454 1.52642E+19 1.12048E+2
454 2.22300E+19 1.03622E+2
454 3.23746E+19 9.65891E+1
454 4.71487E+19 9.06898E+1
454 6.86649E+19 8.57464E+1
454 1.00000E+20 8.15584E+1
462 1.00000E+12 5.34021E+2
462 1.45635E+12 5.34016E+2
462 2.12095E+12 5.34011E+2
462 3.08884E+12 5.34007E+2
462 4.49843E+12 5.34002E+2
462 6.55129E+12 5.33996E+2
462 9.54095E+12 5.33988E+2
462 1.38950E+13 5.33976E+2
462 2.02359E+13 5.33959E+2
462 2.94705E+13 5.33931E+2
462 4.29193E+13 5.33886E+2
462 6.25055E+13 5.33810E+2
462 9.10298E+13 5.33684E+2
462 1.32571E+14 5.33478E+2
462 1.93070E+14 5.33156E+2
462 2.81177E+14 5.32681E+2
462 4.09492E+14 5.32014E+2
462 5.96362E+14 5.31109E+2
462 8.68511E+14 5.29907E+2
462 1.26486E+15 5.28330E+2
462 1.84207E+15 5.26276E+2
462 2.68270E+15 5.23614E+2
462 3.90694E+15 5.20177E+2
462 5.68987E+15 5.15761E+2
462 8.28643E+15 5.10117E+2
462 1.20679E+16 5.02951E+2
462 1.75751E+16 4.93927E+2
462 2.55955E+16 4.82683E+2
462 3.72759E+16 4.68852E+2
462 5.42868E+16 4.52109E+2
462 7.90604E+16 4.32236E+2
462 1.15140E+17 4.09186E+2
462 1.67683E+17 3.83166E+2
462 2.44205E+17 3.54680E+2
462 3.55648E+17 3.24542E+2
462 5.17947E+17 2.93771E+2
462 7.54312E+17 2.63514E+2
462 1.09854E+18 2.34796E+2
462 1.59986E+18 2.08483E+2
462 2.32995E+18 1.85050E+2
462 3.39322E+18 1.64749E+2
462 4.94171E+18 1.47455E+2
462 7.19686E+18 1.32946E+2
462 1.04811E+19 1.20867E+2
462 1.52642E+19 1.10829E+2
462 2.22300E+19 1.02459E+2
462 3.23746E+19 9.54924E+1
462 4.71487E+19 8.96623E+1
462 6.86649E+19 8.47452E+1
462 1.00000E+20 8.06075E+1
470 1.00000E+12 5.13602E+2
470 1.45635E+12 5.13595E+2
470 2.12095E+12 5.13589E+2
470 3.08884E+12 5.13583E+2
470 4.49843E+12 5.13578E+2
470 6.55129E+12 5.13572E+2
470 9.54095E+12 5.13564E+2
470 1.38950E+13 5.13554E+2
470 2.02359E+13 5.13540E+2
470 2.94705E+13 5.13518E+2
470 4.29193E+13 5.13483E+2
470 6.25055E+13 5.13426E+2
470 9.10298E+13 5.13330E+2
470 1.32571E+14 5.13171E+2
470 1.93070E+14 5.12913E+2
470 2.81177E+14 5.12516E+2
470 4.09492E+14 5.11936E+2
470 5.96362E+14 5.11131E+2
470 8.68511E+14 5.10045E+2
470 1.26486E+15 5.08610E+2
470 1.84207E+15 5.06733E+2
470 2.68270E+15 5.04294E+2
470 3.90694E+15 5.01142E+2
470 5.68987E+15 4.97087E+2
470 8.28643E+15 4.91898E+2
470 1.20679E+16 4.85301E+2
470 1.75751E+16 4.76980E+2
470 2.55955E+16 4.66591E+2
470 3.72759E+16 4.53781E+2
470 5.42868E+16 4.38229E+2
470 7.90604E+16 4.19698E+2
470 1.15140E+17 3.98117E+2
470 1.67683E+17 3.73634E+2
470 2.44205E+17 3.46688E+2
470 3.55648E+17 3.18004E+2
470 5.17947E+17 2.88533E+2
470 7.54312E+17 2.59367E+2
470 1.09854E+18 2.31536E+2
470 1.59986E+18 2.05871E+2
470 2.32995E+18 1.82934E+2
470 3.39322E+18 1.62930E+2
470 4.94171E+18 1.45897E+2
470 7.19686E+18 1.31538E+2
470 1.04811E+19 1.19568E+2
470 1.52642E+19 1.09618E+2
470 2.22300E+19 1.01326E+2
470 3.23746E+19 9.44162E+1
470 4.71487E+19 8.86398E+1
470 6.86649E+19 8.37742E+1
470 1.00000E+20 7.96785E+1
478 1.00000E+12 4.94269E+2
478 1.45635E+12 4.94259E+2
478 2.12095E+12 4.94250E+2
478 3.08884E+12 4.94243E+2
478 4.49843E+12 4.94236E+2
478 6.55129E+12 4.94229E+2
478 9.54095E+12 4.94222E+2
478 1.38950E+13 4.94212E+2
478 2.02359E+13 4.94200E+2
478 2.94705E+13 4.94182E+2
478 4.29193E+13 4.94154E+2
478 6.25055E+13 4.94110E+2
478 9.10298E+13 4.94037E+2
478 1.32571E+14 4.93915E+2
478 1.93070E+14 4.93713E+2
478 2.81177E+14 4.93390E+2
478 4.09492E+14 4.92898E+2
478 5.96362E+14 4.92192E+2
478 8.68511E+14 4.91219E+2
478 1.26486E+15 4.89917E+2
478 1.84207E+15 4.88203E+2
478 2.68270E+15 4.85969E+2
478 3.90694E+15 4.83076E+2
478 5.68987E+15 4.79348E+2
478 8.28643E+15 4.74572E+2
478 1.20679E+16 4.68492E+2
478 1.75751E+16 4.60811E+2
478 2.55955E+16 4.51204E+2
478 3.72759E+16 4.39329E+2
478 5.42868E+16 4.24870E+2
478 7.90604E+16 4.07586E+2
478 1.15140E+17 3.87373E+2
478 1.67683E+17 3.64336E+2
478 2.44205E+17 3.38843E+2
478 3.55648E+17 3.11548E+2
478 5.17947E+17 2.83343E+2
478 7.54312E+17 2.55245E+2
478 1.09854E+18 2.28269E+2
478 1.59986E+18 2.03247E+2
478 2.32995E+18 1.80802E+2
478 3.39322E+18 1.61139E+2
478 4.94171E+18 1.44322E+2
478 7.19686E+18 1.30162E+2
478 1.04811E+19 1.18304E+2
478 1.52642E+19 1.08441E+2
478 2.22300E+19 1.00226E+2
478 3.23746E+19 9.33723E+1
478 4.71487E+19 8.76478E+1
478 6.86649E+19 8.28314E+1
478 1.00000E+20 7.87650E+1
486 1.00000E+12 4.75949E+2
486 1.45635E+12 4.75934E+2
486 2.12095E+12 4.75922E+2
486 3.08884E+12 4.75911E+2
486 4.49843E+12 4.75902E+2
486 6.55129E+12 4.75894E+2
486 9.54095E+12 4.75886E+2
486 1.38950E+13 4.75876E+2
486 2.02359E+13 4.75865E+2
486 2.94705E+13 4.75849E+2
486 4.29193E+13 4.75826E+2
486 6.25055E+13 4.75791E+2
486 9.10298E+13 4.75735E+2
486 1.32571E+14 4.75641E+2
486 1.93070E+14 4.75485E+2
486 2.81177E+14 4.75227E+2
486 4.09492E+14 4.74821E+2
486 5.96362E+14 4.74213E+2
486 8.68511E+14 4.73352E+2
486 1.26486E+15 4.72178E+2
486 1.84207E+15 4.70617E+2
486 2.68270E+15 4.68572E+2
486 3.90694E+15 4.65914E+2
486 5.68987E+15 4.62485E+2
486 8.28643E+15 4.58084E+2
486 1.20679E+16 4.52475E+2
486 1.75751E+16 4.45378E+2
486 2.55955E+16 4.36485E+2
486 3.72759E+16 4.25468E+2
486 5.42868E+16 4.12019E+2
486 7.90604E+16 3.95889E+2
486 1.15140E+17 3.76951E+2
486 1.67683E+17 3.55267E+2
486 2.44205E+17 3.31150E+2
486 3.55648E+17 3.05188E+2
486 5.17947E+17 2.78194E+2
486 7.54312E+17 2.51151E+2
486 1.09854E+18 2.25019E+2
486 1.59986E+18 2.00667E+2
486 2.32995E+18 1.78690E+2
486 3.39322E+18 1.59372E+2
486 4.94171E+18 1.42799E+2
486 7.19686E+18 1.28770E+2
486 1.04811E+19 1.17047E+2
486 1.52642E+19 1.07272E+2
486 2.22300E+19 9.91316E+1
486 3.23746E+19 9.23461E+1
486 4.71487E+19 8.66723E+1
486 6.86649E+19 8.19038E+1
486 1.00000E+20 7.78770E+1
494 1.00000E+12 4.58574E+2
494 1.45635E+12 4.58553E+2
494 2.12095E+12 4.58536E+2
494 3.08884E+12 4.58521E+2
494 4.49843E+12 4.58509E+2
494 6.55129E+12 4.58498E+2
494 9.54095E+12 4.58488E+2
494 1.38950E+13 4.58478E+2
494 2.02359E+13 4.58466E+2
494 2.94705E+13 4.58452E+2
494 4.29193E+13 4.58432E+2
494 6.25055E+13 4.58403E+2
494 9.10298E+13 4.58358E+2
494 1.32571E+14 4.58286E+2
494 1.93070E+14 4.58164E+2
494 2.81177E+14 4.57963E+2
494 4.09492E+14 4.57634E+2
494 5.96362E+14 4.57123E+2
494 8.68511E+14 4.56373E+2
494 1.26486E+15 4.55325E+2
494 1.84207E+15 4.53909E+2
494 2.68270E+15 4.52039E+2
494 3.90694E+15 4.49599E+2
494 5.68987E+15 4.46442E+2
494 8.28643E+15 4.42385E+2
494 1.20679E+16 4.37205E+2
494 1.75751E+16 4.30641E+2
494 2.55955E+16 4.22402E+2
494 3.72759E+16 4.12174E+2
494 5.42868E+16 3.99655E+2
494 7.90604E+16 3.84592E+2
494 1.15140E+17 3.66843E+2
494 1.67683E+17 3.46432E+2
494 2.44205E+17 3.23621E+2
494 3.55648E+17 2.98921E+2
494 5.17947E+17 2.73102E+2
494 7.54312E+17 2.47072E+2
494 1.09854E+18 2.21787E+2
494 1.59986E+18 1.98076E+2
494 2.32995E+18 1.76566E+2
494 3.39322E+18 1.57617E+2
494 4.94171E+18 1.41261E+2
494 7.19686E+18 1.27409E+2
494 1.04811E+19 1.15799E+2
494 1.52642E+19 1.06135E+2
494 2.22300E+19 9.80683E+1
494 3.23746E+19 9.13371E+1
494 4.71487E+19 8.57130E+1
494 6.86649E+19 8.09910E+1
494 1.00000E+20 7.70028E+1
502 1.00000E+12 4.42085E+2
502 1.45635E+12 4.42055E+2
502 2.12095E+12 4.42031E+2
502 3.08884E+12 4.42010E+2
502 4.49843E+12 4.41993E+2
502 6.55129E+12 4.41979E+2
502 9.54095E+12 4.41966E+2
502 1.38950E+13 4.41954E+2
502 2.02359E+13 4.41941E+2
502 2.94705E+13 4.41927E+2
502 4.29193E+13 4.41910E+2
502 6.25055E+13 4.41885E+2
502 9.10298E+13 4.41848E+2
502 1.32571E+14 4.41790E+2
502 1.93070E+14 4.41696E+2
502 2.81177E+14 4.41538E+2
502 4.09492E+14 4.41277E+2
502 5.96362E+14 4.40857E+2
502 8.68511E+14 4.40217E+2
502 1.26486E+15 4.39292E+2
502 1.84207E+15 4.38018E+2
502 2.68270E+15 4.36314E+2
502 3.90694E+15 4.34076E+2
502 5.68987E+15 4.31169E+2
502 8.28643E+15 4.27426E+2
502 1.20679E+16 4.22638E+2
502 1.75751E+16 4.16563E+2
502 2.55955E+16 4.08922E+2
502 3.72759E+16 3.99418E+2
502 5.42868E+16 3.87757E+2
502 7.90604E+16 3.73684E+2
502 1.15140E+17 3.57041E+2
502 1.67683E+17 3.37826E+2
502 2.44205E+17 3.16247E+2
502 3.55648E+17 2.92762E+2
502 5.17947E+17 2.68069E+2
502 7.54312E+17 2.43027E+2
502 1.09854E+18 2.18556E+2
502 1.59986E+18 1.95500E+2
502 2.32995E+18 1.74461E+2
502 3.39322E+18 1.55842E+2
502 4.94171E+18 1.39750E+2
502 7.19686E+18 1.26077E+2
502 1.04811E+19 1.14602E+2
502 1.52642E+19 1.05004E+2
502 2.22300E+19 9.70107E+1
502 3.23746E+19 9.03446E+1
502 4.71487E+19 8.47692E+1
502 6.86649E+19 8.00926E+1
502 1.00000E+20 7.61470E+1
510 1.00000E+12 4.26427E+2
510 1.45635E+12 4.26386E+2
510 2.12095E+12 4.26352E+2
510 3.08884E+12 4.26324E+2
510 4.49843E+12 4.26300E+2
510 6.55129E+12 4.26280E+2
510 9.54095E+12 4.26263E+2
510 1.38950E+13 4.26248E+2
510 2.02359E+13 4.26234E+2
510 2.94705E+13 4.26219E+2
510 4.29193E+13 4.26202E+2
510 6.25055E+13 4.26179E+2
510 9.10298E+13 4.26148E+2
510 1.32571E+14 4.26101E+2
510 1.93070E+14 4.26026E+2
510 2.81177E+14 4.25902E+2
510 4.09492E+14 4.25696E+2
510 5.96362E+14 4.25357E+2
510 8.68511E+14 4.24822E+2
510 1.26486E+15 4.24021E+2
510 1.84207E+15 4.22886E+2
510 2.68270E+15 4.21341E+2
510 3.90694E+15 4.19292E+2
510 5.68987E+15 4.16618E+2
510 8.28643E+15 4.13162E+2
510 1.20679E+16 4.08735E+2
510 1.75751E+16 4.03106E+2
510 2.55955E+16 3.96015E+2
510 3.72759E+16 3.87177E+2
510 5.42868E+16 3.76308E+2
510 7.90604E+16 3.63154E+2
510 1.15140E+17 3.47544E+2
510 1.67683E+17 3.29448E+2
510 2.44205E+17 3.09031E+2
510 3.55648E+17 2.86702E+2
510 5.17947E+17 2.63090E+2
510 7.54312E+17 2.39017E+2
510 1.09854E+18 2.15347E+2
510 1.59986E+18 1.92920E+2
510 2.32995E+18 1.72373E+2
510 3.39322E+18 1.54119E+2
510 4.94171E+18 1.38262E+2
510 7.19686E+18 1.24751E+2
510 1.04811E+19 1.13391E+2
510 1.52642E+19 1.03902E+2
510 2.22300E+19 9.59812E+1
510 3.23746E+19 8.93787E+1
510 4.71487E+19 8.38509E+1
510 6.86649E+19 7.92181E+1
510 1.00000E+20 7.53017E+1
518 1.00000E+12 4.11550E+2
518 1.45635E+12 4.11496E+2
518 2.12095E+12 4.11449E+2
518 3.08884E+12 4.11410E+2
518 4.49843E+12 4.11378E+2
518 6.55129E+12 4.11351E+2
518 9.54095E+12 4.11328E+2
518 1.38950E+13 4.11309E+2
518 2.02359E+13 4.11291E+2
518 2.94705E+13 4.11274E+2
518 4.29193E+13 4.11256E+2
518 6.25055E+13 4.11235E+2
518 9.10298E+13 4.11207E+2
518 1.32571E+14 4.11167E+2
518 1.93070E+14 4.11106E+2
518 2.81177E+14 4.11007E+2
518 4.09492E+14 4.10845E+2
518 5.96362E+14 4.10574E+2
518 8.68511E+14 4.10135E+2
518 1.26486E+15 4.09454E+2
518 1.84207E+15 4.08457E+2
518 2.68270E+15 4.07067E+2
518 3.90694E+15 4.05199E+2
518 5.68987E+15 4.02742E+2
518 8.28643E+15 3.99553E+2
518 1.20679E+16 3.95456E+2
518 1.75751E+16 3.90238E+2
518 2.55955E+16 3.83652E+2
518 3.72759E+16 3.75428E+2
518 5.42868E+16 3.65290E+2
518 7.90604E+16 3.52987E+2
518 1.15140E+17 3.38339E+2
518 1.67683E+17 3.21293E+2
518 2.44205E+17 3.01977E+2
518 3.55648E+17 2.80745E+2
518 5.17947E+17 2.58178E+2
518 7.54312E+17 2.35033E+2
518 1.09854E+18 2.12161E+2
518 1.59986E+18 1.90357E+2
518 2.32995E+18 1.70301E+2
518 3.39322E+18 1.52385E+2
518 4.94171E+18 1.36762E+2
518 7.19686E+18 1.23449E+2
518 1.04811E+19 1.12207E+2
518 1.52642E+19 1.02806E+2
518 2.22300E+19 9.49777E+1
518 3.23746E+19 8.84223E+1
518 4.71487E+19 8.29465E+1
518 6.86649E+19 7.83565E+1
518 1.00000E+20 7.44804E+1
526 1.00000E+12 3.97409E+2
526 1.45635E+12 3.97338E+2
526 2.12095E+12 3.97277E+2
526 3.08884E+12 3.97225E+2
526 4.49843E+12 3.97181E+2
526 6.55129E+12 3.97145E+2
526 9.54095E+12 3.97114E+2
526 1.38950E+13 3.97088E+2
526 2.02359E+13 3.97066E+2
526 2.94705E+13 3.97045E+2
526 4.29193E+13 3.97025E+2
526 6.25055E+13 3.97003E+2
526 9.10298E+13 3.96977E+2
526 1.32571E+14 3.96942E+2
526 1.93070E+14 3.96891E+2
526 2.81177E+14 3.96811E+2
526 4.09492E+14 3.96681E+2
526 5.96362E+14 3.96466E+2
526 8.68511E+14 3.96110E+2
526 1.26486E+15 3.95542E+2
526 1.84207E+15 3.94680E+2
526 2.68270E+15 3.93444E+2
526 3.90694E+15 3.91751E+2
526 5.68987E+15 3.89498E+2
526 8.28643E+15 3.86558E+2
526 1.20679E+16 3.82767E+2
526 1.75751E+16 3.77926E+2
526 2.55955E+16 3.71806E+2
526 3.72759E+16 3.64147E+2
526 5.42868E+16 3.54685E+2
526 7.90604E+16 3.43173E+2
526 1.15140E+17 3.29422E+2
526 1.67683E+17 3.13361E+2
526 2.44205E+17 2.95085E+2
526 3.55648E+17 2.74897E+2
526 5.17947E+17 2.53327E+2
526 7.54312E+17 2.31090E+2
526 1.09854E+18 2.08984E+2
526 1.59986E+18 1.87811E+2
526 2.32995E+18 1.68222E+2
526 3.39322E+18 1.50643E+2
526 4.94171E+18 1.35309E+2
526 7.19686E+18 1.22154E+2
526 1.04811E+19 1.11047E+2
526 1.52642E+19 1.01736E+2
526 2.22300E+19 9.39785E+1
526 3.23746E+19 8.74853E+1
526 4.71487E+19 8.20650E+1
526 6.86649E+19 7.75076E+1
526 1.00000E+20 7.36707E+1
534 1.00000E+12 3.83960E+2
534 1.45635E+12 3.83871E+2
534 2.12095E+12 3.83793E+2
534 3.08884E+12 3.83725E+2
534 4.49843E+12 3.83667E+2
534 6.55129E+12 3.83619E+2
534 9.54095E+12 3.83578E+2
534 1.38950E+13 3.83544E+2
534 2.02359E+13 3.83515E+2
534 2.94705E+13 3.83489E+2
534 4.29193E+13 3.83465E+2
534 6.25055E+13 3.83442E+2
534 9.10298E+13 3.83415E+2
534 1.32571E+14 3.83382E+2
534 1.93070E+14 3.83338E+2
534 2.81177E+14 3.83271E+2
534 4.09492E+14 3.83166E+2
534 5.96362E+14 3.82994E+2
534 8.68511E+14 3.82708E+2
534 1.26486E+15 3.82241E+2
534 1.84207E+15 3.81509E+2
534 2.68270E+15 3.80425E+2
534 3.90694E+15 3.78903E+2
534 5.68987E+15 3.76846E+2
534 8.28643E+15 3.74139E+2
534 1.20679E+16 3.70632E+2
534 1.75751E+16 3.66141E+2
534 2.55955E+16 3.60449E+2
534 3.72759E+16 3.53313E+2
534 5.42868E+16 3.44477E+2
534 7.90604E+16 3.33698E+2
534 1.15140E+17 3.20785E+2
534 1.67683E+17 3.05650E+2
534 2.44205E+17 2.88355E+2
534 3.55648E+17 2.69160E+2
534 5.17947E+17 2.48552E+2
534 7.54312E+17 2.27189E+2
534 1.09854E+18 2.05833E+2
534 1.59986E+18 1.85283E+2
534 2.32995E+18 1.66160E+2
534 3.39322E+18 1.48945E+2
534 4.94171E+18 1.33823E+2
534 7.19686E+18 1.20864E+2
534 1.04811E+19 1.09894E+2
534 1.52642E+19 1.00689E+2
534 2.22300E+19 9.29846E+1
534 3.23746E+19 8.65714E+1
534 4.71487E+19 8.11869E+1
534 6.86649E+19 7.66798E+1
534 1.00000E+20 7.28808E+1
542 1.00000E+12 3.71163E+2
542 1.45635E+12 3.71055E+2
542 2.12095E+12 3.70958E+2
542 3.08884E+12 3.70873E+2
542 4.49843E+12 3.70798E+2
542 6.55129E+12 3.70735E+2
542 9.54095E+12 3.70681E+2
542 1.38950E+13 3.70636E+2
542 2.02359E+13 3.70598E+2
542 2.94705E+13 3.70565E+2
542 4.29193E+13 3.70536E+2
542 6.25055E+13 3.70509E+2
542 9.10298E+13 3.70481E+2
542 1.32571E+14 3.70449E+2
542 1.93070E+14 3.70408E+2
542 2.81177E+14 3.70350E+2
542 4.09492E+14 3.70263E+2
542 5.96362E+14 3.70124E+2
542 8.68511E+14 3.69894E+2
542 1.26486E+15 3.69514E+2
542 1.84207E+15 3.68903E+2
542 2.68270E+15 3.67966E+2
542 3.90694E+15 3.66612E+2
542 5.68987E+15 3.64747E+2
542 8.28643E+15 3.62261E+2
542 1.20679E+16 3.59020E+2
542 1.75751E+16 3.54853E+2
542 2.55955E+16 3.49558E+2
542 3.72759E+16 3.42905E+2
542 5.42868E+16 3.34647E+2
542 7.90604E+16 3.24550E+2
542 1.15140E+17 3.12419E+2
542 1.67683E+17 2.98148E+2
542 2.44205E+17 2.81781E+2
542 3.55648E+17 2.63534E+2
542 5.17947E+17 2.43845E+2
542 7.54312E+17 2.23324E+2
542 1.09854E+18 2.02709E+2
542 1.59986E+18 1.82756E+2
542 2.32995E+18 1.64114E+2
542 3.39322E+18 1.47239E+2
542 4.94171E+18 1.32385E+2
542 7.19686E+18 1.19597E+2
542 1.04811E+19 1.08746E+2
542 1.52642E+19 9.96480E+1
542 2.22300E+19 9.20325E+1
542 3.23746E+19 8.56610E+1
542 4.71487E+19 8.03303E+1
542 6.86649E+19 7.58634E+1
542 1.00000E+20 7.21015E+1
550 1.00000E+12 3.58979E+2
550 1.45635E+12 3.58854E+2
550 2.12095E+12 3.58737E+2
550 3.08884E+12 3.58632E+2
550 4.49843E+12 3.58539E+2
550 6.55129E+12 3.58458E+2
550 9.54095E+12 3.58389E+2
550 1.38950E+13 3.58330E+2
550 2.02359E+13 3.58280E+2
550 2.94705E+13 3.58238E+2
550 4.29193E+13 3.58202E+2
550 6.25055E+13 3.58169E+2
550 9.10298E+13 3.58137E+2
550 1.32571E+14 3.58104E+2
550 1.93070E+14 3.58064E+2
550 2.81177E+14 3.58013E+2
550 4.09492E+14 3.57939E+2
550 5.96362E+14 3.57824E+2
550 8.68511E+14 3.57638E+2
550 1.26486E+15 3.57330E+2
550 1.84207E+15 3.56825E+2
550 2.68270E+15 3.56029E+2
550 3.90694E+15 3.54840E+2
550 5.68987E+15 3.53162E+2
550 8.28643E+15 3.50890E+2
550 1.20679E+16 3.47899E+2
550 1.75751E+16 3.44035E+2
550 2.55955E+16 3.39108E+2
550 3.72759E+16 3.32902E+2
550 5.42868E+16 3.25182E+2
550 7.90604E+16 3.15718E+2
550 1.15140E+17 3.04316E+2
550 1.67683E+17 2.90860E+2
550 2.44205E+17 2.75366E+2
550 3.55648E+17 2.58018E+2
550 5.17947E+17 2.39206E+2
550 7.54312E+17 2.19505E+2
550 1.09854E+18 1.99612E+2
550 1.59986E+18 1.80249E+2
550 2.32995E+18 1.62064E+2
550 3.39322E+18 1.45550E+2
550 4.94171E+18 1.30940E+2
550 7.19686E+18 1.18335E+2
550 1.04811E+19 1.07621E+2
550 1.52642E+19 9.86119E+1
550 2.22300E+19 9.10668E+1
550 3.23746E+19 8.47721E+1
550 4.71487E+19 7.94941E+1
550 6.86649E+19 7.50664E+1
550 1.00000E+20 7.13326E+1
