6.949E-4 -3.405E-4
1.026E-2 -3.375E-4
2.019E-2 -3.345E-4
3.000E-2 -3.318E-4
3.981E-2 -3.286E-4
4.966E-2 -3.255E-4
6.076E-2 -3.218E-4
7.045E-2 -3.181E-4
8.037E-2 -3.145E-4
8.997E-2 -3.107E-4
9.982E-2 -3.069E-4
1.111E-1 -3.024E-4
1.210E-1 -2.982E-4
1.307E-1 -2.936E-4
1.405E-1 -2.889E-4
1.506E-1 -2.839E-4
1.616E-1 -2.787E-4
1.713E-1 -2.731E-4
1.813E-1 -2.671E-4
1.911E-1 -2.610E-4
2.008E-1 -2.553E-4
2.107E-1 -2.494E-4
2.218E-1 -2.421E-4
2.317E-1 -2.351E-4
2.414E-1 -2.283E-4
2.512E-1 -2.214E-4
2.611E-1 -2.139E-4
2.720E-1 -2.049E-4
2.819E-1 -1.977E-4
2.917E-1 -1.888E-4
3.017E-1 -1.807E-4
3.114E-1 -1.726E-4
3.225E-1 -1.625E-4
3.324E-1 -1.539E-4
3.422E-1 -1.452E-4
3.521E-1 -1.361E-4
3.618E-1 -1.271E-4
3.726E-1 -1.160E-4
3.827E-1 -1.059E-4
3.925E-1 -9.654E-5
4.025E-1 -8.738E-5
4.219E-1 -6.802E-5
4.429E-1 -4.684E-5
4.624E-1 -2.651E-5
4.834E-1 -7.244E-6
5.033E-1 1.041E-5
5.534E-1 5.156E-5
6.039E-1 8.678E-5
6.545E-1 1.171E-4
7.047E-1 1.459E-4
7.551E-1 1.721E-4
8.054E-1 1.976E-4
8.559E-1 2.214E-4
9.063E-1 2.439E-4
9.565E-1 2.653E-4
1.006E+0 2.851E-4
