-1.5000000E+0 2.0535579E+8
-1.4625000E+0 2.0161613E+8
-1.4250000E+0 1.9841017E+8
-1.3875000E+0 1.9512389E+8
-1.3500000E+0 1.9204433E+8
-1.3125000E+0 1.8833318E+8
-1.2750000E+0 1.8512695E+8
-1.2375000E+0 1.8175438E+8
-1.2000000E+0 1.7827390E+8
-1.1625000E+0 1.7501130E+8
-1.1250000E+0 1.7149853E+8
-1.0875000E+0 1.6826098E+8
-1.0500000E+0 1.6492443E+8
-1.0125000E+0 1.6150221E+8
-9.7500000E-1 1.5801012E+8
-9.3750000E-1 1.5482866E+8
-9.0000000E-1 1.5147717E+8
-8.6250000E-1 1.4808128E+8
-8.2500000E-1 1.4473023E+8
-7.8750000E-1 1.4121398E+8
-7.5000000E-1 1.3792588E+8
-7.1250000E-1 1.3465714E+8
-6.7500000E-1 1.3112876E+8
-6.3750000E-1 1.2777073E+8
-6.0000000E-1 1.2429688E+8
-5.6250000E-1 1.2098306E+8
-5.2500000E-1 1.1756066E+8
-4.8750000E-1 1.1408290E+8
-4.5000000E-1 1.1063969E+8
-4.1250000E-1 1.0736470E+8
-3.7500000E-1 1.0387742E+8
-3.3750000E-1 1.0038657E+8
-3.0000000E-1 9.6979729E+7
-2.6250000E-1 9.3463094E+7
-2.2500000E-1 8.9961677E+7
-1.8750000E-1 8.6515152E+7
-1.5000000E-1 8.2955763E+7
-1.1250000E-1 7.9352314E+7
-7.5000000E-2 7.5870551E+7
-3.7500000E-2 7.2313425E+7
0.0000000E+0 6.8818707E+7
