-9.0077880E-2 -4.3353480E-6
-5.9959890E-2 -2.9197980E-6
-2.9989720E-2 -1.4765450E-6
1.0716920E-4 -1.3411650E-8
9.8165270E-3 4.7133270E-7
2.0178440E-2 9.9194680E-7
2.9928210E-2 1.5141960E-6
3.9948940E-2 2.0491920E-6
4.9889560E-2 2.6773140E-6
5.9978490E-2 3.2401400E-6
7.0022110E-2 3.8786600E-6
7.9997060E-2 4.5103970E-6
9.0051650E-2 5.2523790E-6
9.9958420E-2 6.0784220E-6
1.0999010E-1 7.0296100E-6
1.1999940E-1 8.1230560E-6
1.2994000E-1 9.3936960E-6
1.4002900E-1 1.1126210E-5
1.5006110E-1 1.3028260E-5
1.6000180E-1 1.5560650E-5
1.6996530E-1 1.8719320E-5
1.7997460E-1 2.3009370E-5
1.8999530E-1 2.8803090E-5
1.9995880E-1 3.6368380E-5
2.0996810E-1 4.6464880E-5
2.1986580E-1 5.8886190E-5
2.2994330E-1 7.8324780E-5
2.3987290E-1 1.0282060E-4
2.4989370E-1 1.3905000E-4
2.5998260E-1 1.8141720E-4
2.6995750E-1 2.4896910E-4
2.7995540E-1 3.3476460E-4
2.9003290E-1 4.6710270E-4
2.9999690E-1 6.1858310E-4
3.0998330E-1 8.3404310E-4
3.1993530E-1 1.1035350E-3
3.2987590E-1 1.4950340E-3
3.3989670E-1 1.9352100E-3
3.4986070E-1 2.5246030E-3
3.6004070E-1 3.1528210E-3
3.6978770E-1 4.0517750E-3
3.7996820E-1 5.0324350E-3
3.8986300E-1 6.3027780E-3
3.9987230E-1 7.5090900E-3
4.0997270E-1 8.9806900E-3
4.1998200E-1 1.0368900E-2
4.2996840E-1 1.2217890E-2
4.3993230E-1 1.3848100E-2
4.4994120E-1 1.5873970E-2
4.5993900E-1 1.7858710E-2
4.7002840E-1 2.0204380E-2
4.7999190E-1 2.2244160E-2
4.9002410E-1 2.4565470E-2
5.0004430E-1 2.6644650E-2
5.0993970E-1 2.9139770E-2
5.1998330E-1 3.1547990E-2
