-9.0054510E-2 -4.1230670E-6
-6.0004710E-2 -2.7761850E-6
-3.0000690E-2 -1.4046440E-6
7.8886750E-5 -1.3000400E-8
1.0113270E-2 4.6226160E-7
1.9946220E-2 9.5447670E-7
3.0019280E-2 1.4646070E-6
3.9959910E-2 2.0001040E-6
5.0003050E-2 2.5652080E-6
6.0046200E-2 3.1293620E-6
6.9987300E-2 3.7487950E-6
8.0064770E-2 4.3573240E-6
8.9948180E-2 5.1351820E-6
1.0003710E-1 5.9655300E-6
1.1000060E-1 7.0533260E-6
1.1991830E-1 8.1127820E-6
1.2996200E-1 9.5025300E-6
1.3998220E-1 1.1287320E-5
1.5008260E-1 1.3395790E-5
1.6000030E-1 1.6161280E-5
1.6998670E-1 1.9392420E-5
1.7991590E-1 2.4433390E-5
1.8998190E-1 3.0728090E-5
2.0000270E-1 4.0446420E-5
2.0997760E-1 5.1385450E-5
2.2013760E-1 6.7452970E-5
2.2994140E-1 8.7464360E-5
2.3992780E-1 1.2073600E-4
2.5003960E-1 1.5880560E-4
2.5987770E-1 2.1517110E-4
2.7002380E-1 2.8089600E-4
2.8005550E-1 3.8590260E-4
2.8983690E-1 5.1836690E-4
2.9991440E-1 7.2247700E-4
3.0994650E-1 9.5717610E-4
3.1995530E-1 1.2660700E-3
3.2995320E-1 1.6669540E-3
3.4000780E-1 2.2579060E-3
3.5001710E-1 2.8661840E-3
3.6003780E-1 3.6740380E-3
3.6987590E-1 4.4857130E-3
3.7997630E-1 5.6251440E-3
3.8986020E-1 6.8149290E-3
3.9990330E-1 8.3258640E-3
4.1000370E-1 9.7903220E-3
4.1995570E-1 1.1570140E-2
4.2993070E-1 1.3240870E-2
4.3998580E-1 1.5198960E-2
4.4997170E-1 1.6955440E-2
4.6002670E-1 1.9156830E-2
4.7000170E-1 2.1308970E-2
4.8004480E-1 2.3787270E-2
4.8999690E-1 2.6067450E-2
5.0002910E-1 2.8489560E-2
5.0989010E-1 3.0876320E-2
