-9.0077400E-2 -4.1326380E-6
-5.9970860E-2 -2.8170110E-6
-3.0000690E-2 -1.4017260E-6
-7.9506640E-4 -1.7567400E-8
1.0248720E-2 5.0323050E-7
1.9663510E-2 9.6058560E-7
2.9984950E-2 1.4196590E-6
3.9982800E-2 2.0160170E-6
4.9991610E-2 2.5251430E-6
6.0012340E-2 3.0979810E-6
6.9952960E-2 3.6387410E-6
8.0030440E-2 4.2707890E-6
8.9948180E-2 4.9626830E-6
9.9968910E-2 5.7340750E-6
1.0988660E-1 6.5971340E-6
1.1996410E-1 7.5672050E-6
1.3011030E-1 8.7676560E-6
1.4001660E-1 1.0197470E-5
1.5005970E-1 1.2037710E-5
1.6000030E-1 1.4208230E-5
1.7005540E-1 1.7096070E-5
1.7992730E-1 2.0987120E-5
1.9002770E-1 2.5899940E-5
1.9992300E-1 3.2477600E-5
2.0996620E-1 4.0568780E-5
2.1989820E-1 5.2774860E-5
2.2983880E-1 6.8239300E-5
2.4005320E-1 9.2803950E-5
2.4989130E-1 1.1764510E-4
2.5995780E-1 1.6013370E-4
2.6994420E-1 2.1440560E-4
2.7995300E-1 2.9973080E-4
2.8982540E-1 3.9660740E-4
2.9997160E-1 5.3899970E-4
3.0995800E-1 7.0071380E-4
3.1991000E-1 9.6133980E-4
3.3009000E-1 1.2977660E-3
3.3999680E-1 1.7261770E-3
3.5007430E-1 2.1960750E-3
3.5998060E-1 2.9174690E-3
3.7000130E-1 3.7157590E-3
3.7997630E-1 4.8281270E-3
3.9003090E-1 5.8799400E-3
3.9986900E-1 7.2201010E-3
4.0995790E-1 8.5009820E-3
4.1984180E-1 1.0203950E-2
4.3004470E-1 1.1845870E-2
4.3990560E-1 1.3845670E-2
4.5000600E-1 1.5819390E-2
4.5993570E-1 1.8203260E-2
4.7000170E-1 2.0251710E-2
4.8001100E-1 2.2596780E-2
4.8994020E-1 2.4689820E-2
5.0005200E-1 2.7281670E-2
5.0995830E-1 2.9729860E-2
5.2009300E-1 3.2612520E-2
