-8.9953420E-2 -1.9886500E-4
-5.9983250E-2 -1.9753700E-4
-2.9966830E-2 -1.9601200E-4
-3.1858680E-5 -1.9470140E-4
1.0440890E-2 -1.9456220E-4
2.0274010E-2 -1.9377350E-4
3.0019760E-2 -1.9308940E-4
4.0051460E-2 -1.9241660E-4
5.0004010E-2 -1.9193530E-4
5.9956070E-2 -1.9137860E-4
6.9953920E-2 -1.9077550E-4
7.9974650E-2 -1.9021310E-4
9.0018270E-2 -1.8936640E-4
1.0002760E-1 -1.8868210E-4
1.1000250E-1 -1.8767310E-4
1.1998890E-1 -1.8664090E-4
1.3003250E-1 -1.8524340E-4
1.4000750E-1 -1.8372410E-4
1.5001680E-1 -1.8163640E-4
1.6003750E-1 -1.7940970E-4
1.7002390E-1 -1.7629560E-4
1.7994170E-1 -1.7286280E-4
1.8997380E-1 -1.6738280E-4
1.9997170E-1 -1.6089960E-4
2.1004920E-1 -1.5025870E-4
2.1999310E-1 -1.3840570E-4
2.2991090E-1 -1.2316600E-4
2.3990920E-1 -1.0125900E-4
2.4989560E-1 -6.8566280E-5
2.5995020E-1 -2.7285950E-5
2.7017640E-1 3.7496560E-5
2.7994630E-1 1.0575890E-4
2.8997850E-1 2.1614880E-4
2.9995350E-1 3.5987700E-4
3.1003090E-1 5.7915460E-4
3.1994920E-1 8.2290990E-4
3.3009530E-1 1.1510030E-3
3.3996770E-1 1.5939060E-3
3.4992030E-1 2.1889250E-3
3.5999770E-1 2.8711000E-3
3.6992740E-1 3.7215560E-3
3.7995960E-1 4.6371480E-3
3.8995740E-1 5.8842660E-3
3.9997820E-1 7.2271130E-3
4.1004470E-1 8.9472680E-3
4.1983750E-1 1.0495950E-2
4.3001750E-1 1.2388330E-2
4.3997000E-1 1.4297780E-2
4.4999070E-1 1.6384500E-2
4.6003390E-1 1.8345500E-2
4.7008900E-1 2.0799520E-2
4.7999570E-1 2.3178220E-2
4.9002790E-1 2.5996040E-2
5.0006010E-1 2.8347510E-2
5.1000070E-1 3.1036720E-2
