0.000E+0 -32.2626364
1.000E-2 -32.2618962
2.000E-2 -32.2611186
3.000E-2 -32.2603337
4.000E-2 -32.2595411
5.000E-2 -32.2587395
6.000E-2 -32.2579285
7.000E-2 -32.2571067
8.000E-2 -32.2562723
9.000E-2 -32.255423
1.000E-1 -32.2545555
1.100E-1 -32.2536657
1.200E-1 -32.2527477
1.300E-1 -32.251793
1.400E-1 -32.2507905
1.500E-1 -32.2497243
1.600E-1 -32.2485723
1.700E-1 -32.2473037
1.800E-1 -32.2458757
1.900E-1 -32.2442282
2.000E-1 -32.2422771
2.100E-1 -32.2399051
2.200E-1 -32.2369473
2.300E-1 -32.233173
2.400E-1 -32.2282591
2.500E-1 -32.2217523
2.600E-1 -32.2130175
2.700E-1 -32.2011645
2.800E-1 -32.1849442
2.900E-1 -32.1626061
3.000E-1 -32.1316951
3.100E-1 -32.0887687
3.200E-1 -32.0289997
3.300E-1 -31.9456207
3.400E-1 -31.8291444
3.500E-1 -31.6662749
3.600E-1 -31.4383844
3.700E-1 -31.1193878
3.800E-1 -30.6727833
3.900E-1 -30.0475427
4.000E-1 -29.1724283
4.100E-1 -27.9481806
4.200E-1 -26.2368632
4.300E-1 -23.8474959
4.400E-1 -20.5169883
4.500E-1 -15.8854012
4.600E-1 -9.46487218
4.700E-1 -0.602421088
4.800E-1 11.5613445
