-9.0078350E-2 -1.6603610E-4
-5.9959890E-2 -1.1318530E-4
-2.9978280E-2 -5.7767010E-5
-4.2438510E-5 -1.2609060E-8
1.0013220E-2 1.9806630E-5
1.9986450E-2 4.0080250E-5
2.9985430E-2 6.0585270E-5
3.9983270E-2 8.1399950E-5
4.9992560E-2 1.0241410E-4
5.9990410E-2 1.2439020E-4
6.9999690E-2 1.4624650E-4
7.9985620E-2 1.6869420E-4
8.9961050E-2 1.9104920E-4
9.9992750E-2 2.1426240E-4
1.1000200E-1 2.3790470E-4
1.1999990E-1 2.6226600E-4
1.2997480E-1 2.8681310E-4
1.3999510E-1 3.1214880E-4
1.5000440E-1 3.3812220E-4
1.5997930E-1 3.6562090E-4
1.7000010E-1 3.9419810E-4
1.7997500E-1 4.2468910E-4
1.8997290E-1 4.5668190E-4
1.9994780E-1 4.9174810E-4
2.0996810E-1 5.3021270E-4
2.1996830E-1 5.7416290E-4
2.2993180E-1 6.2528070E-4
2.3997550E-1 6.8444150E-4
2.4990460E-1 7.5571080E-4
2.5993680E-1 8.4186000E-4
2.6995750E-1 9.5145450E-4
2.7993250E-1 1.0901480E-3
2.8997610E-1 1.2664850E-3
2.9995110E-1 1.4894140E-3
3.0994890E-1 1.7818790E-3
3.1996970E-1 2.1574420E-3
3.2996750E-1 2.6490760E-3
3.3996530E-1 3.2637340E-3
3.4997420E-1 4.0427350E-3
3.5998340E-1 4.9943050E-3
3.6995840E-1 6.1746560E-3
3.7995620E-1 7.5870880E-3
3.8993170E-1 9.2483540E-3
3.9995190E-1 1.1110250E-2
4.0998410E-1 1.3290230E-2
4.1995910E-1 1.5657900E-2
4.3001410E-1 1.8280480E-2
4.3995480E-1 2.1055400E-2
4.4995260E-1 2.4078860E-2
4.5996190E-1 2.7280750E-2
4.7000550E-1 3.0647740E-2
