-9.0044980E-2 -1.5846410E-4
-5.9971810E-2 -1.0790350E-4
-3.0001160E-2 -5.5592900E-5
2.2351740E-5 -1.1757950E-8
1.0026250E-2 1.9032040E-5
1.9998370E-2 3.8678990E-5
3.0008790E-2 5.8782870E-5
3.9995190E-2 7.9440560E-5
4.9993040E-2 1.0017540E-4
5.9990880E-2 1.2153220E-4
7.0011620E-2 1.4348720E-4
8.0009460E-2 1.6606270E-4
9.0018270E-2 1.8867290E-4
9.9982260E-2 2.1187470E-4
1.1000300E-1 2.3543630E-4
1.2001230E-1 2.5994280E-4
1.2998720E-1 2.8471600E-4
1.4000800E-1 3.1013900E-4
1.5001680E-1 3.3559070E-4
1.5998080E-1 3.6170940E-4
1.7001300E-1 3.8828050E-4
1.7998790E-1 4.1575030E-4
1.9000860E-1 4.4391610E-4
1.9996070E-1 4.7272560E-4
2.0998140E-1 5.0248600E-4
2.1997020E-1 5.3267550E-4
2.2995660E-1 5.6513260E-4
2.3998880E-1 5.9924810E-4
2.4992940E-1 6.3591520E-4
2.5995020E-1 6.7498880E-4
2.6994800E-1 7.1875980E-4
2.7994630E-1 7.6776140E-4
2.8995560E-1 8.2554270E-4
2.9995350E-1 8.9405780E-4
3.0995130E-1 9.7747080E-4
3.1996060E-1 1.0792050E-3
3.2994700E-1 1.2110400E-3
3.3993390E-1 1.3804810E-3
3.4997700E-1 1.6041060E-3
3.5997490E-1 1.8910110E-3
3.6995030E-1 2.2710970E-3
3.7999390E-1 2.7679500E-3
3.8995740E-1 3.4257860E-3
3.9994380E-1 4.2678990E-3
4.0997600E-1 5.3480060E-3
4.1997390E-1 6.6703410E-3
4.3000600E-1 8.2933160E-3
4.3994710E-1 1.0228460E-2
4.4997930E-1 1.2538950E-2
4.5997710E-1 1.5149950E-2
4.7003170E-1 1.8143890E-2
4.8001860E-1 2.1441980E-2
4.9001650E-1 2.5084760E-2
5.0000290E-1 2.8948260E-2
5.0997780E-1 3.3082310E-2
