-9.0079780E-2 -1.5855800E-4
-5.9983730E-2 -1.0819410E-4
-3.0035500E-2 -5.5313260E-5
3.5315750E-5 -8.4097990E-9
9.9804100E-3 1.9185870E-5
1.9993840E-2 3.8929820E-5
2.9997350E-2 5.8799010E-5
3.9972310E-2 7.9065430E-5
4.9970150E-2 1.0006720E-4
5.9979440E-2 1.2171900E-4
7.0011620E-2 1.4365670E-4
8.0020900E-2 1.6565830E-4
8.9973450E-2 1.8852970E-4
1.0000560E-1 2.1175500E-4
1.0998060E-1 2.3585580E-4
1.2002420E-1 2.6002040E-4
1.2996530E-1 2.8466060E-4
1.3998600E-1 3.0962540E-4
1.5000680E-1 3.3550080E-4
1.5998170E-1 3.6178230E-4
1.6999100E-1 3.8876520E-4
1.7994360E-1 4.1583510E-4
1.8999810E-1 4.4369950E-4
1.9996210E-1 4.7219610E-4
2.0997140E-1 5.0212490E-4
2.1996070E-1 5.3308600E-4
2.2991320E-1 5.6514910E-4
2.3995640E-1 5.9922440E-4
2.4992040E-1 6.3500440E-4
2.5991820E-1 6.7455390E-4
2.6992800E-1 7.1834260E-4
2.7994870E-1 7.6808110E-4
2.8995800E-1 8.2481890E-4
2.9994440E-1 8.9240100E-4
3.0994270E-1 9.7379650E-4
3.1995200E-1 1.0783450E-3
3.2999560E-1 1.2078620E-3
3.3993670E-1 1.3757980E-3
3.4995750E-1 1.5915450E-3
3.5998960E-1 1.8788560E-3
3.6990790E-1 2.2561640E-3
3.7997440E-1 2.7578320E-3
3.8993790E-1 3.3997950E-3
3.9994720E-1 4.2281800E-3
4.1000220E-1 5.2779320E-3
4.1994330E-1 6.6078100E-3
4.2999840E-1 8.2330570E-3
4.3995090E-1 1.0185720E-2
4.4996020E-1 1.2446940E-2
4.5993520E-1 1.5099670E-2
4.7001310E-1 1.8036860E-2
4.8001100E-1 2.1306010E-2
4.9000930E-1 2.4879290E-2
4.9999570E-1 2.8793230E-2
5.0997110E-1 3.2953380E-2
