-9.0066430E-2 -1.5857300E-4
-5.9970860E-2 -1.0816940E-4
-3.0057910E-2 -5.5320470E-5
1.1777880E-4 -9.3709640E-9
1.0003810E-2 1.9342710E-5
2.0011190E-2 3.8763320E-5
3.0019760E-2 5.8602610E-5
3.9971830E-2 7.9105910E-5
5.0003530E-2 9.9897370E-5
5.9967520E-2 1.2156600E-4
6.9987770E-2 1.4337010E-4
7.9997060E-2 1.6556840E-4
8.9994910E-2 1.8857280E-4
9.9992750E-2 2.1193690E-4
1.0999060E-1 2.3581690E-4
1.1999940E-1 2.6013190E-4
1.2996290E-1 2.8438910E-4
1.3997220E-1 3.0966660E-4
1.5001580E-1 3.3524000E-4
1.5999080E-1 3.6183980E-4
1.6999960E-1 3.8843390E-4
1.7996360E-1 4.1572380E-4
1.8999530E-1 4.4334420E-4
1.9997020E-1 4.7226370E-4
2.0994520E-1 5.0197170E-4
2.1996830E-1 5.3296120E-4
2.2994330E-1 5.6482060E-4
2.3996400E-1 5.9839080E-4
2.4990460E-1 6.3451260E-4
2.5992540E-1 6.7350480E-4
2.6992320E-1 7.1762320E-4
2.7994390E-1 7.6635180E-4
2.8996420E-1 8.2304240E-4
2.9995060E-1 8.8909250E-4
3.0994840E-1 9.7039390E-4
3.1996920E-1 1.0727050E-3
3.2995560E-1 1.1993220E-3
3.3993050E-1 1.3611150E-3
3.4996270E-1 1.5747120E-3
3.5998340E-1 1.8526330E-3
3.6991260E-1 2.2265150E-3
3.7999060E-1 2.7101520E-3
3.8994260E-1 3.3441070E-3
3.9994050E-1 4.1461720E-3
4.0998410E-1 5.1904580E-3
4.1994760E-1 6.4899510E-3
4.2997980E-1 8.1040450E-3
4.3995480E-1 1.0002900E-2
4.4995260E-1 1.2281050E-2
4.5993900E-1 1.4878120E-2
4.6998260E-1 1.7823380E-2
4.8001430E-1 2.1043230E-2
4.9001220E-1 2.4643690E-2
5.0002150E-1 2.8512370E-2
5.0997350E-1 3.2671300E-2
