-9.0079780E-2 -1.5840140E-4
-5.9995170E-2 -1.0791580E-4
-3.0001640E-2 -5.5600890E-5
6.1213970E-5 -1.1535110E-8
1.0013400E-2 1.9119180E-5
1.9997360E-2 3.8565060E-5
3.0008320E-2 5.8748540E-5
3.9995190E-2 7.9412200E-5
4.9993040E-2 1.0015470E-4
5.9967990E-2 1.2143470E-4
7.0000170E-2 1.4320440E-4
8.0009460E-2 1.6589600E-4
8.9996340E-2 1.8861680E-4
9.9994180E-2 2.1199860E-4
1.0998060E-1 2.3542670E-4
1.2000130E-1 2.5984640E-4
1.2998770E-1 2.8458520E-4
1.3998600E-1 3.1002560E-4
1.5000680E-1 3.3549500E-4
1.6001610E-1 3.6160810E-4
1.7000250E-1 3.8805180E-4
1.7997740E-1 4.1555680E-4
1.8998670E-1 4.4358360E-4
1.9997360E-1 4.7260200E-4
2.0996000E-1 5.0187550E-4
2.1999500E-1 5.3232650E-4
2.2993560E-1 5.6446480E-4
2.3994540E-1 5.9824410E-4
2.4994330E-1 6.3466790E-4
2.5995250E-1 6.7342890E-4
2.6996180E-1 7.1647530E-4
2.7994870E-1 7.6453200E-4
2.8995800E-1 8.2099720E-4
2.9995580E-1 8.8754720E-4
3.0994270E-1 9.6848440E-4
3.2005450E-1 1.0664070E-3
3.2990460E-1 1.1915190E-3
3.4001640E-1 1.3526770E-3
3.4986640E-1 1.5637860E-3
3.6005780E-1 1.8384660E-3
3.6991930E-1 2.1969970E-3
3.7998530E-1 2.6700960E-3
3.9000650E-1 3.2864460E-3
3.9990190E-1 4.0988940E-3
4.1007090E-1 5.1218740E-3
4.1994330E-1 6.4004680E-3
4.3007800E-1 7.9718790E-3
4.3988230E-1 9.8429470E-3
4.4996020E-1 1.2106870E-2
4.5996950E-1 1.4662860E-2
4.7000170E-1 1.7602370E-2
4.8001100E-1 2.0852390E-2
4.9002080E-1 2.4451750E-2
5.0001860E-1 2.8242290E-2
5.0997110E-1 3.2318440E-2
