-9.0068340E-2 -1.5841310E-4
-5.9983730E-2 -1.0791580E-4
-3.0001640E-2 -5.5596250E-5
1.9967560E-5 -1.1751670E-8
1.0006310E-2 1.9080910E-5
1.9974980E-2 3.8577230E-5
2.9985900E-2 5.8772320E-5
3.9960860E-2 7.9435400E-5
5.0015930E-2 1.0013390E-4
5.9979440E-2 1.2145210E-4
7.0000170E-2 1.4324510E-4
7.9998020E-2 1.6588440E-4
8.9984890E-2 1.8857610E-4
1.0000560E-1 2.1182440E-4
1.0996910E-1 2.3535710E-4
1.2000130E-1 2.5977100E-4
1.2991950E-1 2.8426040E-4
1.4001990E-1 3.1042010E-4
1.4997240E-1 3.3510080E-4
1.6002700E-1 3.6178790E-4
1.6999100E-1 3.8793010E-4
1.8003460E-1 4.1558570E-4
1.8987270E-1 4.4346180E-4
2.0006470E-1 4.7248020E-4
2.0991420E-1 5.0164360E-4
2.1996070E-1 5.3179870E-4
2.2983310E-1 5.6459800E-4
2.4008180E-1 5.9773380E-4
2.4978350E-1 6.3464490E-4
2.6002070E-1 6.7269240E-4
2.6987080E-1 7.1576190E-4
2.7993730E-1 7.6342420E-4
2.8993510E-1 8.1950680E-4
2.9993300E-1 8.8537830E-4
3.0994270E-1 9.6537620E-4
3.1996350E-1 1.0618290E-3
3.2997270E-1 1.1856090E-3
3.3992530E-1 1.3436950E-3
3.4996890E-1 1.5521960E-3
3.5996680E-1 1.8193420E-3
3.6991930E-1 2.1722540E-3
3.7998530E-1 2.6334150E-3
3.8993790E-1 3.2451860E-3
3.9992430E-1 4.0341650E-3
4.0997930E-1 5.0527400E-3
4.1992040E-1 6.3007360E-3
4.2999840E-1 7.8554600E-3
4.3993950E-1 9.7032900E-3
4.4994880E-1 1.1939440E-2
4.5995810E-1 1.4465880E-2
4.6997880E-1 1.7375280E-2
4.7999950E-1 2.0586480E-2
4.9003170E-1 2.4144130E-2
5.0000720E-1 2.7888890E-2
5.0997070E-1 3.1914070E-2
