-9.0065960E-2 -3.8216200E-4
-5.9970860E-2 -2.5552770E-4
-2.9989240E-2 -1.2818000E-4
-1.6540290E-5 -1.0001120E-8
1.0022580E-2 4.3084340E-5
1.9883810E-2 8.4243060E-5
3.0019280E-2 1.3051860E-4
3.9982800E-2 1.7383070E-4
5.0014970E-2 2.1797770E-4
5.9978490E-2 2.6200320E-4
7.0010190E-2 3.0740280E-4
8.0019470E-2 3.5272700E-4
8.9994430E-2 3.9888640E-4
1.0001470E-1 4.4508050E-4
1.0996680E-1 4.9195300E-4
1.1998750E-1 5.4014190E-4
1.2993960E-1 5.8978630E-4
1.4000560E-1 6.4141400E-4
1.5000300E-1 6.9417250E-4
1.5996650E-1 7.4935490E-4
1.6999860E-1 8.0692070E-4
1.7998500E-1 8.6935750E-4
1.8994860E-1 9.3643930E-4
1.9996880E-1 1.0098130E-3
2.0996670E-1 1.0885760E-3
2.1998930E-1 1.1790900E-3
2.2994140E-1 1.2810790E-3
2.3996210E-1 1.3996980E-3
2.4992560E-1 1.5349480E-3
2.5993490E-1 1.6963330E-3
2.6993230E-1 1.8890690E-3
2.7996440E-1 2.1267120E-3
2.8995080E-1 2.4146550E-3
2.9995970E-1 2.7734120E-3
3.0996890E-1 3.2120760E-3
3.1995530E-1 3.7562080E-3
3.2995320E-1 4.4379070E-3
3.3996250E-1 5.2890460E-3
3.4994890E-1 6.3588210E-3
3.5996910E-1 7.6540150E-3
3.6992120E-1 9.2331540E-3
3.7998770E-1 1.1177360E-2
3.8995120E-1 1.3447690E-2
3.9993760E-1 1.6097470E-2
4.0999220E-1 1.9207220E-2
4.1992140E-1 2.2741620E-2
4.2998790E-1 2.6770730E-2
4.3996290E-1 3.1153810E-2
