-9.0043070E-2 -3.8176770E-4
-5.9947970E-2 -2.5572480E-4
-3.0000690E-2 -1.2896860E-4
4.1186810E-5 -5.3836540E-9
9.9848510E-3 4.3127230E-5
1.9889680E-2 8.5154070E-5
3.0019760E-2 1.2953860E-4
4.0005680E-2 1.7392940E-4
5.0026420E-2 2.1803570E-4
6.0012820E-2 2.6297150E-4
7.0010190E-2 3.0728100E-4
8.0030920E-2 3.5258780E-4
9.0005870E-2 3.9804540E-4
1.0001470E-1 4.4480200E-4
1.0998960E-1 4.9252710E-4
1.2001040E-1 5.4094220E-4
1.2998490E-1 5.9030250E-4
1.4000560E-1 6.4074710E-4
1.5001440E-1 6.9386510E-4
1.5996690E-1 7.4925620E-4
1.7002150E-1 8.0834720E-4
1.7998500E-1 8.6993170E-4
1.8999390E-1 9.3636960E-4
1.9998030E-1 1.0083860E-3
2.1000100E-1 1.0901390E-3
2.1997790E-1 1.1797270E-3
2.2996430E-1 1.2816000E-3
2.3998500E-1 1.3979020E-3
2.4995990E-1 1.5364550E-3
2.5994630E-1 1.6991140E-3
2.6995520E-1 1.8968320E-3
2.7996440E-1 2.1305940E-3
2.8996230E-1 2.4195220E-3
2.9997110E-1 2.7745120E-3
3.0996890E-1 3.2218120E-3
3.1994390E-1 3.7777650E-3
3.2996460E-1 4.4714580E-3
3.3997390E-1 5.3270590E-3
3.4997130E-1 6.3811890E-3
3.5996910E-1 7.6898840E-3
3.6996700E-1 9.2859440E-3
3.7998770E-1 1.1215020E-2
3.8995120E-1 1.3527630E-2
3.9997150E-1 1.6238820E-2
4.0999220E-1 1.9372330E-2
4.1994430E-1 2.2922350E-2
4.3001030E-1 2.6881380E-2
4.3996290E-1 3.1316610E-2
