-8.9964870E-2 -5.9182190E-4
-6.0040000E-2 -4.6615380E-4
-3.0024050E-2 -3.3776610E-4
8.1956390E-6 -2.0909430E-4
9.9944470E-3 -1.6641430E-4
2.0006630E-2 -1.2305010E-4
3.0031200E-2 -7.9665460E-5
3.9983270E-2 -3.5728050E-5
4.9958230E-2 8.5346910E-6
5.9978960E-2 5.2564620E-5
6.9999690E-2 9.7725320E-5
8.0008980E-2 1.4321480E-4
8.9983940E-2 1.8867900E-4
1.0000470E-1 2.3449680E-4
1.1001400E-1 2.8186310E-4
1.1998890E-1 3.2992520E-4
1.2997530E-1 3.7944290E-4
1.3999610E-1 4.2945940E-4
1.5000530E-1 4.8170820E-4
1.5998030E-1 5.3566810E-4
1.7002390E-1 5.9375070E-4
1.7997600E-1 6.5491860E-4
1.8999670E-1 7.2114330E-4
1.9997170E-1 7.9198390E-4
2.0996950E-1 8.7083880E-4
2.1997020E-1 9.5945900E-4
2.2993370E-1 1.0615900E-3
2.3997740E-1 1.1771970E-3
2.4992990E-1 1.3116970E-3
2.5995060E-1 1.4724470E-3
2.6997140E-1 1.6669240E-3
2.7995780E-1 1.9050930E-3
2.8996710E-1 2.1928100E-3
2.9995350E-1 2.5499480E-3
3.0995130E-1 2.9885620E-3
3.1996060E-1 3.5464950E-3
3.2996990E-1 4.2396780E-3
3.3996820E-1 5.1082150E-3
3.4994320E-1 6.1671730E-3
3.5997530E-1 7.4770490E-3
3.6995030E-1 9.0593420E-3
3.7998250E-1 1.1028650E-2
3.8994600E-1 1.3309450E-2
3.9996670E-1 1.6027050E-2
4.0998740E-1 1.9179720E-2
4.1995140E-1 2.2772100E-2
4.3000600E-1 2.6748570E-2
4.3997000E-1 3.1171690E-2
