-9.0100770E-2 -4.3052330E-6
-5.9971330E-2 -2.8791600E-6
-3.0001160E-2 -1.4386970E-6
-3.9932130E-4 -1.0888100E-8
1.0065050E-2 5.0369390E-7
2.0159570E-2 1.0254360E-6
2.9962540E-2 1.5167950E-6
4.0005680E-2 2.0600950E-6
5.0037860E-2 2.6259640E-6
5.9955600E-2 3.1551260E-6
6.9976330E-2 3.8193210E-6
8.0019470E-2 4.4920760E-6
8.9903350E-2 5.3307990E-6
1.0001520E-1 6.0901510E-6
1.1000160E-1 7.0550320E-6
1.2005620E-1 8.0273930E-6
1.2995150E-1 9.4517020E-6
1.3999460E-1 1.1155190E-5
1.5000390E-1 1.2989400E-5
1.5997890E-1 1.5724760E-5
1.6999960E-1 1.9072480E-5
1.7996310E-1 2.4038110E-5
1.9005200E-1 2.9601010E-5
1.9997020E-1 3.7647030E-5
2.1003630E-1 4.6826140E-5
2.1994540E-1 6.2032110E-5
2.2979500E-1 8.1623210E-5
2.3996400E-1 1.0985230E-4
2.4989370E-1 1.4135220E-4
2.5986860E-1 1.9316000E-4
2.6992320E-1 2.5903620E-4
2.8001210E-1 3.6112660E-4
2.8993030E-1 4.8163490E-4
3.0009940E-1 6.5530180E-4
3.0994890E-1 8.5997600E-4
3.2000350E-1 1.2011770E-3
3.2978490E-1 1.5634130E-3
3.3995390E-1 2.0727220E-3
3.4994030E-1 2.6118160E-3
3.5994960E-1 3.4136470E-3
3.6986730E-1 4.3013580E-3
3.8001350E-1 5.4897050E-3
3.8997700E-1 6.6829190E-3
4.0004350E-1 8.1114060E-3
4.0999560E-1 9.5506680E-3
4.1994760E-1 1.1415560E-2
4.3000270E-1 1.3041700E-2
4.3995480E-1 1.5144630E-2
4.4995260E-1 1.7200620E-2
4.5995040E-1 1.9635500E-2
4.7001700E-1 2.1875720E-2
4.8000340E-1 2.4312910E-2
4.9002410E-1 2.6666090E-2
4.9998760E-1 2.9292150E-2
5.0996260E-1 3.1973810E-2
