-9.0078830E-2 -4.2586730E-6
-6.0062890E-2 -2.8866020E-6
-3.0001160E-2 -1.4407380E-6
-6.4903500E-4 -1.7334900E-8
1.0220620E-2 5.1747790E-7
1.9579050E-2 9.8193730E-7
3.0054090E-2 1.4927150E-6
3.9926530E-2 2.0779880E-6
5.0129410E-2 2.6364450E-6
5.9933660E-2 3.2029530E-6
7.0022580E-2 3.7984320E-6
7.9997540E-2 4.4589560E-6
8.9938640E-2 5.2010070E-6
9.9856380E-2 6.0096240E-6
1.0997960E-1 6.9738140E-6
1.2005760E-1 8.0056490E-6
1.2995240E-1 9.2948100E-6
1.3995030E-1 1.0898390E-5
1.5001680E-1 1.2899040E-5
1.5998030E-1 1.5214000E-5
1.6998960E-1 1.8447510E-5
1.7993070E-1 2.2635520E-5
1.8998530E-1 2.8265760E-5
1.9996020E-1 3.5595080E-5
2.0996950E-1 4.5033510E-5
2.1992440E-1 5.8434340E-5
2.2986560E-1 7.6020330E-5
2.4006840E-1 1.0382580E-4
2.4990700E-1 1.3237630E-4
2.6005320E-1 1.8020070E-4
2.6995990E-1 2.4242400E-4
2.7996920E-1 3.3814250E-4
2.8990980E-1 4.4774360E-4
2.9993060E-1 6.0764510E-4
3.0982590E-1 7.9017460E-4
3.1996060E-1 1.1013430E-3
3.2994750E-1 1.4596410E-3
3.3995680E-1 1.9259550E-3
3.4993170E-1 2.4593160E-3
3.6011220E-1 3.2243560E-3
3.6991600E-1 4.1015860E-3
3.7999390E-1 5.2697770E-3
3.8977530E-1 6.4082410E-3
3.9994430E-1 7.8145430E-3
4.0989640E-1 9.1639980E-3
4.1996290E-1 1.1036750E-2
4.2998360E-1 1.2695940E-2
4.3994710E-1 1.4794830E-2
4.4993350E-1 1.6894860E-2
4.5997710E-1 1.9369740E-2
4.7002080E-1 2.1545660E-2
4.8003010E-1 2.4007800E-2
4.8999360E-1 2.6205750E-2
5.0012830E-1 2.8950570E-2
5.0997830E-1 3.1550570E-2
