0.000E+0 0
1.000E-2 2.17687501E-14
2.000E-2 5.30404392E-14
3.000E-2 9.80159845E-14
4.000E-2 1.62746451E-13
5.000E-2 2.55944623E-13
6.000E-2 3.90152377E-13
7.000E-2 5.83420887E-13
8.000E-2 8.61731234E-13
9.000E-2 1.26248606E-12
1.000E-1 1.83955384E-12
1.100E-1 2.67056863E-12
1.200E-1 3.86751284E-12
1.300E-1 5.59208637E-12
1.400E-1 8.07806213E-12
1.500E-1 1.16638464E-11
1.600E-1 1.68399503E-11
1.700E-1 2.43182494E-11
1.800E-1 3.51330779E-11
1.900E-1 5.07888295E-11
2.000E-1 7.34754986E-11
2.100E-1 1.06383468E-10
2.200E-1 1.54163291E-10
2.300E-1 2.23597318E-10
2.400E-1 3.24580873E-10
2.500E-1 4.71555784E-10
2.600E-1 6.85604999E-10
2.700E-1 9.97513405E-10
2.800E-1 1.45224082E-9
2.900E-1 2.11545911E-9
3.000E-1 3.08310633E-9
3.100E-1 4.49535105E-9
3.200E-1 6.55700295E-9
3.300E-1 9.56734697E-9
3.400E-1 1.39637519E-8
3.500E-1 2.03854151E-8
3.600E-1 2.97665427E-8
3.700E-1 4.34725496E-8
3.800E-1 6.34992032E-8
3.900E-1 9.27636375E-8
4.000E-1 1.35529862E-7
4.100E-1 1.9803072E-7
4.200E-1 2.89377094E-7
4.300E-1 4.22886955E-7
4.400E-1 6.18028132E-7
4.500E-1 9.03259112E-7
