0.000E+0 0
1.000E-2 2.48318188E-14
2.000E-2 6.06817326E-14
3.000E-2 1.1249645E-13
4.000E-2 1.87449745E-13
5.000E-2 2.95870526E-13
6.000E-2 4.52721756E-13
7.000E-2 6.79619651E-13
8.000E-2 1.00778921E-12
9.000E-2 1.48234015E-12
1.000E-1 2.16845539E-12
1.100E-1 3.16037224E-12
1.200E-1 4.59443818E-12
1.300E-1 6.6681309E-12
1.400E-1 9.66782369E-12
1.500E-1 1.40093915E-11
1.600E-1 2.02976866E-11
1.700E-1 2.94137535E-11
1.800E-1 4.26428249E-11
1.900E-1 6.18622649E-11
2.000E-1 8.98176274E-11
2.100E-1 1.30528223E-10
2.200E-1 1.89883045E-10
2.300E-1 2.76516505E-10
2.400E-1 4.03095542E-10
2.500E-1 5.88211562E-10
2.600E-1 8.59161757E-10
2.700E-1 1.25603832E-9
2.800E-1 1.8377412E-9
2.900E-1 2.6908198E-9
3.000E-1 3.94247569E-9
3.100E-1 5.77968544E-9
3.200E-1 8.47732565E-9
3.300E-1 1.24395396E-8
3.400E-1 1.82604867E-8
3.500E-1 2.68141723E-8
3.600E-1 3.93856302E-8
3.700E-1 5.7864831E-8
3.800E-1 8.50314283E-8
3.900E-1 1.24973672E-7
4.000E-1 1.8370547E-7
4.100E-1 2.7006827E-7
4.200E-1 3.97074224E-7
4.300E-1 5.83847933E-7
4.400E-1 8.58534062E-7
4.500E-1 1.26249732E-6
