-9.0054510E-2 -2.0054940E-4
-5.9982300E-2 -1.9955190E-4
-2.9977800E-2 -1.9818350E-4
-1.0603670E-4 -1.9641480E-4
1.0361790E-2 -1.9610740E-4
1.9981560E-2 -1.9508690E-4
3.0007840E-2 -1.9520870E-4
4.0176390E-2 -1.9472730E-4
5.0014500E-2 -1.9410110E-4
5.9943680E-2 -1.9338200E-4
7.0055480E-2 -1.9295870E-4
8.0041890E-2 -1.9226280E-4
9.0028290E-2 -1.9168880E-4
1.0003710E-1 -1.9099870E-4
1.1000060E-1 -1.8994920E-4
1.2004380E-1 -1.8871980E-4
1.2995050E-1 -1.8746150E-4
1.4006230E-1 -1.8618570E-4
1.5001440E-1 -1.8423730E-4
1.5998890E-1 -1.8214390E-4
1.7002110E-1 -1.7896040E-4
1.8001840E-1 -1.7513320E-4
1.9003920E-1 -1.7007080E-4
1.9995690E-1 -1.6385440E-4
2.1010300E-1 -1.5443730E-4
2.1995500E-1 -1.4232360E-4
2.2991850E-1 -1.2463700E-4
2.3989340E-1 -1.0247990E-4
2.4985740E-1 -7.1760910E-5
2.6009420E-1 -3.0829760E-5
2.6989840E-1 2.4316250E-5
2.7997590E-1 1.0007750E-4
2.8988220E-1 2.1072920E-4
3.0006270E-1 3.5493050E-4
3.0996890E-1 5.3189020E-4
3.1996680E-1 7.8570820E-4
3.2999900E-1 1.1222440E-3
3.3999680E-1 1.5498400E-3
3.4994890E-1 2.0232160E-3
3.6006070E-1 2.6997010E-3
3.6991020E-1 3.4650190E-3
3.8005590E-1 4.4738910E-3
3.8986020E-1 5.4998010E-3
4.0004010E-1 6.7179820E-3
4.1000370E-1 7.9846660E-3
4.1996720E-1 9.4721880E-3
4.2996500E-1 1.0964750E-2
4.3996290E-1 1.2738620E-2
4.4996070E-1 1.4485240E-2
4.5998100E-1 1.6518640E-2
4.7000170E-1 1.8406610E-2
4.8003340E-1 2.0432470E-2
4.8998550E-1 2.2445010E-2
5.0002910E-1 2.4616270E-2
5.0994680E-1 2.6859370E-2
5.2008150E-1 2.9113470E-2
5.2999970E-1 3.1383810E-2
