0.000E+0 0
1.000E-2 1.86800288E-15
2.000E-2 4.59319083E-15
3.000E-2 8.57236482E-15
4.000E-2 1.43858532E-14
5.000E-2 2.28823058E-14
6.000E-2 3.53026335E-14
7.000E-2 5.34611693E-14
8.000E-2 8.00104816E-14
9.000E-2 1.18828526E-13
1.000E-1 1.75584768E-13
1.100E-1 2.58568271E-13
1.200E-1 3.79899467E-13
1.300E-1 5.57304232E-13
1.400E-1 8.16712711E-13
1.500E-1 1.19606869E-12
1.600E-1 1.75091665E-12
1.700E-1 2.56260169E-12
1.800E-1 3.75030901E-12
1.900E-1 5.48875115E-12
2.000E-1 8.03415878E-12
2.100E-1 1.17624787E-11
2.200E-1 1.72255283E-11
2.300E-1 2.52335387E-11
2.400E-1 3.69764971E-11
2.500E-1 5.42024981E-11
2.600E-1 7.94798661E-11
2.700E-1 1.16582278E-10
2.800E-1 1.71054403E-10
2.900E-1 2.51042172E-10
3.000E-1 3.68510375E-10
3.100E-1 5.41025318E-10
3.200E-1 7.943634E-10
3.300E-1 1.16630602E-9
3.400E-1 1.71215171E-9
3.500E-1 2.51265632E-9
3.600E-1 3.68536129E-9
3.700E-1 5.40051751E-9
3.800E-1 7.90293186E-9
3.900E-1 1.15408556E-8
4.000E-1 1.68018611E-8
4.100E-1 2.43525275E-8
4.200E-1 3.50721521E-8
4.300E-1 5.00588374E-8
4.400E-1 7.05699133E-8
4.500E-1 9.78456543E-8
4.600E-1 1.32778437E-7
4.700E-1 1.75460627E-7
4.800E-1 2.2478631E-7
4.900E-1 2.78393923E-7
5.000E-1 3.33164188E-7
5.100E-1 3.86157301E-7
5.200E-1 4.35537283E-7
5.300E-1 4.81039564E-7
5.400E-1 5.23887024E-7
5.500E-1 5.66361454E-7
5.600E-1 6.11312122E-7
5.700E-1 6.61782593E-7
5.800E-1 7.20795569E-7
5.900E-1 7.91277472E-7
6.000E-1 8.76103116E-7
6.100E-1 9.78166934E-7
6.200E-1 1.10048479E-6
