1.724E-5 -2.456E-4
8.523E-3 -2.428E-4
1.832E-2 -2.393E-4
2.825E-2 -2.361E-4
3.825E-2 -2.325E-4
4.787E-2 -2.285E-4
5.890E-2 -2.237E-4
6.865E-2 -2.195E-4
7.859E-2 -2.146E-4
8.840E-2 -2.095E-4
9.848E-2 -2.045E-4
1.094E-1 -1.986E-4
1.193E-1 -1.920E-4
1.293E-1 -1.866E-4
1.391E-1 -1.801E-4
1.489E-1 -1.730E-4
1.601E-1 -1.655E-4
1.698E-1 -1.580E-4
1.796E-1 -1.501E-4
1.896E-1 -1.434E-4
1.993E-1 -1.345E-4
2.089E-1 -1.259E-4
2.202E-1 -1.161E-4
2.301E-1 -1.084E-4
2.400E-1 -9.885E-5
2.499E-1 -8.945E-5
2.595E-1 -8.135E-5
2.708E-1 -7.144E-5
2.808E-1 -6.132E-5
2.904E-1 -5.061E-5
3.002E-1 -4.181E-5
3.101E-1 -3.149E-5
3.211E-1 -2.093E-5
3.306E-1 -1.021E-5
3.409E-1 -5.031E-7
3.506E-1 9.760E-6
3.605E-1 1.997E-5
3.717E-1 3.275E-5
3.813E-1 4.226E-5
3.913E-1 5.368E-5
4.010E-1 6.374E-5
4.207E-1 8.638E-5
4.420E-1 1.098E-4
4.617E-1 1.312E-4
4.824E-1 1.556E-4
5.070E-1 1.780E-4
5.530E-1 2.358E-4
6.032E-1 2.972E-4
6.538E-1 3.600E-4
7.043E-1 4.222E-4
7.547E-1 4.852E-4
8.051E-1 5.488E-4
8.555E-1 6.139E-4
9.058E-1 6.779E-4
9.564E-1 7.438E-4
1.006E+0 8.068E-4
