6.138E-4 -1.160E-4
1.018E-2 -1.152E-4
2.010E-2 -1.145E-4
3.007E-2 -1.139E-4
3.972E-2 -1.132E-4
4.966E-2 -1.124E-4
6.078E-2 -1.116E-4
7.054E-2 -1.109E-4
8.017E-2 -1.101E-4
9.017E-2 -1.093E-4
9.995E-2 -1.084E-4
1.111E-1 -1.074E-4
1.209E-1 -1.066E-4
1.307E-1 -1.057E-4
1.407E-1 -1.048E-4
1.504E-1 -1.039E-4
1.616E-1 -1.028E-4
1.712E-1 -1.018E-4
1.812E-1 -1.007E-4
1.909E-1 -9.966E-5
2.007E-1 -9.845E-5
2.106E-1 -9.724E-5
2.219E-1 -9.573E-5
2.316E-1 -9.438E-5
2.415E-1 -9.302E-5
2.513E-1 -9.126E-5
2.610E-1 -8.935E-5
2.721E-1 -8.728E-5
2.819E-1 -8.527E-5
2.918E-1 -8.255E-5
3.015E-1 -7.999E-5
3.115E-1 -7.717E-5
3.224E-1 -7.360E-5
3.323E-1 -6.998E-5
3.422E-1 -6.600E-5
3.520E-1 -6.208E-5
3.617E-1 -5.760E-5
3.728E-1 -5.242E-5
3.828E-1 -4.699E-5
3.927E-1 -4.241E-5
4.024E-1 -3.693E-5
4.220E-1 -2.465E-5
4.429E-1 -1.107E-5
4.626E-1 1.660E-6
4.836E-1 1.529E-5
5.033E-1 2.827E-5
5.535E-1 5.961E-5
6.042E-1 8.769E-5
6.545E-1 1.142E-4
7.048E-1 1.388E-4
7.551E-1 1.627E-4
8.055E-1 1.855E-4
8.561E-1 2.067E-4
9.062E-1 2.270E-4
9.567E-1 2.465E-4
1.006E+0 2.648E-4
