-8.9989190E-2 -4.1190800E-6
-6.0075280E-2 -2.8193210E-6
-2.9910560E-2 -1.4135640E-6
2.9560920E-4 2.2859070E-8
9.9557340E-3 4.8735610E-7
1.9783140E-2 9.6047010E-7
3.0043130E-2 1.4956570E-6
3.9938450E-2 2.0550720E-6
4.9970630E-2 2.5823460E-6
6.0002800E-2 3.2211990E-6
6.9989680E-2 3.7980500E-6
8.0010410E-2 4.4609930E-6
9.0031150E-2 5.0940780E-6
9.9892140E-2 6.0081370E-6
1.1000440E-1 6.9472390E-6
1.2002520E-1 8.2575300E-6
1.2993190E-1 9.5314340E-6
1.3994120E-1 1.1170540E-5
1.5001920E-1 1.3578320E-5
1.5999460E-1 1.6160060E-5
1.6999240E-1 1.9782160E-5
1.7993350E-1 2.3878630E-5
1.9009110E-1 3.0574830E-5
1.9995210E-1 3.8817030E-5
2.0993900E-1 5.2027900E-5
2.1996210E-1 6.6482670E-5
2.3005100E-1 8.7731050E-5
2.4002650E-1 1.1485370E-4
2.4996760E-1 1.5946620E-4
2.5996540E-1 2.1096230E-4
2.6998660E-1 2.8798570E-4
2.7987050E-1 3.7595820E-4
2.9005100E-1 5.1615690E-4
2.9978700E-1 6.9411960E-4
3.1003570E-1 9.5948040E-4
3.1992010E-1 1.2324990E-3
3.2992940E-1 1.6733820E-3
3.3992770E-1 2.1859460E-3
3.5005090E-1 2.9442780E-3
3.5987810E-1 3.7054490E-3
3.6998990E-1 4.7109930E-3
3.7990860E-1 5.7185660E-3
3.8989500E-1 7.0836320E-3
3.9981320E-1 8.5387510E-3
4.0990260E-1 1.0320650E-2
4.1995760E-1 1.1967930E-2
4.3000130E-1 1.4193150E-2
4.3999960E-1 1.6175030E-2
4.4997450E-1 1.8466290E-2
4.5992710E-1 2.0546090E-2
4.6995930E-1 2.3102100E-2
4.7998050E-1 2.5615830E-2
4.8997830E-1 2.8474840E-2
5.0006770E-1 3.1162930E-2
