0.000E+0 0
1.000E-2 7.88118102E-13
2.000E-2 1.89227405E-12
3.000E-2 3.44259872E-12
4.000E-2 5.62258177E-12
5.000E-2 8.68774513E-12
6.000E-2 1.30073715E-11
7.000E-2 1.90937129E-11
8.000E-2 2.76699062E-11
9.000E-2 3.97432376E-11
1.000E-1 5.67633601E-11
1.100E-1 8.07440511E-11
1.200E-1 1.14530765E-10
1.300E-1 1.62146444E-10
1.400E-1 2.29266217E-10
1.500E-1 3.23914922E-10
1.600E-1 4.5746935E-10
1.700E-1 6.46049002E-10
1.800E-1 9.12546572E-10
1.900E-1 1.28954207E-9
2.000E-1 1.82343328E-9
2.100E-1 2.58039006E-9
2.200E-1 3.65488249E-9
2.300E-1 5.18191104E-9
2.400E-1 7.35454581E-9
2.500E-1 1.04490854E-8
2.600E-1 1.48611485E-8
2.700E-1 2.11574543E-8
2.800E-1 3.01501229E-8
2.900E-1 4.30032952E-8
3.000E-1 6.13861452E-8
3.100E-1 8.76924817E-8
3.200E-1 1.25355926E-7
3.300E-1 1.79302261E-7
3.400E-1 2.5659863E-7
3.500E-1 3.67385154E-7
3.600E-1 5.26211654E-7
3.700E-1 7.53955132E-7
3.800E-1 1.08056854E-6
3.900E-1 1.54902471E-6
4.000E-1 2.22095534E-6
4.100E-1 3.18472652E-6
4.200E-1 4.566967E-6
4.300E-1 6.54899381E-6
4.400E-1 9.38934946E-6
4.500E-1 1.3460669E-5
4.600E-1 1.9289156E-5
4.700E-1 2.76214647E-5
4.800E-1 3.95185695E-5
4.900E-1 5.64642559E-5
5.000E-1 8.05218566E-5
5.100E-1 0.000114520898
5.200E-1 0.000162269561
5.300E-1 0.000228766084
5.400E-1 0.000320354229
5.500E-1 0.000444743994
5.600E-1 0.000610764406
5.700E-1 0.000828020939
5.800E-1 0.00110607123
5.900E-1 0.00145376599
6.000E-1 0.00187857639
6.100E-1 0.00238596926
6.200E-1 0.00297839416
