-2.2000E-3 -1.4720E-4
1.8100E-2 -1.4690E-4
3.8400E-2 -1.4650E-4
5.8600E-2 -1.4610E-4
7.8800E-2 -1.4560E-4
9.9100E-2 -1.4500E-4
1.1920E-1 -1.4430E-4
1.3950E-1 -1.4340E-4
1.5960E-1 -1.4220E-4
1.7990E-1 -1.4070E-4
2.0010E-1 -1.3810E-4
2.2040E-1 -1.3440E-4
2.4050E-1 -1.2830E-4
2.6080E-1 -1.1740E-4
2.8090E-1 -9.7860E-5
3.0100E-1 -6.0960E-5
3.2110E-1 9.4530E-6
3.4130E-1 1.4600E-4
3.6160E-1 4.0640E-4
3.8180E-1 8.8810E-4
4.0200E-1 1.7230E-3
4.2230E-1 3.0730E-3
4.4250E-1 5.0170E-3
4.6250E-1 7.5800E-3
4.8260E-1 1.0707E-2
5.0280E-1 1.4190E-2
5.2290E-1 1.8100E-2
5.4300E-1 2.2300E-2
