0.000E+0 -0.274206254
1.000E-2 -0.274205714
2.000E-2 -0.274205171
3.000E-2 -0.274204624
4.000E-2 -0.274204074
5.000E-2 -0.274203521
6.000E-2 -0.274202963
7.000E-2 -0.274202401
8.000E-2 -0.274201834
9.000E-2 -0.274201262
1.000E-1 -0.274200682
1.100E-1 -0.274200094
1.200E-1 -0.274199496
1.300E-1 -0.274198883
1.400E-1 -0.274198252
1.500E-1 -0.274197595
1.600E-1 -0.2741969
1.700E-1 -0.274196153
1.800E-1 -0.274195328
1.900E-1 -0.274194392
2.000E-1 -0.27419329
2.100E-1 -0.274191946
2.200E-1 -0.274190242
2.300E-1 -0.274188004
2.400E-1 -0.274184974
2.500E-1 -0.274180766
2.600E-1 -0.274174806
2.700E-1 -0.274166235
2.800E-1 -0.274153778
2.900E-1 -0.274135531
3.000E-1 -0.274108657
3.100E-1 -0.274068926
3.200E-1 -0.274010033
3.300E-1 -0.273922578
3.400E-1 -0.273792549
3.500E-1 -0.273599056
3.600E-1 -0.273310956
3.700E-1 -0.272881819
3.800E-1 -0.272242427
3.900E-1 -0.271289589
4.000E-1 -0.269869458
4.100E-1 -0.267752679
4.200E-1 -0.26459732
4.300E-1 -0.259893621
4.400E-1 -0.252881636
4.500E-1 -0.24242846
4.600E-1 -0.226845258
4.700E-1 -0.203614582
4.800E-1 -0.168984111
4.900E-1 -0.117361537
5.000E-1 -0.0404137054
5.100E-1 0.0742736288
