0.000E+0 0
1.000E-2 2.77353888E-13
2.000E-2 6.7254797E-13
3.000E-2 1.23650322E-12
4.000E-2 2.04184562E-12
5.000E-2 3.19199131E-12
6.000E-2 4.83397363E-12
7.000E-2 7.17654754E-12
8.000E-2 1.05154364E-11
9.000E-2 1.52700765E-11
1.000E-1 2.2034991E-11
1.100E-1 3.16514478E-11
1.200E-1 4.53109392E-11
1.300E-1 6.47093246E-11
1.400E-1 9.22548571E-11
1.500E-1 1.31383752E-10
1.600E-1 1.87011777E-10
1.700E-1 2.66194074E-10
1.800E-1 3.79089294E-10
1.900E-1 5.40370381E-10
2.000E-1 7.71290813E-10
2.100E-1 1.1027125E-9
2.200E-1 1.57954474E-9
2.300E-1 2.267254E-9
2.400E-1 3.26141403E-9
2.500E-1 4.70172016E-9
2.600E-1 6.79256202E-9
2.700E-1 9.83323157E-9
2.800E-1 1.42622909E-8
2.900E-1 2.07227508E-8
3.000E-1 3.01578393E-8
3.100E-1 4.3951737E-8
3.200E-1 6.4136417E-8
3.300E-1 9.36956662E-8
3.400E-1 1.37011975E-7
3.500E-1 2.00523445E-7
3.600E-1 2.9368942E-7
3.700E-1 4.30409814E-7
3.800E-1 6.31111101E-7
3.900E-1 9.25736878E-7
4.000E-1 1.35851272E-6
4.100E-1 1.99436169E-6
4.200E-1 2.9282491E-6
4.300E-1 4.29976101E-6
4.400E-1 6.31469238E-6
4.500E-1 9.27457857E-6
