1.00000E+0 3.17200E-1 3.30000E+0 2.01100E-4
1.44000E+1 3.17400E-1 1.65000E+1 2.00800E-4
2.44000E+1 3.17500E-1 2.69000E+1 2.00600E-4
3.44000E+1 3.17600E-1 3.68000E+1 2.00600E-4
4.44000E+1 3.17600E-1 4.67000E+1 2.00500E-4
5.44000E+1 3.17700E-1 5.67000E+1 2.00400E-4
6.44000E+1 3.17800E-1 6.66000E+1 2.00400E-4
7.44000E+1 3.17800E-1 7.70000E+1 2.00300E-4
8.44000E+1 3.17900E-1 8.69000E+1 2.00200E-4
9.44000E+1 3.17900E-1 9.75000E+1 2.00200E-4
1.04400E+2 3.17900E-1 1.06700E+2 2.00200E-4
1.14400E+2 3.17900E-1 1.16600E+2 2.00200E-4
1.24400E+2 3.17900E-1 1.26500E+2 2.00100E-4
1.34400E+2 3.18000E-1 1.36900E+2 1.99900E-4
1.44400E+2 3.18000E-1 1.46800E+2 1.99900E-4
1.54400E+2 3.18000E-1 1.56700E+2 1.99800E-4
1.64400E+2 3.18000E-1 1.66600E+2 1.99800E-4
1.74400E+2 3.18000E-1 1.76500E+2 1.99900E-4
1.84400E+2 3.18100E-1 1.87000E+2 1.99900E-4
1.94400E+2 3.18100E-1 1.97500E+2 1.99800E-4
2.04400E+2 3.18100E-1 2.06700E+2 1.99900E-4
2.14400E+2 3.18100E-1 2.16700E+2 1.99800E-4
2.24400E+2 3.18100E-1 2.26500E+2 1.99800E-4
2.34400E+2 3.18100E-1 2.37000E+2 1.99700E-4
2.44400E+2 3.18100E-1 2.46900E+2 1.99700E-4
2.54400E+2 3.18100E-1 2.56800E+2 1.99600E-4
2.64400E+2 3.18100E-1 2.66700E+2 1.99600E-4
2.74400E+2 3.18000E-1 2.76600E+2 1.99600E-4
2.84400E+2 3.18100E-1 2.86500E+2 1.99600E-4
2.94400E+2 3.18100E-1 2.97500E+2 1.99600E-4
3.04400E+2 3.18100E-1 3.06800E+2 1.99700E-4
3.14400E+2 3.18100E-1 3.16900E+2 1.99500E-4
3.24400E+2 3.18200E-1 3.26700E+2 1.99300E-4
3.34400E+2 3.18200E-1 3.36500E+2 1.99500E-4
3.44400E+2 3.18200E-1 3.47000E+2 1.99400E-4
3.54400E+2 3.18200E-1 3.56900E+2 1.99400E-4
3.64400E+2 3.18100E-1 3.66800E+2 1.99400E-4
3.74400E+2 3.18100E-1 3.76700E+2 1.99400E-4
3.84400E+2 3.18200E-1 3.86700E+2 1.99400E-4
3.94400E+2 3.18200E-1 3.97500E+2 1.99300E-4
4.04400E+2 3.18200E-1 4.06900E+2 1.99400E-4
4.14400E+2 3.18300E-1 4.16800E+2 1.99400E-4
4.24400E+2 3.18300E-1 4.26700E+2 1.99400E-4
4.34400E+2 3.18200E-1 4.36700E+2 1.99400E-4
4.44400E+2 3.18200E-1 4.46500E+2 1.99300E-4
4.54400E+2 3.18300E-1 4.57000E+2 1.99300E-4
4.64400E+2 3.18300E-1 4.66900E+2 1.99300E-4
4.74400E+2 3.18300E-1 4.76800E+2 1.99200E-4
4.84400E+2 3.18300E-1 4.86700E+2 1.99200E-4
4.94400E+2 3.18300E-1 4.97000E+2 1.99200E-4
5.04400E+2 3.18300E-1 5.06500E+2 1.99200E-4
5.14400E+2 3.18400E-1 5.16900E+2 1.99000E-4
5.24400E+2 3.18300E-1 5.26800E+2 1.99200E-4
5.34400E+2 3.18300E-1 5.36700E+2 1.99200E-4
5.44400E+2 3.18400E-1 5.46700E+2 1.99200E-4
5.54400E+2 3.18400E-1 5.56500E+2 1.99200E-4
5.64400E+2 3.18400E-1 5.67100E+2 1.99200E-4
5.74400E+2 3.18400E-1 5.76900E+2 1.98800E-4
5.84400E+2 3.18400E-1 5.86800E+2 1.99100E-4
5.94400E+2 3.18300E-1 5.97000E+2 1.99100E-4
6.04400E+2 3.18400E-1 6.06600E+2 1.99100E-4
6.14400E+2 3.18400E-1 6.16500E+2 1.99100E-4
6.24400E+2 3.18400E-1 6.27100E+2 1.99100E-4
6.34400E+2 3.18400E-1 6.36800E+2 1.98900E-4
6.44400E+2 3.18400E-1 6.46700E+2 1.99100E-4
6.54400E+2 3.18400E-1 6.56600E+2 1.99000E-4
6.64400E+2 3.18400E-1 6.66500E+2 1.99000E-4
6.74400E+2 3.18400E-1 6.77000E+2 1.99000E-4
6.84400E+2 3.18300E-1 6.86800E+2 1.98900E-4
6.94400E+2 3.18300E-1 6.97500E+2 1.98800E-4
7.04400E+2 3.18300E-1 7.06700E+2 1.98700E-4
7.14400E+2 3.18300E-1 7.16500E+2 1.98800E-4
7.24400E+2 3.18400E-1 7.26500E+2 1.99000E-4
7.34400E+2 3.18400E-1 7.36900E+2 1.99000E-4
7.44400E+2 3.18400E-1 7.46800E+2 1.99000E-4
7.54400E+2 3.18400E-1 7.56700E+2 1.99000E-4
7.64400E+2 3.18400E-1 7.66700E+2 1.99000E-4
7.74400E+2 3.18300E-1 7.76500E+2 1.98700E-4
7.84400E+2 3.18400E-1 7.86900E+2 1.98900E-4
7.94400E+2 3.18400E-1 7.97000E+2 1.98800E-4
8.04400E+2 3.18400E-1 8.06700E+2 1.98800E-4
8.14400E+2 3.18400E-1 8.16700E+2 1.98800E-4
8.24400E+2 3.18400E-1 8.26700E+2 1.98800E-4
8.34400E+2 3.18400E-1 8.37000E+2 1.98900E-4
8.44400E+2 3.18400E-1 8.46900E+2 1.98800E-4
8.54400E+2 3.18400E-1 8.56800E+2 1.98900E-4
8.64400E+2 3.18400E-1 8.66700E+2 1.98900E-4
8.74400E+2 3.18400E-1 8.76600E+2 1.98900E-4
8.84400E+2 3.18400E-1 8.86500E+2 1.98800E-4
8.94400E+2 3.18400E-1 8.97000E+2 1.98700E-4
9.04400E+2 3.18400E-1 9.06800E+2 1.98800E-4
9.14400E+2 3.18400E-1 9.16700E+2 1.98700E-4
9.24400E+2 3.18400E-1 9.26700E+2 1.98600E-4
9.34400E+2 3.18300E-1 9.36500E+2 1.98700E-4
9.44400E+2 3.18300E-1 9.47000E+2 1.98700E-4
9.54400E+2 3.18300E-1 9.56900E+2 1.98500E-4
9.64400E+2 3.18300E-1 9.66800E+2 1.98700E-4
9.74400E+2 3.18300E-1 9.76700E+2 1.98700E-4
9.84400E+2 3.18400E-1 9.86600E+2 1.98700E-4
9.94400E+2 3.18400E-1 9.97000E+2 1.98700E-4
1.00440E+3 3.18300E-1 1.00690E+3 1.98700E-4
1.01440E+3 3.18400E-1 1.01680E+3 1.98500E-4
1.02440E+3 3.18300E-1 1.02670E+3 1.98500E-4
1.03440E+3 3.18300E-1 1.03670E+3 1.98500E-4
1.04440E+3 3.18300E-1 1.04650E+3 1.98600E-4
1.05440E+3 3.18300E-1 1.05700E+3 1.98500E-4
1.06440E+3 3.18300E-1 1.06690E+3 1.98600E-4
1.07440E+3 3.18400E-1 1.07690E+3 1.98500E-4
1.08440E+3 3.18400E-1 1.08670E+3 1.98400E-4
1.09440E+3 3.18300E-1 1.09750E+3 1.98500E-4
1.10440E+3 3.18400E-1 1.10650E+3 1.98700E-4
1.11440E+3 3.18400E-1 1.11690E+3 1.98700E-4
1.12440E+3 3.18300E-1 1.12680E+3 1.98600E-4
1.13440E+3 3.18300E-1 1.13670E+3 1.98600E-4
1.14440E+3 3.18400E-1 1.14660E+3 1.98400E-4
1.15440E+3 3.18400E-1 1.15650E+3 1.98500E-4
1.16440E+3 3.18400E-1 1.16700E+3 1.98400E-4
1.17440E+3 3.18400E-1 1.17680E+3 1.98500E-4
1.18440E+3 3.18300E-1 1.18670E+3 1.98500E-4
1.19440E+3 3.18300E-1 1.19750E+3 1.98400E-4
1.20440E+3 3.18400E-1 1.20660E+3 1.98600E-4
1.21440E+3 3.18400E-1 1.21700E+3 1.98600E-4
1.22440E+3 3.18400E-1 1.22690E+3 1.98600E-4
1.23440E+3 3.18300E-1 1.23680E+3 1.98400E-4
1.24440E+3 3.18300E-1 1.24670E+3 1.98400E-4
1.25440E+3 3.18300E-1 1.25660E+3 1.98400E-4
1.26440E+3 3.18200E-1 1.26650E+3 1.98400E-4
1.27440E+3 3.18200E-1 1.27690E+3 1.98300E-4
1.28440E+3 3.18200E-1 1.28680E+3 1.98300E-4
1.29440E+3 3.18200E-1 1.29740E+3 1.98300E-4
1.30440E+3 3.18200E-1 1.30670E+3 1.98300E-4
1.31440E+3 3.18100E-1 1.31650E+3 1.98300E-4
1.32440E+3 3.18200E-1 1.32700E+3 1.98200E-4
1.33440E+3 3.18200E-1 1.33690E+3 1.98400E-4
1.34440E+3 3.18200E-1 1.34680E+3 1.98300E-4
1.35440E+3 3.18200E-1 1.35670E+3 1.98300E-4
1.36440E+3 3.18200E-1 1.36660E+3 1.98300E-4
1.37440E+3 3.18200E-1 1.37650E+3 1.98200E-4
1.38440E+3 3.18200E-1 1.38690E+3 1.98200E-4
1.39440E+3 3.18200E-1 1.39750E+3 1.98200E-4
1.40440E+3 3.18300E-1 1.40670E+3 1.98100E-4
1.41440E+3 3.18300E-1 1.41670E+3 1.98200E-4
1.42440E+3 3.18300E-1 1.42650E+3 1.98300E-4
1.43440E+3 3.18300E-1 1.43700E+3 1.98400E-4
1.44440E+3 3.18200E-1 1.44700E+3 1.98300E-4
1.45440E+3 3.18300E-1 1.45680E+3 1.98000E-4
1.46440E+3 3.18200E-1 1.46670E+3 1.98100E-4
1.47440E+3 3.18200E-1 1.47660E+3 1.98200E-4
1.48440E+3 3.18300E-1 1.48650E+3 1.98200E-4
1.49440E+3 3.18200E-1 1.49760E+3 1.98100E-4
1.50440E+3 3.18200E-1 1.50680E+3 1.98100E-4
1.51440E+3 3.18200E-1 1.51670E+3 1.97900E-4
1.52440E+3 3.18300E-1 1.52660E+3 1.98100E-4
1.53440E+3 3.18200E-1 1.53650E+3 1.98200E-4
1.54440E+3 3.18200E-1 1.54700E+3 1.98200E-4
1.55440E+3 3.18200E-1 1.55690E+3 1.98200E-4
1.56440E+3 3.18300E-1 1.56670E+3 1.98200E-4
1.57440E+3 3.18300E-1 1.57670E+3 1.98200E-4
1.58440E+3 3.18300E-1 1.58650E+3 1.98100E-4
1.59440E+3 3.18300E-1 1.59750E+3 1.98100E-4
1.60440E+3 3.18300E-1 1.60690E+3 1.98100E-4
1.61440E+3 3.18300E-1 1.61680E+3 1.98100E-4
1.62440E+3 3.18200E-1 1.62670E+3 1.98100E-4
1.63440E+3 3.18300E-1 1.63670E+3 1.98100E-4
1.64440E+3 3.18300E-1 1.64650E+3 1.97900E-4
1.65440E+3 3.18300E-1 1.65690E+3 1.98300E-4
1.66440E+3 3.18400E-1 1.66680E+3 1.98200E-4
1.67440E+3 3.18300E-1 1.67670E+3 1.98200E-4
1.68440E+3 3.18400E-1 1.68670E+3 1.98300E-4
1.69450E+3 3.18200E-1 1.69750E+3 1.98200E-4
1.70440E+3 3.18200E-1 1.70700E+3 1.98000E-4
1.71440E+3 3.18100E-1 1.71690E+3 1.98000E-4
1.72440E+3 3.18100E-1 1.72680E+3 1.98000E-4
1.73440E+3 3.18000E-1 1.73670E+3 1.98000E-4
1.74460E+3 3.17900E-1 1.74710E+3 1.97900E-4
1.75440E+3 3.17900E-1 1.75650E+3 1.98000E-4
1.76440E+3 3.18000E-1 1.76690E+3 1.97900E-4
1.77440E+3 3.18000E-1 1.77680E+3 1.97900E-4
1.78440E+3 3.17900E-1 1.78670E+3 1.97900E-4
1.79440E+3 3.17900E-1 1.79750E+3 1.98000E-4
1.80440E+3 3.17900E-1 1.80650E+3 1.98000E-4
1.81440E+3 3.18000E-1 1.81700E+3 1.97900E-4
1.82440E+3 3.17900E-1 1.82700E+3 1.97900E-4
1.83440E+3 3.18000E-1 1.83680E+3 1.97600E-4
1.84440E+3 3.18000E-1 1.84670E+3 1.97800E-4
1.85440E+3 3.18000E-1 1.85660E+3 1.97600E-4
1.86440E+3 3.18000E-1 1.86650E+3 1.97900E-4
1.87440E+3 3.18000E-1 1.87690E+3 1.97900E-4
1.88440E+3 3.18000E-1 1.88700E+3 1.98000E-4
1.89440E+3 3.18000E-1 1.89750E+3 1.97900E-4
1.90440E+3 3.18000E-1 1.90670E+3 1.97800E-4
1.91440E+3 3.18000E-1 1.91650E+3 1.97900E-4
1.92440E+3 3.18000E-1 1.92700E+3 1.97800E-4
1.93440E+3 3.18000E-1 1.93690E+3 1.97900E-4
1.94440E+3 3.18000E-1 1.94680E+3 1.97800E-4
1.95440E+3 3.18100E-1 1.95670E+3 1.97800E-4
1.96440E+3 3.18100E-1 1.96660E+3 1.97800E-4
1.97440E+3 3.18100E-1 1.97650E+3 1.97900E-4
1.98440E+3 3.18200E-1 1.98690E+3 1.98000E-4
1.99450E+3 3.18100E-1 1.99770E+3 1.97900E-4
2.00440E+3 3.18100E-1 2.00670E+3 1.98000E-4
2.01440E+3 3.18100E-1 2.01670E+3 1.98000E-4
2.02440E+3 3.18100E-1 2.02650E+3 1.97700E-4
2.03440E+3 3.18100E-1 2.03700E+3 1.97900E-4
2.04440E+3 3.18100E-1 2.04680E+3 1.97900E-4
2.05440E+3 3.18100E-1 2.05680E+3 1.97800E-4
2.06440E+3 3.18000E-1 2.06710E+3 1.97600E-4
2.07440E+3 3.18100E-1 2.07650E+3 1.97800E-4
2.08440E+3 3.18000E-1 2.08650E+3 1.97700E-4
2.09440E+3 3.18100E-1 2.09820E+3 1.97600E-4
2.10440E+3 3.18000E-1 2.10680E+3 1.97900E-4
2.11440E+3 3.18000E-1 2.11670E+3 1.97900E-4
2.12440E+3 3.18000E-1 2.12660E+3 1.97800E-4
2.13440E+3 3.18000E-1 2.13650E+3 1.97800E-4
2.14440E+3 3.18000E-1 2.14690E+3 1.97700E-4
2.15440E+3 3.18100E-1 2.15680E+3 1.97800E-4
2.16440E+3 3.18100E-1 2.16670E+3 1.97700E-4
2.17440E+3 3.18000E-1 2.17670E+3 1.97700E-4
2.18440E+3 3.18000E-1 2.18650E+3 1.97700E-4
2.19440E+3 3.18000E-1 2.19750E+3 1.97800E-4
2.20440E+3 3.18000E-1 2.20690E+3 1.97500E-4
2.21440E+3 3.18000E-1 2.21680E+3 1.97800E-4
2.22440E+3 3.18100E-1 2.22670E+3 1.97800E-4
2.23440E+3 3.18100E-1 2.23660E+3 1.97700E-4
2.24440E+3 3.18100E-1 2.24650E+3 1.97800E-4
2.25440E+3 3.18000E-1 2.25690E+3 1.97700E-4
2.26440E+3 3.18000E-1 2.26680E+3 1.97700E-4
2.27440E+3 3.18000E-1 2.27670E+3 1.97500E-4
2.28440E+3 3.18000E-1 2.28670E+3 1.97600E-4
2.29440E+3 3.18000E-1 2.29750E+3 1.97600E-4
2.30440E+3 3.18000E-1 2.30700E+3 1.97600E-4
2.31440E+3 3.18000E-1 2.31690E+3 1.97600E-4
2.32440E+3 3.18000E-1 2.32690E+3 1.97600E-4
2.33440E+3 3.18000E-1 2.33670E+3 1.97400E-4
2.34440E+3 3.18000E-1 2.34660E+3 1.97800E-4
2.35440E+3 3.18000E-1 2.35650E+3 1.97800E-4
2.36440E+3 3.18000E-1 2.36690E+3 1.97700E-4
2.37440E+3 3.18000E-1 2.37680E+3 1.97500E-4
2.38440E+3 3.18000E-1 2.38670E+3 1.97600E-4
2.39440E+3 3.18000E-1 2.39750E+3 1.97500E-4
2.40440E+3 3.18100E-1 2.40650E+3 1.97600E-4
2.41440E+3 3.18100E-1 2.41700E+3 1.97600E-4
2.42440E+3 3.18000E-1 2.42690E+3 1.97500E-4
2.43450E+3 3.18100E-1 2.43670E+3 1.97700E-4
2.44440E+3 3.18100E-1 2.44670E+3 1.97700E-4
2.45440E+3 3.18100E-1 2.45670E+3 1.97700E-4
2.46440E+3 3.18100E-1 2.46650E+3 1.97400E-4
2.47440E+3 3.18100E-1 2.47690E+3 1.97600E-4
2.48440E+3 3.17900E-1 2.48680E+3 1.97400E-4
2.49440E+3 3.18100E-1 2.49750E+3 1.97600E-4
2.50440E+3 3.18000E-1 2.50660E+3 1.97600E-4
2.51440E+3 3.18000E-1 2.51650E+3 1.97600E-4
2.52440E+3 3.18000E-1 2.52700E+3 1.97500E-4
2.53440E+3 3.18000E-1 2.53680E+3 1.97500E-4
2.54440E+3 3.18000E-1 2.54670E+3 1.97600E-4
2.55440E+3 3.18000E-1 2.55670E+3 1.97600E-4
2.56440E+3 3.18000E-1 2.56650E+3 1.97600E-4
2.57440E+3 3.18000E-1 2.57700E+3 1.97600E-4
2.58440E+3 3.18100E-1 2.58690E+3 1.97600E-4
2.59440E+3 3.18000E-1 2.59750E+3 1.97600E-4
2.60440E+3 3.18000E-1 2.60670E+3 1.97500E-4
2.61440E+3 3.18000E-1 2.61660E+3 1.97500E-4
2.62440E+3 3.18000E-1 2.62650E+3 1.97500E-4
2.63440E+3 3.18000E-1 2.63690E+3 1.97500E-4
2.64440E+3 3.18000E-1 2.64680E+3 1.97600E-4
2.65440E+3 3.18100E-1 2.65670E+3 1.97600E-4
2.66440E+3 3.18000E-1 2.66670E+3 1.97600E-4
2.67440E+3 3.18000E-1 2.67650E+3 1.97600E-4
2.68440E+3 3.18000E-1 2.68700E+3 1.97600E-4
2.69440E+3 3.17900E-1 2.69750E+3 1.97400E-4
2.70440E+3 3.18000E-1 2.70680E+3 1.97300E-4
2.71440E+3 3.18000E-1 2.71670E+3 1.97400E-4
2.72440E+3 3.18000E-1 2.72660E+3 1.97400E-4
2.73440E+3 3.18000E-1 2.73650E+3 1.97400E-4
2.74450E+3 3.18000E-1 2.74690E+3 1.97400E-4
2.75440E+3 3.17900E-1 2.75680E+3 1.97400E-4
2.76440E+3 3.18000E-1 2.76670E+3 1.97500E-4
2.77440E+3 3.18000E-1 2.77670E+3 1.97500E-4
2.78440E+3 3.18100E-1 2.78650E+3 1.97500E-4
2.79440E+3 3.18000E-1 2.79750E+3 1.97500E-4
2.80440E+3 3.18100E-1 2.80690E+3 1.97400E-4
2.81440E+3 3.18000E-1 2.81680E+3 1.97400E-4
2.82440E+3 3.18000E-1 2.82680E+3 1.97400E-4
2.83440E+3 3.18000E-1 2.83660E+3 1.97100E-4
2.84440E+3 3.18000E-1 2.84700E+3 1.97100E-4
2.85440E+3 3.18000E-1 2.85690E+3 1.97400E-4
2.86440E+3 3.18100E-1 2.86680E+3 1.97400E-4
2.87440E+3 3.18000E-1 2.87670E+3 1.97500E-4
2.88440E+3 3.18100E-1 2.88660E+3 1.97500E-4
2.89440E+3 3.18100E-1 2.89750E+3 1.97500E-4
2.90440E+3 3.18100E-1 2.90700E+3 1.97600E-4
2.91440E+3 3.18100E-1 2.91690E+3 1.97600E-4
2.92440E+3 3.18100E-1 2.92670E+3 1.97500E-4
2.93440E+3 3.18000E-1 2.93670E+3 1.97400E-4
2.94440E+3 3.17900E-1 2.94650E+3 1.97300E-4
2.95450E+3 3.18000E-1 2.95700E+3 1.97200E-4
2.96450E+3 3.18000E-1 2.96690E+3 1.97400E-4
2.97450E+3 3.18000E-1 2.97680E+3 1.97400E-4
2.98450E+3 3.17900E-1 2.98670E+3 1.97400E-4
2.99450E+3 3.17900E-1 2.99770E+3 1.97400E-4
3.00450E+3 3.17800E-1 3.00720E+3 1.97400E-4
3.01450E+3 3.17900E-1 3.01690E+3 1.97100E-4
3.02450E+3 3.17900E-1 3.02680E+3 1.97400E-4
3.03450E+3 3.17900E-1 3.03680E+3 1.97400E-4
3.04450E+3 3.17900E-1 3.04660E+3 1.97300E-4
3.05450E+3 3.17900E-1 3.05710E+3 1.97300E-4
3.06450E+3 3.17800E-1 3.06700E+3 1.97200E-4
3.07450E+3 3.17800E-1 3.07700E+3 1.97200E-4
3.08450E+3 3.17900E-1 3.08680E+3 1.97100E-4
3.09450E+3 3.17900E-1 3.09760E+3 1.97400E-4
3.10450E+3 3.17900E-1 3.10660E+3 1.97400E-4
3.11450E+3 3.17900E-1 3.11700E+3 1.97400E-4
3.12450E+3 3.17900E-1 3.12690E+3 1.97400E-4
3.13450E+3 3.17900E-1 3.13680E+3 1.97400E-4
3.14450E+3 3.17900E-1 3.14670E+3 1.97100E-4
3.15450E+3 3.17900E-1 3.15660E+3 1.97200E-4
3.16450E+3 3.17900E-1 3.16710E+3 1.97300E-4
3.17450E+3 3.17900E-1 3.17700E+3 1.97300E-4
3.18450E+3 3.17900E-1 3.18690E+3 1.97300E-4
3.19450E+3 3.18000E-1 3.19760E+3 1.97200E-4
3.20450E+3 3.18100E-1 3.20670E+3 1.97400E-4
3.21450E+3 3.18000E-1 3.21660E+3 1.97300E-4
3.22450E+3 3.18000E-1 3.22700E+3 1.97400E-4
3.23450E+3 3.18100E-1 3.23690E+3 1.97400E-4
3.24450E+3 3.18100E-1 3.24690E+3 1.97400E-4
3.25450E+3 3.18000E-1 3.25670E+3 1.97400E-4
3.26450E+3 3.18100E-1 3.26680E+3 1.97400E-4
3.27450E+3 3.18100E-1 3.27710E+3 1.97300E-4
3.28450E+3 3.18000E-1 3.28700E+3 1.97200E-4
3.29450E+3 3.18000E-1 3.29760E+3 1.97300E-4
3.30450E+3 3.18000E-1 3.30680E+3 1.97300E-4
3.31450E+3 3.17900E-1 3.31670E+3 1.97300E-4
3.32450E+3 3.17900E-1 3.32710E+3 1.97000E-4
3.33450E+3 3.17800E-1 3.33700E+3 1.97300E-4
3.34450E+3 3.17800E-1 3.34690E+3 1.97300E-4
3.35450E+3 3.17800E-1 3.35680E+3 1.97300E-4
3.36450E+3 3.17800E-1 3.36670E+3 1.97300E-4
3.37450E+3 3.17700E-1 3.37660E+3 1.97200E-4
3.38450E+3 3.17700E-1 3.38700E+3 1.96900E-4
3.39450E+3 3.17800E-1 3.39760E+3 1.97300E-4
3.40450E+3 3.17900E-1 3.40680E+3 1.97200E-4
3.41450E+3 3.17900E-1 3.41680E+3 1.97300E-4
3.42450E+3 3.17900E-1 3.42660E+3 1.97300E-4
3.43450E+3 3.17900E-1 3.43710E+3 1.97200E-4
3.44450E+3 3.17900E-1 3.44710E+3 1.97300E-4
3.45450E+3 3.17900E-1 3.45690E+3 1.97000E-4
3.46450E+3 3.17900E-1 3.46680E+3 1.97200E-4
3.47450E+3 3.17900E-1 3.47670E+3 1.97300E-4
3.48450E+3 3.17800E-1 3.48660E+3 1.97200E-4
3.49450E+3 3.17800E-1 3.49760E+3 1.97200E-4
3.50450E+3 3.17800E-1 3.50710E+3 1.97200E-4
3.51450E+3 3.17900E-1 3.51680E+3 1.96900E-4
3.52450E+3 3.17900E-1 3.52680E+3 1.97100E-4
3.53450E+3 3.17900E-1 3.53660E+3 1.97200E-4
3.54450E+3 3.18000E-1 3.54710E+3 1.97200E-4
3.55460E+3 3.17900E-1 3.55700E+3 1.97200E-4
3.56450E+3 3.17900E-1 3.56690E+3 1.97200E-4
3.57450E+3 3.17900E-1 3.57680E+3 1.97200E-4
3.58450E+3 3.17900E-1 3.58670E+3 1.97100E-4
3.59450E+3 3.17900E-1 3.59760E+3 1.97200E-4
3.60450E+3 3.17900E-1 3.60700E+3 1.97100E-4
3.61450E+3 3.17900E-1 3.61690E+3 1.97100E-4
3.62450E+3 3.17900E-1 3.62680E+3 1.97100E-4
3.63450E+3 3.17900E-1 3.63680E+3 1.97100E-4
3.64450E+3 3.17800E-1 3.64660E+3 1.96900E-4
3.65450E+3 3.17800E-1 3.65710E+3 1.97100E-4
3.66450E+3 3.17800E-1 3.66700E+3 1.97200E-4
3.67450E+3 3.17900E-1 3.67690E+3 1.97200E-4
3.68450E+3 3.17800E-1 3.68680E+3 1.97200E-4
3.69450E+3 3.17800E-1 3.69760E+3 1.96900E-4
3.70450E+3 3.17900E-1 3.70710E+3 1.97100E-4
3.71450E+3 3.17900E-1 3.71700E+3 1.97100E-4
3.72450E+3 3.17900E-1 3.72690E+3 1.97100E-4
3.73450E+3 3.17800E-1 3.73680E+3 1.97100E-4
3.74450E+3 3.17800E-1 3.74670E+3 1.97000E-4
3.75450E+3 3.17800E-1 3.75660E+3 1.97100E-4
3.76450E+3 3.17900E-1 3.76710E+3 1.97100E-4
3.77450E+3 3.17900E-1 3.77700E+3 1.97100E-4
3.78450E+3 3.17900E-1 3.78690E+3 1.97200E-4
3.79450E+3 3.17800E-1 3.79760E+3 1.97100E-4
3.80450E+3 3.17800E-1 3.80670E+3 1.97200E-4
3.81450E+3 3.17800E-1 3.81730E+3 1.97100E-4
3.82450E+3 3.17800E-1 3.82700E+3 1.96800E-4
3.83450E+3 3.17800E-1 3.83690E+3 1.96900E-4
3.84450E+3 3.17800E-1 3.84680E+3 1.97000E-4
3.85450E+3 3.17800E-1 3.85670E+3 1.97000E-4
3.86470E+3 3.17700E-1 3.86710E+3 1.97000E-4
3.87450E+3 3.17800E-1 3.87700E+3 1.97100E-4
3.88450E+3 3.17900E-1 3.88700E+3 1.97000E-4
3.89450E+3 3.17800E-1 3.89760E+3 1.97100E-4
3.90450E+3 3.17800E-1 3.90680E+3 1.97100E-4
3.91450E+3 3.17800E-1 3.91660E+3 1.97200E-4
3.92450E+3 3.17800E-1 3.92710E+3 1.97200E-4
3.93450E+3 3.17700E-1 3.93700E+3 1.97100E-4
3.94450E+3 3.17800E-1 3.94710E+3 1.97000E-4
3.95450E+3 3.17800E-1 3.95680E+3 1.96700E-4
3.96450E+3 3.17800E-1 3.96670E+3 1.97000E-4
3.97450E+3 3.17800E-1 3.97660E+3 1.97100E-4
3.98450E+3 3.17800E-1 3.98700E+3 1.97000E-4
3.99450E+3 3.17800E-1 3.99770E+3 1.97100E-4
4.00450E+3 3.17800E-1 4.00680E+3 1.97000E-4
4.01450E+3 3.17800E-1 4.01670E+3 1.97000E-4
4.02450E+3 3.17800E-1 4.02660E+3 1.97000E-4
4.03450E+3 3.17800E-1 4.03710E+3 1.97100E-4
4.04450E+3 3.17800E-1 4.04700E+3 1.97000E-4
4.05450E+3 3.17800E-1 4.05690E+3 1.96900E-4
4.06450E+3 3.17700E-1 4.06680E+3 1.96900E-4
4.07450E+3 3.17800E-1 4.07670E+3 1.96900E-4
4.08450E+3 3.17800E-1 4.08660E+3 1.96900E-4
4.09450E+3 3.17800E-1 4.09760E+3 1.96900E-4
4.10450E+3 3.17800E-1 4.10690E+3 1.96900E-4
4.11450E+3 3.17800E-1 4.11680E+3 1.96900E-4
4.12450E+3 3.17800E-1 4.12670E+3 1.97000E-4
4.13450E+3 3.17800E-1 4.13670E+3 1.97000E-4
4.14450E+3 3.17700E-1 4.14710E+3 1.97000E-4
4.15450E+3 3.17700E-1 4.15700E+3 1.97000E-4
4.16450E+3 3.17700E-1 4.16690E+3 1.96900E-4
4.17450E+3 3.17700E-1 4.17680E+3 1.96900E-4
4.18450E+3 3.17700E-1 4.18670E+3 1.96900E-4
4.19450E+3 3.17800E-1 4.19760E+3 1.96600E-4
4.20450E+3 3.17700E-1 4.20700E+3 1.96800E-4
4.21450E+3 3.17700E-1 4.21690E+3 1.96900E-4
4.22450E+3 3.17700E-1 4.22680E+3 1.97000E-4
4.23450E+3 3.17800E-1 4.23670E+3 1.97000E-4
4.24450E+3 3.17700E-1 4.24660E+3 1.96900E-4
4.25450E+3 3.17800E-1 4.25700E+3 1.96700E-4
4.26450E+3 3.17700E-1 4.26700E+3 1.96900E-4
4.27450E+3 3.17800E-1 4.27690E+3 1.96800E-4
4.28450E+3 3.17800E-1 4.28680E+3 1.96900E-4
4.29450E+3 3.17800E-1 4.29760E+3 1.96900E-4
4.30450E+3 3.17700E-1 4.30710E+3 1.96800E-4
4.31450E+3 3.17700E-1 4.31720E+3 1.96900E-4
4.32450E+3 3.17700E-1 4.32690E+3 1.96600E-4
4.33450E+3 3.17700E-1 4.33680E+3 1.96700E-4
4.34450E+3 3.17800E-1 4.34670E+3 1.96900E-4
4.35450E+3 3.17800E-1 4.35660E+3 1.96800E-4
4.36450E+3 3.17800E-1 4.36700E+3 1.96900E-4
4.37450E+3 3.17800E-1 4.37690E+3 1.96900E-4
4.38450E+3 3.17800E-1 4.38680E+3 1.96900E-4
4.39450E+3 3.17800E-1 4.39760E+3 1.97000E-4
4.40450E+3 3.17800E-1 4.40660E+3 1.97000E-4
4.41450E+3 3.17800E-1 4.41710E+3 1.96900E-4
4.42450E+3 3.17800E-1 4.42700E+3 1.96900E-4
4.43450E+3 3.17800E-1 4.43690E+3 1.96800E-4
4.44450E+3 3.17700E-1 4.44690E+3 1.96800E-4
4.45450E+3 3.17700E-1 4.45670E+3 1.96500E-4
4.46450E+3 3.17800E-1 4.46660E+3 1.96700E-4
4.47450E+3 3.17600E-1 4.47700E+3 1.96800E-4
4.48450E+3 3.17700E-1 4.48690E+3 1.96800E-4
4.49450E+3 3.17600E-1 4.49760E+3 1.96800E-4
4.50450E+3 3.17700E-1 4.50670E+3 1.96900E-4
4.51450E+3 3.17700E-1 4.51660E+3 1.96700E-4
4.52450E+3 3.17600E-1 4.52710E+3 1.96700E-4
4.53450E+3 3.17700E-1 4.53700E+3 1.96800E-4
4.54450E+3 3.17700E-1 4.54690E+3 1.96700E-4
4.55450E+3 3.17700E-1 4.55680E+3 1.96800E-4
4.56450E+3 3.17700E-1 4.56670E+3 1.96800E-4
4.57450E+3 3.17700E-1 4.57710E+3 1.96800E-4
4.58450E+3 3.17800E-1 4.58700E+3 1.96800E-4
4.59450E+3 3.17700E-1 4.59760E+3 1.96800E-4
4.60450E+3 3.17800E-1 4.60680E+3 1.96900E-4
4.61450E+3 3.17700E-1 4.61670E+3 1.96900E-4
4.62450E+3 3.17800E-1 4.62660E+3 1.96900E-4
4.63450E+3 3.17800E-1 4.63710E+3 1.96800E-4
4.64450E+3 3.17700E-1 4.64700E+3 1.96800E-4
4.65450E+3 3.17800E-1 4.65690E+3 1.96800E-4
4.66450E+3 3.17900E-1 4.66680E+3 1.96700E-4
4.67460E+3 3.17700E-1 4.67670E+3 1.96700E-4
4.68450E+3 3.17700E-1 4.68720E+3 1.96700E-4
4.69450E+3 3.17800E-1 4.69730E+3 1.96500E-4
4.70450E+3 3.17800E-1 4.70690E+3 1.96800E-4
4.71450E+3 3.17800E-1 4.71680E+3 1.96700E-4
4.72450E+3 3.17700E-1 4.72670E+3 1.96800E-4
4.73470E+3 3.17800E-1 4.73720E+3 1.96800E-4
4.74450E+3 3.17600E-1 4.74700E+3 1.96700E-4
4.75450E+3 3.17600E-1 4.75700E+3 1.96700E-4
4.76450E+3 3.17600E-1 4.76680E+3 1.96500E-4
4.77450E+3 3.17600E-1 4.77680E+3 1.96600E-4
4.78450E+3 3.17600E-1 4.78660E+3 1.96600E-4
4.79450E+3 3.17700E-1 4.79710E+3 1.96600E-4
4.80450E+3 3.17600E-1 4.80700E+3 1.96600E-4
4.81450E+3 3.17600E-1 4.81710E+3 1.96500E-4
4.82450E+3 3.17600E-1 4.82680E+3 1.96400E-4
4.83450E+3 3.17700E-1 4.83670E+3 1.96700E-4
4.84450E+3 3.17700E-1 4.84660E+3 1.96800E-4
4.85450E+3 3.17600E-1 4.85700E+3 1.96500E-4
4.86450E+3 3.17700E-1 4.86690E+3 1.96700E-4
4.87450E+3 3.17800E-1 4.87680E+3 1.96700E-4
4.88450E+3 3.17700E-1 4.88680E+3 1.96600E-4
4.89450E+3 3.17700E-1 4.89760E+3 1.96700E-4
4.90450E+3 3.17700E-1 4.90710E+3 1.96700E-4
4.91450E+3 3.17800E-1 4.91700E+3 1.96700E-4
4.92450E+3 3.17800E-1 4.92690E+3 1.96800E-4
4.93450E+3 3.17900E-1 4.93680E+3 1.96800E-4
4.94450E+3 3.17900E-1 4.94670E+3 1.96900E-4
4.95450E+3 3.17900E-1 4.95660E+3 1.96900E-4
4.96450E+3 3.17900E-1 4.96700E+3 1.96900E-4
4.97450E+3 3.17800E-1 4.97690E+3 1.96900E-4
4.98450E+3 3.17800E-1 4.98680E+3 1.96800E-4
4.99450E+3 3.17800E-1 4.99720E+3 1.96800E-4
5.00450E+3 3.17800E-1 5.00670E+3 1.96700E-4
5.01450E+3 3.17800E-1 5.01710E+3 1.96700E-4
5.02450E+3 3.17800E-1 5.02700E+3 1.96800E-4
5.03450E+3 3.17900E-1 5.03690E+3 1.96700E-4
5.04450E+3 3.17900E-1 5.04680E+3 1.96700E-4
5.05450E+3 3.17900E-1 5.05670E+3 1.96800E-4
5.06450E+3 3.17700E-1 5.06710E+3 1.96400E-4
5.07450E+3 3.17700E-1 5.07700E+3 1.96800E-4
5.08450E+3 3.17800E-1 5.08690E+3 1.96800E-4
5.09450E+3 3.17800E-1 5.09710E+3 1.96800E-4
5.10450E+3 3.17800E-1 5.10670E+3 1.96800E-4
5.11450E+3 3.17700E-1 5.11660E+3 1.96700E-4
5.12450E+3 3.17700E-1 5.12710E+3 1.96500E-4
5.13450E+3 3.17600E-1 5.13700E+3 1.96500E-4
5.14450E+3 3.17700E-1 5.14690E+3 1.96600E-4
5.15450E+3 3.17700E-1 5.15680E+3 1.96700E-4
5.16450E+3 3.17800E-1 5.16670E+3 1.96700E-4
5.17450E+3 3.17700E-1 5.17710E+3 1.96700E-4
5.18450E+3 3.17700E-1 5.18700E+3 1.96600E-4
5.19450E+3 3.17700E-1 5.19760E+3 1.96700E-4
5.20450E+3 3.17600E-1 5.20680E+3 1.96700E-4
5.21450E+3 3.17800E-1 5.21670E+3 1.96700E-4
5.22450E+3 3.17700E-1 5.22660E+3 1.96800E-4
5.23450E+3 3.17700E-1 5.23700E+3 1.96700E-4
5.24450E+3 3.17700E-1 5.24710E+3 1.96600E-4
5.25450E+3 3.17700E-1 5.25680E+3 1.96300E-4
5.26450E+3 3.17700E-1 5.26680E+3 1.96600E-4
5.27450E+3 3.17700E-1 5.27660E+3 1.96600E-4
5.28450E+3 3.17700E-1 5.28710E+3 1.96600E-4
5.29450E+3 3.17600E-1 5.29710E+3 1.96600E-4
5.30450E+3 3.17600E-1 5.30690E+3 1.96500E-4
5.31450E+3 3.17700E-1 5.31680E+3 1.96800E-4
5.32450E+3 3.17800E-1 5.32670E+3 1.96700E-4
5.33450E+3 3.17700E-1 5.33660E+3 1.96700E-4
5.34450E+3 3.17800E-1 5.34700E+3 1.96700E-4
5.35470E+3 3.17700E-1 5.35690E+3 1.96700E-4
5.36450E+3 3.17600E-1 5.36680E+3 1.96500E-4
5.37450E+3 3.17600E-1 5.37680E+3 1.96500E-4
5.38450E+3 3.17500E-1 5.38660E+3 1.96300E-4
5.39450E+3 3.17600E-1 5.39760E+3 1.96600E-4
5.40450E+3 3.17700E-1 5.40700E+3 1.96600E-4
5.41450E+3 3.17700E-1 5.41690E+3 1.96600E-4
5.42450E+3 3.17700E-1 5.42680E+3 1.96700E-4
5.43450E+3 3.17800E-1 5.43670E+3 1.96700E-4
5.44450E+3 3.17700E-1 5.44710E+3 1.96600E-4
5.45450E+3 3.17700E-1 5.45700E+3 1.96600E-4
5.46450E+3 3.17700E-1 5.46690E+3 1.96500E-4
5.47450E+3 3.17600E-1 5.47680E+3 1.96500E-4
5.48450E+3 3.17400E-1 5.48670E+3 1.96500E-4
5.49450E+3 3.17500E-1 5.49710E+3 1.96400E-4
5.50450E+3 3.17500E-1 5.50710E+3 1.96500E-4
5.51450E+3 3.17500E-1 5.51700E+3 1.96500E-4
5.52450E+3 3.17600E-1 5.52690E+3 1.96500E-4
5.53450E+3 3.17600E-1 5.53680E+3 1.96600E-4
5.54450E+3 3.17500E-1 5.54670E+3 1.96500E-4
5.55450E+3 3.17500E-1 5.55710E+3 1.96600E-4
5.56450E+3 3.17500E-1 5.56700E+3 1.96500E-4
5.57450E+3 3.17600E-1 5.57690E+3 1.96500E-4
5.58450E+3 3.17600E-1 5.58680E+3 1.96500E-4
5.59450E+3 3.17600E-1 5.59760E+3 1.96400E-4
5.60450E+3 3.17600E-1 5.60660E+3 1.96500E-4
5.61450E+3 3.17700E-1 5.61720E+3 1.96500E-4
5.62450E+3 3.17700E-1 5.62700E+3 1.96200E-4
5.63450E+3 3.17600E-1 5.63680E+3 1.96500E-4
5.64450E+3 3.17600E-1 5.64680E+3 1.96500E-4
5.65450E+3 3.17600E-1 5.65660E+3 1.96500E-4
5.66460E+3 3.17700E-1 5.66710E+3 1.96500E-4
5.67450E+3 3.17600E-1 5.67700E+3 1.96500E-4
5.68450E+3 3.17700E-1 5.68690E+3 1.96300E-4
5.69450E+3 3.17700E-1 5.69710E+3 1.96300E-4
5.70450E+3 3.17700E-1 5.70670E+3 1.96500E-4
5.71450E+3 3.17500E-1 5.71660E+3 1.96300E-4
5.72470E+3 3.17600E-1 5.72700E+3 1.96400E-4
5.73450E+3 3.17500E-1 5.73690E+3 1.96300E-4
5.74450E+3 3.17600E-1 5.74680E+3 1.96400E-4
5.75450E+3 3.17600E-1 5.75680E+3 1.96400E-4
5.76450E+3 3.17700E-1 5.76660E+3 1.96400E-4
5.77450E+3 3.17700E-1 5.77710E+3 1.96500E-4
5.78450E+3 3.17700E-1 5.78700E+3 1.96500E-4
5.79450E+3 3.17600E-1 5.79760E+3 1.96500E-4
5.80450E+3 3.17600E-1 5.80700E+3 1.96400E-4
5.81450E+3 3.17600E-1 5.81670E+3 1.96100E-4
5.82450E+3 3.17600E-1 5.82660E+3 1.96300E-4
5.83450E+3 3.17700E-1 5.83700E+3 1.96400E-4
5.84450E+3 3.17700E-1 5.84690E+3 1.96300E-4
5.85450E+3 3.17600E-1 5.85680E+3 1.96400E-4
5.86450E+3 3.17600E-1 5.86670E+3 1.96400E-4
5.87450E+3 3.17700E-1 5.87670E+3 1.96500E-4
5.88450E+3 3.17700E-1 5.88710E+3 1.96500E-4
5.89450E+3 3.17700E-1 5.89710E+3 1.96500E-4
5.90450E+3 3.17700E-1 5.90690E+3 1.96500E-4
5.91450E+3 3.17700E-1 5.91680E+3 1.96400E-4
5.92450E+3 3.17700E-1 5.92670E+3 1.96400E-4
5.93450E+3 3.17700E-1 5.93710E+3 1.96100E-4
5.94450E+3 3.17700E-1 5.94700E+3 1.96300E-4
5.95450E+3 3.17700E-1 5.95690E+3 1.96300E-4
5.96450E+3 3.17600E-1 5.96680E+3 1.96400E-4
5.97450E+3 3.17600E-1 5.97670E+3 1.96400E-4
5.98450E+3 3.17500E-1 5.98660E+3 1.96400E-4
5.99450E+3 3.17600E-1 5.99730E+3 1.96200E-4
6.00450E+3 3.17700E-1 6.00700E+3 1.96400E-4
6.01450E+3 3.17600E-1 6.01690E+3 1.96500E-4
6.02450E+3 3.17600E-1 6.02680E+3 1.96500E-4
6.03450E+3 3.17600E-1 6.03670E+3 1.96400E-4
6.04450E+3 3.17500E-1 6.04710E+3 1.96200E-4
6.05450E+3 3.17600E-1 6.05700E+3 1.96100E-4
6.06450E+3 3.17500E-1 6.06690E+3 1.96300E-4
6.07450E+3 3.17600E-1 6.07680E+3 1.96300E-4
6.08450E+3 3.17500E-1 6.08670E+3 1.96300E-4
6.09450E+3 3.17700E-1 6.09710E+3 1.96400E-4
6.10450E+3 3.17500E-1 6.10700E+3 1.96300E-4
6.11450E+3 3.17600E-1 6.11710E+3 1.96300E-4
6.12450E+3 3.17600E-1 6.12680E+3 1.96100E-4
6.13450E+3 3.17700E-1 6.13680E+3 1.96300E-4
6.14450E+3 3.17600E-1 6.14660E+3 1.96400E-4
6.15450E+3 3.17600E-1 6.15730E+3 1.96100E-4
6.16450E+3 3.17500E-1 6.16700E+3 1.96300E-4
6.17450E+3 3.17500E-1 6.17690E+3 1.96300E-4
6.18450E+3 3.17600E-1 6.18680E+3 1.96200E-4
6.19450E+3 3.17700E-1 6.19760E+3 1.96300E-4
6.20450E+3 3.17700E-1 6.20660E+3 1.96400E-4
6.21450E+3 3.17700E-1 6.21700E+3 1.96400E-4
6.22450E+3 3.17700E-1 6.22690E+3 1.96400E-4
6.23450E+3 3.17600E-1 6.23680E+3 1.96300E-4
6.24450E+3 3.17500E-1 6.24670E+3 1.96300E-4
6.25450E+3 3.17400E-1 6.25660E+3 1.96200E-4
6.26450E+3 3.17400E-1 6.26710E+3 1.96300E-4
6.27540E+3 3.17500E-1 6.27750E+3 1.96200E-4
6.28450E+3 3.17500E-1 6.28690E+3 1.96200E-4
6.29450E+3 3.17300E-1 6.29760E+3 1.96100E-4
6.30450E+3 3.17400E-1 6.30670E+3 1.96200E-4
6.31450E+3 3.17300E-1 6.31660E+3 1.96000E-4
6.32450E+3 3.17300E-1 6.32700E+3 1.96100E-4
6.33450E+3 3.17300E-1 6.33690E+3 1.96100E-4
6.34450E+3 3.17300E-1 6.34680E+3 1.96100E-4
6.35450E+3 3.17300E-1 6.35670E+3 1.96100E-4
6.36450E+3 3.17300E-1 6.36660E+3 1.96100E-4
6.37450E+3 3.17200E-1 6.37710E+3 1.96100E-4
6.38450E+3 3.17500E-1 6.38700E+3 1.96200E-4
6.39450E+3 3.17500E-1 6.39710E+3 1.96200E-4
6.40450E+3 3.17500E-1 6.40680E+3 1.96200E-4
6.41450E+3 3.17500E-1 6.41670E+3 1.96100E-4
6.42450E+3 3.17400E-1 6.42720E+3 1.96100E-4
6.43450E+3 3.17500E-1 6.43700E+3 1.95900E-4
6.44450E+3 3.17500E-1 6.44690E+3 1.96200E-4
6.45450E+3 3.17600E-1 6.45680E+3 1.96200E-4
6.46450E+3 3.17600E-1 6.46670E+3 1.96400E-4
6.47470E+3 3.17400E-1 6.47720E+3 1.96100E-4
6.48450E+3 3.17400E-1 6.48700E+3 1.96200E-4
6.49450E+3 3.17600E-1 6.49760E+3 1.96200E-4
6.50450E+3 3.17500E-1 6.50680E+3 1.96200E-4
6.51450E+3 3.17500E-1 6.51680E+3 1.96100E-4
6.52450E+3 3.17500E-1 6.52660E+3 1.96100E-4
6.53450E+3 3.17400E-1 6.53710E+3 1.96100E-4
6.54450E+3 3.17500E-1 6.54700E+3 1.96100E-4
6.55450E+3 3.17500E-1 6.55700E+3 1.96300E-4
6.56450E+3 3.17400E-1 6.56680E+3 1.95900E-4
6.57450E+3 3.17400E-1 6.57670E+3 1.96200E-4
6.58450E+3 3.17400E-1 6.58660E+3 1.96200E-4
6.59450E+3 3.17400E-1 6.59710E+3 1.96200E-4
6.60450E+3 3.17500E-1 6.60690E+3 1.96100E-4
6.61450E+3 3.17400E-1 6.61680E+3 1.96100E-4
6.62450E+3 3.17400E-1 6.62690E+3 1.96100E-4
6.63450E+3 3.17300E-1 6.63660E+3 1.95800E-4
6.64450E+3 3.17400E-1 6.64710E+3 1.96000E-4
6.65450E+3 3.17300E-1 6.65700E+3 1.96000E-4
6.66450E+3 3.17400E-1 6.66690E+3 1.96100E-4
6.67450E+3 3.17400E-1 6.67680E+3 1.96200E-4
6.68450E+3 3.17500E-1 6.68670E+3 1.96300E-4
6.69450E+3 3.17600E-1 6.69720E+3 1.96100E-4
6.70450E+3 3.17500E-1 6.70700E+3 1.96200E-4
6.71450E+3 3.17500E-1 6.71690E+3 1.96300E-4
6.72450E+3 3.17400E-1 6.72680E+3 1.96200E-4
6.73460E+3 3.17600E-1 6.73670E+3 1.96200E-4
6.74450E+3 3.17400E-1 6.74660E+3 1.96100E-4
6.75450E+3 3.17400E-1 6.75710E+3 1.95900E-4
6.76450E+3 3.17500E-1 6.76700E+3 1.96200E-4
6.77450E+3 3.17400E-1 6.77690E+3 1.96100E-4
6.78450E+3 3.17500E-1 6.78680E+3 1.96200E-4
6.79450E+3 3.17500E-1 6.79760E+3 1.96200E-4
6.80450E+3 3.17500E-1 6.80710E+3 1.96200E-4
6.81450E+3 3.17500E-1 6.81720E+3 1.96300E-4
6.82450E+3 3.17600E-1 6.82690E+3 1.96000E-4
6.83450E+3 3.17700E-1 6.83680E+3 1.96200E-4
6.84450E+3 3.17600E-1 6.84670E+3 1.96200E-4
6.85450E+3 3.17500E-1 6.85660E+3 1.96100E-4
6.86450E+3 3.17500E-1 6.86710E+3 1.96100E-4
6.87450E+3 3.17600E-1 6.87700E+3 1.96100E-4
6.88450E+3 3.17600E-1 6.88690E+3 1.96100E-4
6.89450E+3 3.17600E-1 6.89710E+3 1.96200E-4
6.90450E+3 3.17600E-1 6.90670E+3 1.96200E-4
6.91450E+3 3.17600E-1 6.91710E+3 1.96300E-4
6.92450E+3 3.17600E-1 6.92700E+3 1.96200E-4
6.93450E+3 3.17600E-1 6.93690E+3 1.96200E-4
6.94450E+3 3.17600E-1 6.94690E+3 1.96200E-4
6.95450E+3 3.17700E-1 6.95670E+3 1.95900E-4
6.96450E+3 3.17600E-1 6.96660E+3 1.96100E-4
6.97450E+3 3.17600E-1 6.97700E+3 1.96200E-4
6.98450E+3 3.17600E-1 6.98690E+3 1.96200E-4
6.99450E+3 3.17600E-1 6.99760E+3 1.96200E-4
7.00450E+3 3.17600E-1 7.00680E+3 1.96200E-4
7.01450E+3 3.17600E-1 7.01660E+3 1.96100E-4
7.02450E+3 3.17600E-1 7.02710E+3 1.96300E-4
7.03450E+3 3.17500E-1 7.03700E+3 1.96200E-4
7.04450E+3 3.17500E-1 7.04690E+3 1.96200E-4
7.05450E+3 3.17500E-1 7.05680E+3 1.96200E-4
7.06450E+3 3.17400E-1 7.06670E+3 1.96100E-4
7.07450E+3 3.17400E-1 7.07660E+3 1.96100E-4
7.08450E+3 3.17300E-1 7.08700E+3 1.96000E-4
7.09450E+3 3.17500E-1 7.09760E+3 1.96100E-4
7.10450E+3 3.17500E-1 7.10680E+3 1.96100E-4
7.11450E+3 3.17500E-1 7.11670E+3 1.96100E-4
7.12450E+3 3.17500E-1 7.12660E+3 1.96100E-4
7.13450E+3 3.17500E-1 7.13710E+3 1.96100E-4
7.14450E+3 3.17400E-1 7.14700E+3 1.96100E-4
7.15450E+3 3.17500E-1 7.15690E+3 1.96100E-4
7.16450E+3 3.17400E-1 7.16680E+3 1.96100E-4
7.17460E+3 3.17600E-1 7.17670E+3 1.96000E-4
7.18450E+3 3.17500E-1 7.18730E+3 1.96100E-4
7.19450E+3 3.17600E-1 7.19730E+3 1.95900E-4
7.20450E+3 3.17600E-1 7.20690E+3 1.96000E-4
7.21450E+3 3.17500E-1 7.21680E+3 1.96000E-4
7.22450E+3 3.17500E-1 7.22670E+3 1.96000E-4
7.23470E+3 3.17400E-1 7.23720E+3 1.96100E-4
7.24450E+3 3.17500E-1 7.24710E+3 1.96200E-4
7.25450E+3 3.17500E-1 7.25700E+3 1.96000E-4
7.26450E+3 3.17500E-1 7.26690E+3 1.96000E-4
7.27450E+3 3.17500E-1 7.27680E+3 1.96000E-4
7.28450E+3 3.17500E-1 7.28670E+3 1.96000E-4
7.29450E+3 3.17500E-1 7.29710E+3 1.95900E-4
7.30450E+3 3.17300E-1 7.30700E+3 1.95900E-4
7.31450E+3 3.17500E-1 7.31700E+3 1.95900E-4
7.32450E+3 3.17500E-1 7.32680E+3 1.95700E-4
7.33450E+3 3.17400E-1 7.33670E+3 1.95900E-4
7.34450E+3 3.17500E-1 7.34660E+3 1.96000E-4
7.35450E+3 3.17400E-1 7.35700E+3 1.96000E-4
7.36450E+3 3.17500E-1 7.36700E+3 1.96000E-4
7.37450E+3 3.17600E-1 7.37680E+3 1.96200E-4
7.38450E+3 3.17600E-1 7.38680E+3 1.96200E-4
7.39450E+3 3.17500E-1 7.39760E+3 1.96000E-4
7.40450E+3 3.17600E-1 7.40710E+3 1.96000E-4
7.41450E+3 3.17600E-1 7.41700E+3 1.96000E-4
7.42450E+3 3.17600E-1 7.42690E+3 1.95900E-4
7.43450E+3 3.17600E-1 7.43680E+3 1.96000E-4
7.44450E+3 3.17600E-1 7.44670E+3 1.96000E-4
7.45450E+3 3.17600E-1 7.45660E+3 1.95900E-4
7.46450E+3 3.17600E-1 7.46700E+3 1.96100E-4
7.47450E+3 3.17500E-1 7.47690E+3 1.96000E-4
7.48450E+3 3.17600E-1 7.48680E+3 1.96000E-4
7.49450E+3 3.17600E-1 7.49710E+3 1.96200E-4
7.50450E+3 3.17600E-1 7.50660E+3 1.96100E-4
7.51450E+3 3.17500E-1 7.51710E+3 1.95700E-4
7.52450E+3 3.17500E-1 7.52700E+3 1.96000E-4
7.53450E+3 3.17600E-1 7.53690E+3 1.96000E-4
7.54450E+3 3.17500E-1 7.54680E+3 1.96000E-4
7.55450E+3 3.17500E-1 7.55670E+3 1.95900E-4
7.56450E+3 3.17400E-1 7.56660E+3 1.95900E-4
7.57450E+3 3.17500E-1 7.57700E+3 1.95900E-4
7.58450E+3 3.17500E-1 7.58690E+3 1.96000E-4
7.59450E+3 3.17600E-1 7.59760E+3 1.96000E-4
7.60450E+3 3.17600E-1 7.60670E+3 1.96100E-4
7.61450E+3 3.17600E-1 7.61660E+3 1.96100E-4
7.62450E+3 3.17500E-1 7.62710E+3 1.96100E-4
7.63450E+3 3.17600E-1 7.63700E+3 1.96000E-4
7.64450E+3 3.17500E-1 7.64690E+3 1.95800E-4
7.65450E+3 3.17500E-1 7.65680E+3 1.96000E-4
7.66450E+3 3.17500E-1 7.66670E+3 1.96000E-4
7.67450E+3 3.17600E-1 7.67710E+3 1.96000E-4
7.68450E+3 3.17500E-1 7.68700E+3 1.96000E-4
7.69450E+3 3.17500E-1 7.69710E+3 1.96000E-4
7.70450E+3 3.17500E-1 7.70680E+3 1.95800E-4
7.71450E+3 3.17700E-1 7.71670E+3 1.96100E-4
7.72450E+3 3.17500E-1 7.72660E+3 1.96100E-4
7.73450E+3 3.17700E-1 7.73710E+3 1.96200E-4
7.74450E+3 3.17700E-1 7.74700E+3 1.96200E-4
7.75450E+3 3.17600E-1 7.75690E+3 1.96000E-4
7.76450E+3 3.17600E-1 7.76680E+3 1.96000E-4
7.77450E+3 3.17600E-1 7.77670E+3 1.95700E-4
7.78450E+3 3.17500E-1 7.78710E+3 1.95900E-4
7.79450E+3 3.17400E-1 7.79760E+3 1.95800E-4
7.80450E+3 3.17500E-1 7.80690E+3 1.95900E-4
7.81450E+3 3.17500E-1 7.81680E+3 1.96000E-4
7.82450E+3 3.17500E-1 7.82690E+3 1.95900E-4
7.83450E+3 3.17600E-1 7.83660E+3 1.95700E-4
7.84450E+3 3.17600E-1 7.84700E+3 1.96000E-4
7.85450E+3 3.17700E-1 7.85690E+3 1.96000E-4
7.86450E+3 3.17700E-1 7.86680E+3 1.96100E-4
7.87450E+3 3.17600E-1 7.87680E+3 1.96000E-4
7.88450E+3 3.17600E-1 7.88660E+3 1.96000E-4
7.89450E+3 3.17500E-1 7.89760E+3 1.95900E-4
7.90450E+3 3.17600E-1 7.90700E+3 1.96000E-4
7.91450E+3 3.17600E-1 7.91690E+3 1.96000E-4
7.92450E+3 3.17600E-1 7.92680E+3 1.96000E-4
7.93450E+3 3.17700E-1 7.93670E+3 1.96100E-4
7.94450E+3 3.17700E-1 7.94660E+3 1.96100E-4
7.95450E+3 3.17600E-1 7.95700E+3 1.95900E-4
7.96450E+3 3.17600E-1 7.96690E+3 1.96000E-4
7.97450E+3 3.17600E-1 7.97680E+3 1.96000E-4
7.98450E+3 3.17600E-1 7.98670E+3 1.96000E-4
7.99450E+3 3.17600E-1 7.99780E+3 1.95900E-4
8.00450E+3 3.17500E-1 8.00730E+3 1.96000E-4
8.01450E+3 3.17600E-1 8.01700E+3 1.95700E-4
8.02450E+3 3.17600E-1 8.02690E+3 1.95900E-4
8.03450E+3 3.17600E-1 8.03680E+3 1.96000E-4
8.04450E+3 3.17600E-1 8.04670E+3 1.95900E-4
8.05450E+3 3.17500E-1 8.05710E+3 1.95900E-4
8.06450E+3 3.17600E-1 8.06700E+3 1.96000E-4
8.07450E+3 3.17600E-1 8.07700E+3 1.96100E-4
8.08450E+3 3.17600E-1 8.08680E+3 1.96000E-4
8.09450E+3 3.17600E-1 8.09760E+3 1.96000E-4
8.10450E+3 3.17600E-1 8.10660E+3 1.96000E-4
8.11450E+3 3.17600E-1 8.11710E+3 1.96000E-4
8.12450E+3 3.17600E-1 8.12700E+3 1.95900E-4
8.13450E+3 3.17500E-1 8.13700E+3 1.95900E-4
8.14450E+3 3.17600E-1 8.14680E+3 1.95600E-4
8.15450E+3 3.17700E-1 8.15670E+3 1.96000E-4
8.16450E+3 3.17500E-1 8.16710E+3 1.95900E-4
8.17450E+3 3.17600E-1 8.17700E+3 1.96000E-4
8.18530E+3 3.17600E-1 8.18750E+3 1.96100E-4
8.19450E+3 3.17700E-1 8.19720E+3 1.96000E-4
8.21020E+3 3.17700E-1 8.21310E+3 1.95800E-4
8.21450E+3 3.17800E-1 8.21700E+3 1.95700E-4
8.22450E+3 3.17600E-1 8.22740E+3 1.95800E-4
8.23470E+3 3.17600E-1 8.24190E+3 1.95700E-4
8.74500E+3 3.14300E-1 8.74780E+3 1.98200E-4
9.24500E+3 3.14100E-1 9.24770E+3 1.98500E-4
9.74510E+3 3.14300E-1 9.74810E+3 1.99400E-4
1.02450E+4 3.14300E-1 1.02480E+4 1.98800E-4
1.07450E+4 3.14300E-1 1.07479E+4 1.99100E-4
1.12450E+4 3.14300E-1 1.12478E+4 1.98600E-4
1.17450E+4 3.14500E-1 1.17477E+4 1.99000E-4
1.22450E+4 3.14600E-1 1.22476E+4 1.99000E-4
1.27450E+4 3.14500E-1 1.27480E+4 1.99000E-4
1.32452E+4 3.14600E-1 1.32479E+4 1.99100E-4
1.37450E+4 3.14600E-1 1.37478E+4 1.99200E-4
1.42450E+4 3.14700E-1 1.42477E+4 1.99200E-4
1.47450E+4 3.14800E-1 1.47481E+4 1.99400E-4
1.52450E+4 3.14900E-1 1.52480E+4 1.99400E-4
1.57450E+4 3.14900E-1 1.57479E+4 1.99400E-4
1.62450E+4 3.15000E-1 1.62478E+4 1.99700E-4
1.67450E+4 3.15100E-1 1.67477E+4 1.99700E-4
1.72450E+4 3.15100E-1 1.72481E+4 1.99700E-4
1.77450E+4 3.15300E-1 1.77480E+4 1.99900E-4
1.82450E+4 3.15200E-1 1.82479E+4 1.99700E-4
1.87450E+4 3.15200E-1 1.87478E+4 1.99700E-4
1.92450E+4 3.15400E-1 1.92477E+4 2.00300E-4
1.97450E+4 3.15500E-1 1.97481E+4 2.00300E-4
2.02450E+4 3.15900E-1 2.02480E+4 2.00600E-4
2.07450E+4 3.15800E-1 2.07479E+4 2.00500E-4
2.12450E+4 3.15700E-1 2.12478E+4 2.00200E-4
2.17450E+4 3.15700E-1 2.17477E+4 2.00500E-4
2.22450E+4 3.15800E-1 2.22481E+4 2.00500E-4
2.27450E+4 3.15800E-1 2.27480E+4 2.00700E-4
2.32450E+4 3.15900E-1 2.32480E+4 2.00500E-4
2.37450E+4 3.15900E-1 2.37478E+4 2.00400E-4
2.42450E+4 3.15900E-1 2.42478E+4 2.00500E-4
