0.000E+0 0
1.000E-2 9.70144809E-13
2.000E-2 2.31794502E-12
3.000E-2 4.19004701E-12
4.000E-2 6.79792307E-12
5.000E-2 1.04331578E-11
6.000E-2 1.55010816E-11
7.000E-2 2.25686952E-11
8.000E-2 3.24254259E-11
9.000E-2 4.61744888E-11
1.000E-1 6.53593127E-11
1.100E-1 9.21390837E-11
1.200E-1 1.29542733E-10
1.300E-1 1.8182591E-10
1.400E-1 2.5497901E-10
1.500E-1 3.57449993E-10
1.600E-1 5.01174228E-10
1.700E-1 7.03041103E-10
1.800E-1 9.86984152E-10
1.900E-1 1.38696148E-9
2.000E-1 1.95117999E-9
2.100E-1 2.74822607E-9
2.200E-1 3.87563752E-9
2.300E-1 5.47219298E-9
2.400E-1 7.73562565E-9
2.500E-1 1.09476355E-8
2.600E-1 1.55096397E-8
2.700E-1 2.19939427E-8
2.800E-1 3.12166418E-8
2.900E-1 4.43417265E-8
3.000E-1 6.30296833E-8
3.100E-1 8.9649641E-8
3.200E-1 1.27582243E-7
3.300E-1 1.81652058E-7
3.400E-1 2.58744983E-7
3.500E-1 3.68689709E-7
3.600E-1 5.2551635E-7
3.700E-1 7.49253528E-7
3.800E-1 1.0684943E-6
3.900E-1 1.52405985E-6
4.000E-1 2.17423056E-6
4.100E-1 3.10221452E-6
4.200E-1 4.42681032E-6
4.300E-1 6.31762864E-6
4.400E-1 9.01681937E-6
4.500E-1 1.2870992E-5
