0.000E+0 0
1.000E-2 8.15154043E-15
2.000E-2 1.98468333E-14
3.000E-2 3.66412071E-14
4.000E-2 6.077134E-14
5.000E-2 9.54531401E-14
6.000E-2 1.45309913E-13
7.000E-2 2.16988095E-13
8.000E-2 3.20043291E-13
9.000E-2 4.68216354E-13
1.000E-1 6.8127302E-13
1.100E-1 9.8765889E-13
1.200E-1 1.42833553E-12
1.300E-1 2.0623293E-12
1.400E-1 2.97476582E-12
1.500E-1 4.28851341E-12
1.600E-1 6.18106814E-12
1.700E-1 8.90905187E-12
1.800E-1 1.28437674E-11
1.900E-1 1.85228123E-11
2.000E-1 2.6725013E-11
2.100E-1 3.85792271E-11
2.200E-1 5.57223319E-11
2.300E-1 8.05286507E-11
2.400E-1 1.16443141E-10
2.500E-1 1.68465304E-10
2.600E-1 2.43852038E-10
2.700E-1 3.5313856E-10
2.800E-1 5.11621379E-10
2.900E-1 7.41512567E-10
3.000E-1 1.07506928E-9
3.100E-1 1.55914014E-9
3.200E-1 2.26177027E-9
3.300E-1 3.28179698E-9
3.400E-1 4.76279096E-9
3.500E-1 6.91331069E-9
3.600E-1 1.00362855E-8
3.700E-1 1.45719252E-8
3.800E-1 2.11596217E-8
3.900E-1 3.07283244E-8
4.000E-1 4.4627619E-8
4.100E-1 6.48181915E-8
4.200E-1 9.41485762E-8
4.300E-1 1.36757049E-7
4.400E-1 1.98655493E-7
4.500E-1 2.88577242E-7
