0.000E+0 -0.259963211
1.000E-2 -0.259962393
2.000E-2 -0.25996157
3.000E-2 -0.259960742
4.000E-2 -0.25995991
5.000E-2 -0.259959072
6.000E-2 -0.259958227
7.000E-2 -0.259957376
8.000E-2 -0.259956517
9.000E-2 -0.259955649
1.000E-1 -0.259954769
1.100E-1 -0.259953874
1.200E-1 -0.259952958
1.300E-1 -0.259952017
1.400E-1 -0.259951038
1.500E-1 -0.259950007
1.600E-1 -0.259948902
1.700E-1 -0.25994769
1.800E-1 -0.259946323
1.900E-1 -0.25994473
2.000E-1 -0.259942806
2.100E-1 -0.259940395
2.200E-1 -0.259937268
2.300E-1 -0.259933084
2.400E-1 -0.259927342
2.500E-1 -0.259919296
2.600E-1 -0.259907845
2.700E-1 -0.259891358
2.800E-1 -0.259867422
2.900E-1 -0.259832462
3.000E-1 -0.259781189
3.100E-1 -0.259705768
3.200E-1 -0.259594603
3.300E-1 -0.259430521
3.400E-1 -0.259188097
3.500E-1 -0.258829681
3.600E-1 -0.25829953
3.700E-1 -0.257515097
3.800E-1 -0.256354157
3.900E-1 -0.254635722
4.000E-1 -0.252091796
4.100E-1 -0.248325545
4.200E-1 -0.242749355
4.300E-1 -0.234493133
4.400E-1 -0.222268521
4.500E-1 -0.204167885
4.600E-1 -0.177366749
4.700E-1 -0.137683383
4.800E-1 -0.0789271277
4.900E-1 0.00806555686
