0.000E+0 -0.107271158
1.000E-2 -0.107263268
2.000E-2 -0.107255292
3.000E-2 -0.107247215
4.000E-2 -0.107239013
5.000E-2 -0.107230653
6.000E-2 -0.107222095
7.000E-2 -0.107213275
8.000E-2 -0.107204112
9.000E-2 -0.10719449
1.000E-1 -0.107184249
1.100E-1 -0.107173169
1.200E-1 -0.107160942
1.300E-1 -0.107147139
1.400E-1 -0.107131161
1.500E-1 -0.107112169
1.600E-1 -0.107088975
1.700E-1 -0.107059903
1.800E-1 -0.107022575
1.900E-1 -0.106973596
2.000E-1 -0.10690812
2.100E-1 -0.106819197
2.200E-1 -0.106696849
2.300E-1 -0.106526714
2.400E-1 -0.106288094
2.500E-1 -0.105951125
2.600E-1 -0.105472661
2.700E-1 -0.104790329
2.800E-1 -0.10381388
2.900E-1 -0.102412654
3.000E-1 -0.100397393
3.100E-1 -0.0974938372
3.200E-1 -0.0933043955
3.300E-1 -0.0872525115
3.400E-1 -0.0785018971
3.500E-1 -0.0658392692
3.600E-1 -0.0475041206
3.700E-1 -0.0209415993
3.800E-1 0.0175561494
