0.000E+0 -0.0896118373
1.000E-2 -0.0896079646
2.000E-2 -0.0896040622
3.000E-2 -0.0896001256
4.000E-2 -0.0895961497
5.000E-2 -0.0895921271
6.000E-2 -0.0895880482
7.000E-2 -0.0895838988
8.000E-2 -0.0895796606
9.000E-2 -0.0895753078
1.000E-1 -0.0895708049
1.100E-1 -0.0895661022
1.200E-1 -0.0895611307
1.300E-1 -0.0895557926
1.400E-1 -0.0895499506
1.500E-1 -0.08954341
1.600E-1 -0.0895358941
1.700E-1 -0.0895270077
1.800E-1 -0.0895161861
1.900E-1 -0.0895026181
2.000E-1 -0.0894851382
2.100E-1 -0.0894620663
2.200E-1 -0.0894309776
2.300E-1 -0.0893883664
2.400E-1 -0.0893291576
2.500E-1 -0.0892459953
2.600E-1 -0.0891282064
2.700E-1 -0.0889602904
2.800E-1 -0.0887197188
2.900E-1 -0.0883737244
3.000E-1 -0.0878746193
3.100E-1 -0.0871529638
3.200E-1 -0.0861075968
3.300E-1 -0.0845910852
3.400E-1 -0.0823884809
3.500E-1 -0.0791863059
3.600E-1 -0.0745272635
3.700E-1 -0.0677440988
3.800E-1 -0.057863003
3.900E-1 -0.0434625282
4.000E-1 -0.0224675161
4.100E-1 0.00815189434
