0.000E+0 0
1.000E-2 1.69461962E-12
2.000E-2 4.08065935E-12
3.000E-2 7.44316257E-12
4.000E-2 1.2184621E-11
5.000E-2 1.88733484E-11
6.000E-2 2.8311791E-11
7.000E-2 4.16330115E-11
8.000E-2 6.04370063E-11
9.000E-2 8.69833752E-11
1.000E-1 1.24463738E-10
1.100E-1 1.77387142E-10
1.200E-1 2.52125583E-10
1.300E-1 3.57677816E-10
1.400E-1 5.06780752E-10
1.500E-1 7.17456523E-10
1.600E-1 1.01521695E-9
1.700E-1 1.43615797E-9
1.800E-1 2.03142065E-9
1.900E-1 2.87347157E-9
2.000E-1 4.06503122E-9
2.100E-1 5.75174984E-9
2.200E-1 8.14020358E-9
2.300E-1 1.15234459E-8
2.400E-1 1.63172858E-8
2.500E-1 2.31117959E-8
2.600E-1 3.27444461E-8
2.700E-1 4.64039359E-8
2.800E-1 6.57776055E-8
2.900E-1 9.32606948E-8
3.000E-1 1.32253356E-7
3.100E-1 1.87582122E-7
3.200E-1 2.66097783E-7
3.300E-1 3.77523093E-7
3.400E-1 5.35653858E-7
3.500E-1 7.60059025E-7
3.600E-1 1.07848361E-6
3.700E-1 1.53023812E-6
3.800E-1 2.17096538E-6
3.900E-1 3.07931656E-6
4.000E-1 4.36623299E-6
4.100E-1 6.18781353E-6
4.200E-1 8.76274043E-6
4.300E-1 1.23956908E-5
4.400E-1 1.75078271E-5
4.500E-1 2.46746033E-5
4.600E-1 3.46702163E-5
4.700E-1 4.85131309E-5
4.800E-1 6.75017148E-5
4.900E-1 9.32196408E-5
5.000E-1 0.000127477779
5.100E-1 0.000172154354
5.200E-1 0.000228886756
5.300E-1 0.000298605049
5.400E-1 0.000380933042
5.500E-1 0.00047362952
5.600E-1 0.000572468627
5.700E-1 0.000672113492
5.800E-1 0.000768046625
5.900E-1 0.000858481853
6.000E-1 0.000944950627
6.100E-1 0.0010315094
6.200E-1 0.00112363609
