0.000E+0 0
1.000E-2 4.23716784E-14
2.000E-2 1.0210781E-13
3.000E-2 1.86578572E-13
4.000E-2 3.06258451E-13
5.000E-2 4.76023978E-13
6.000E-2 7.16992808E-13
7.000E-2 1.05913236E-12
8.000E-2 1.54496567E-12
9.000E-2 2.23484702E-12
1.000E-1 3.21449241E-12
1.100E-1 4.60576224E-12
1.200E-1 6.5821526E-12
1.300E-1 9.39112708E-12
1.400E-1 1.33864104E-11
1.500E-1 1.90748141E-11
1.600E-1 2.71842758E-11
1.700E-1 3.87628776E-11
1.800E-1 5.53230903E-11
1.900E-1 7.90520402E-11
2.000E-1 1.13118136E-10
2.100E-1 1.62118339E-10
2.200E-1 2.32730739E-10
2.300E-1 3.34666871E-10
2.400E-1 4.82061748E-10
2.500E-1 6.95503206E-10
2.600E-1 1.00499515E-9
2.700E-1 1.45428525E-9
2.800E-1 2.10718616E-9
2.900E-1 3.05680983E-9
3.000E-1 4.4390586E-9
3.100E-1 6.45233731E-9
3.200E-1 9.386356E-9
3.300E-1 1.36642184E-8
3.400E-1 1.99039254E-8
3.500E-1 2.90082497E-8
3.600E-1 4.22960665E-8
3.700E-1 6.16942504E-8
3.800E-1 9.00180409E-8
3.900E-1 1.31380592E-7
4.000E-1 1.91791069E-7
4.100E-1 2.80027752E-7
4.200E-1 4.08912816E-7
4.300E-1 5.97161451E-7
4.400E-1 8.72062557E-7
4.500E-1 1.27359818E-6
