0.000E+0 0
1.000E-2 1.27492672E-12
2.000E-2 3.08855074E-12
3.000E-2 5.66951687E-12
4.000E-2 9.3434905E-12
5.000E-2 1.45743157E-11
6.000E-2 2.20226335E-11
7.000E-2 3.26293784E-11
8.000E-2 4.77347158E-11
9.000E-2 6.92475034E-11
1.000E-1 9.98867464E-11
1.100E-1 1.4352575E-10
1.200E-1 2.05682718E-10
1.300E-1 2.94220306E-10
1.400E-1 4.20343287E-10
1.500E-1 6.00021825E-10
1.600E-1 8.56022127E-10
1.700E-1 1.22080411E-9
1.800E-1 1.74065673E-9
1.900E-1 2.4815995E-9
2.000E-1 3.53780443E-9
2.100E-1 5.04361305E-9
2.200E-1 7.19067996E-9
2.300E-1 1.02524217E-8
2.400E-1 1.46188675E-8
2.500E-1 2.08463036E-8
2.600E-1 2.97279199E-8
2.700E-1 4.23941993E-8
2.800E-1 6.04552796E-8
2.900E-1 8.62022322E-8
3.000E-1 1.22890421E-7
3.100E-1 1.7513593E-7
3.200E-1 2.49465144E-7
3.300E-1 3.55066534E-7
3.400E-1 5.04798354E-7
3.500E-1 7.16499142E-7
3.600E-1 1.01460909E-6
3.700E-1 1.43201483E-6
3.800E-1 2.01182337E-6
3.900E-1 2.80840522E-6
4.000E-1 3.8864342E-6
4.100E-1 5.3161946E-6
4.200E-1 7.1626357E-6
4.300E-1 9.46754363E-6
4.400E-1 1.22266703E-5
4.500E-1 1.53707702E-5
4.600E-1 1.87636937E-5
4.700E-1 2.22285752E-5
4.800E-1 2.55969959E-5
4.900E-1 2.87594154E-5
5.000E-1 3.16919951E-5
5.100E-1 3.44530957E-5
5.200E-1 3.7160273E-5
5.300E-1 3.99636106E-5
5.400E-1 4.3024207E-5
5.500E-1 4.65017753E-5
5.600E-1 5.05490545E-5
5.700E-1 5.53110707E-5
5.800E-1 6.09287904E-5
5.900E-1 6.75406224E-5
6.000E-1 7.52851422E-5
6.100E-1 8.42997892E-5
6.200E-1 9.47185645E-5
