0.000E+0 0
1.000E-2 3.04915266E-13
2.000E-2 7.27618135E-13
3.000E-2 1.31444891E-12
4.000E-2 2.12999397E-12
5.000E-2 3.26428787E-12
6.000E-2 4.84287473E-12
7.000E-2 7.04087477E-12
8.000E-2 1.0102666E-11
9.000E-2 1.43694449E-11
1.000E-1 2.03178503E-11
1.100E-1 2.86141274E-11
1.200E-1 4.01901295E-11
1.300E-1 5.63500128E-11
1.400E-1 7.89200675E-11
1.500E-1 1.10459181E-10
1.600E-1 1.54554507E-10
1.700E-1 2.16236901E-10
1.800E-1 3.02564634E-10
1.900E-1 4.23443646E-10
2.000E-1 5.92780204E-10
2.100E-1 8.30100769E-10
2.200E-1 1.16282853E-9
2.300E-1 1.62948297E-9
2.400E-1 2.28417684E-9
2.500E-1 3.20293695E-9
2.600E-1 4.49258863E-9
2.700E-1 6.30324398E-9
2.800E-1 8.84585625E-9
2.900E-1 1.24168958E-8
3.000E-1 1.74330366E-8
3.100E-1 2.44799161E-8
3.200E-1 3.43806757E-8
3.300E-1 4.8292308E-8
3.400E-1 6.78410862E-8
3.500E-1 9.53129234E-8
3.600E-1 1.33920925E-7
3.700E-1 1.88186674E-7
3.800E-1 2.64440504E-7
3.900E-1 3.71622863E-7
4.000E-1 5.2226563E-7
4.100E-1 7.33987867E-7
4.200E-1 1.03154389E-6
4.300E-1 1.44970456E-6
4.400E-1 2.03736548E-6
4.500E-1 2.86283471E-6
