0.000E+0 -34.3355192
1.000E-2 -34.3349654
2.000E-2 -34.3343899
3.000E-2 -34.3338102
4.000E-2 -34.333226
5.000E-2 -34.3326371
6.000E-2 -34.3320435
7.000E-2 -34.3314449
8.000E-2 -34.3308412
9.000E-2 -34.3302324
1.000E-1 -34.3296179
1.100E-1 -34.328998
1.200E-1 -34.3283719
1.300E-1 -34.3277396
1.400E-1 -34.3271008
1.500E-1 -34.326455
1.600E-1 -34.3258018
1.700E-1 -34.3251404
1.800E-1 -34.3244698
1.900E-1 -34.323789
2.000E-1 -34.3230962
2.100E-1 -34.3223893
2.200E-1 -34.3216649
2.300E-1 -34.3209182
2.400E-1 -34.3201428
2.500E-1 -34.319329
2.600E-1 -34.3184628
2.700E-1 -34.3175243
2.800E-1 -34.3164841
2.900E-1 -34.3152997
3.000E-1 -34.3139092
3.100E-1 -34.3122222
3.200E-1 -34.3101069
3.300E-1 -34.3073706
3.400E-1 -34.3037327
3.500E-1 -34.2987824
3.600E-1 -34.2919206
3.700E-1 -34.2822714
3.800E-1 -34.2685551
3.900E-1 -34.2489027
4.000E-1 -34.2205829
4.100E-1 -34.1796066
4.200E-1 -34.1201472
4.300E-1 -34.0336405
4.400E-1 -33.9077914
4.500E-1 -33.7244415
4.600E-1 -33.4572234
4.700E-1 -33.0678006
4.800E-1 -32.5005478
4.900E-1 -31.6750381
5.000E-1 -30.4755489
5.100E-1 -28.7367522
5.200E-1 -26.2248261
5.300E-1 -22.6137847
5.400E-1 -17.4582325
5.500E-1 -10.1663899
5.600E-1 0.0187822257
