0.000E+0 0
1.000E-2 1.45024632E-13
2.000E-2 3.51215475E-13
3.000E-2 6.4446712E-13
4.000E-2 1.06163038E-12
5.000E-2 1.65514509E-12
6.000E-2 2.49928252E-12
7.000E-2 3.70012752E-12
8.000E-2 5.40940199E-12
9.000E-2 7.84129236E-12
1.000E-1 1.13022629E-11
1.100E-1 1.62275296E-11
1.200E-1 2.32367752E-11
1.300E-1 3.32127277E-11
1.400E-1 4.74123454E-11
1.500E-1 6.76264041E-11
1.600E-1 9.6406773E-11
1.700E-1 1.37390877E-10
1.800E-1 1.95764862E-10
1.900E-1 2.7892482E-10
2.000E-1 3.97420842E-10
2.100E-1 5.6630496E-10
2.200E-1 8.07055779E-10
2.300E-1 1.15032661E-9
2.400E-1 1.63986954E-9
2.500E-1 2.33813915E-9
2.600E-1 3.3342932E-9
2.700E-1 4.75561878E-9
2.800E-1 6.78384916E-9
2.900E-1 9.67846312E-9
3.000E-1 1.38099586E-8
3.100E-1 1.97073707E-8
3.200E-1 2.81261283E-8
3.300E-1 4.01449627E-8
3.400E-1 5.73042997E-8
3.500E-1 8.18038988E-8
3.600E-1 1.16785102E-7
3.700E-1 1.66733916E-7
3.800E-1 2.38056649E-7
3.900E-1 3.39901969E-7
4.000E-1 4.85334874E-7
4.100E-1 6.93013148E-7
4.200E-1 9.89581342E-7
4.300E-1 1.41308937E-6
4.400E-1 2.01787347E-6
4.500E-1 2.88152529E-6
4.600E-1 4.11491261E-6
4.700E-1 5.87601781E-6
4.800E-1 8.3910704E-6
4.900E-1 1.19821979E-5
5.000E-1 1.71094129E-5
5.100E-1 2.44303166E-5
5.200E-1 3.4881044E-5
5.300E-1 4.97973953E-5
5.400E-1 7.10795433E-5
5.500E-1 0.000101439348
5.600E-1 0.000144718546
5.700E-1 0.000206376352
5.800E-1 0.000294112233
5.900E-1 0.000418790949
6.000E-1 0.000595586471
6.100E-1 0.000845549329
6.200E-1 0.00119752622
