-9.0068820E-2 -2.0231870E-4
-5.9984210E-2 -2.0067750E-4
-3.0001640E-2 -1.9905380E-4
-4.4792890E-5 -1.9730260E-4
1.0313840E-2 -1.9709950E-4
2.0188360E-2 -1.9595130E-4
3.0008790E-2 -1.9544690E-4
3.9983750E-2 -1.9472200E-4
4.9993520E-2 -1.9392760E-4
5.9979920E-2 -1.9325480E-4
7.0012090E-2 -1.9240240E-4
8.0021860E-2 -1.9163110E-4
8.9973930E-2 -1.9073230E-4
9.9960800E-2 -1.8977540E-4
1.0998150E-1 -1.8859820E-4
1.2016200E-1 -1.8739200E-4
1.2979510E-1 -1.8556530E-4
1.4005520E-1 -1.8375610E-4
1.4999630E-1 -1.8135530E-4
1.5990300E-1 -1.7869360E-4
1.6998100E-1 -1.7525480E-4
1.7991070E-1 -1.7125350E-4
1.9019370E-1 -1.6536170E-4
1.9983820E-1 -1.5773600E-4
2.1013260E-1 -1.4763410E-4
2.1995120E-1 -1.3428480E-4
2.2986940E-1 -1.1894060E-4
2.3989010E-1 -9.4723360E-5
2.4988840E-1 -6.0535730E-5
2.5980660E-1 -1.7303930E-5
2.7011250E-1 4.9661870E-5
2.7996210E-1 1.2044400E-4
2.8992610E-1 2.3783510E-4
2.9993580E-1 3.8971360E-4
3.0997940E-1 6.1895190E-4
3.1994300E-1 8.7989960E-4
3.2995270E-1 1.2319780E-3
3.3991670E-1 1.7100650E-3
3.4997180E-1 2.3689530E-3
3.5994670E-1 3.1125060E-3
3.6988780E-1 4.0611440E-3
3.7994290E-1 5.1051680E-3
3.8992980E-1 6.5416860E-3
3.9996190E-1 8.1075470E-3
4.0997120E-1 1.0093830E-2
4.1992380E-1 1.1891450E-2
4.3007040E-1 1.4265550E-2
4.3984030E-1 1.6544070E-2
4.4995210E-1 1.9046780E-2
4.5995040E-1 2.1464910E-2
4.6998260E-1 2.4467010E-2
4.7998090E-1 2.7390900E-2
4.9000170E-1 3.0797960E-2
