-9.0046410E-2 -4.1877370E-6
-6.0018060E-2 -2.8470890E-6
-3.0024530E-2 -1.3690590E-6
2.3671980E-4 -1.6500170E-8
9.4857510E-3 4.5743040E-7
2.0127090E-2 9.6761850E-7
3.0020240E-2 1.4780960E-6
3.9927010E-2 2.0347220E-6
4.9982070E-2 2.5965470E-6
5.9968470E-2 3.1718770E-6
6.9943900E-2 3.7629910E-6
8.0021860E-2 4.4543990E-6
9.0008260E-2 5.1591230E-6
1.0001750E-1 6.0636080E-6
1.0998150E-1 6.9216260E-6
1.1996790E-1 7.9868240E-6
1.2995480E-1 9.0934830E-6
1.3997550E-1 1.0831880E-5
1.4998480E-1 1.2731080E-5
1.5997170E-1 1.4902830E-5
1.7000390E-1 1.8167700E-5
1.7997880E-1 2.2167330E-5
1.8997720E-1 2.8206470E-5
1.9991830E-1 3.4883530E-5
2.0997290E-1 4.4502430E-5
2.1997310E-1 5.6283840E-5
2.2996000E-1 7.4013920E-5
2.3977570E-1 9.7442740E-5
2.4994470E-1 1.3176400E-4
2.5988580E-1 1.6978270E-4
2.6991800E-1 2.3215780E-4
2.7987050E-1 3.1148940E-4
2.8999420E-1 4.3426800E-4
2.9993530E-1 5.7827680E-4
3.1009290E-1 7.8467260E-4
3.1998830E-1 1.0320560E-3
3.2998660E-1 1.4364830E-3
3.3992770E-1 1.8622390E-3
3.4998270E-1 2.4617300E-3
3.5990100E-1 3.0851530E-3
3.6991020E-1 4.0062090E-3
3.7988570E-1 5.0282680E-3
3.8996360E-1 6.3855110E-3
3.9992710E-1 7.7308730E-3
4.1005090E-1 9.3188120E-3
4.1994620E-1 1.1043890E-2
4.2998980E-1 1.2997980E-2
4.3990800E-1 1.4765520E-2
4.4996310E-1 1.7047510E-2
4.5992710E-1 1.9298210E-2
4.6999360E-1 2.1908690E-2
4.7999190E-1 2.4301900E-2
4.9004700E-1 2.6900200E-2
5.0001050E-1 2.9434200E-2
5.0997450E-1 3.2198770E-2
