0.000E+0 0
1.000E-2 1.20414539E-12
2.000E-2 2.90241998E-12
3.000E-2 5.30049648E-12
4.000E-2 8.68911846E-12
5.000E-2 1.34808621E-11
6.000E-2 2.02597569E-11
7.000E-2 2.9852199E-11
8.000E-2 4.34289669E-11
9.000E-2 6.26487127E-11
1.000E-1 8.98620888E-11
1.100E-1 1.28401903E-10
1.200E-1 1.82995896E-10
1.300E-1 2.60354401E-10
1.400E-1 3.70007539E-10
1.500E-1 5.25498549E-10
1.600E-1 7.46085463E-10
1.700E-1 1.0591684E-9
1.800E-1 1.5037526E-9
1.900E-1 2.13538983E-9
2.000E-1 3.03322982E-9
2.100E-1 4.31008363E-9
2.200E-1 6.12678596E-9
2.300E-1 8.71269389E-9
2.400E-1 1.23949452E-8
2.500E-1 1.764022E-8
2.600E-1 2.51143505E-8
2.700E-1 3.5767405E-8
2.800E-1 5.09551293E-8
2.900E-1 7.26122671E-8
3.000E-1 1.03499896E-7
3.100E-1 1.47558315E-7
3.200E-1 2.10410402E-7
3.300E-1 3.00079296E-7
3.400E-1 4.28011121E-7
3.500E-1 6.10531227E-7
3.600E-1 8.70915518E-7
3.700E-1 1.24233235E-6
3.800E-1 1.77201292E-6
3.900E-1 2.52714846E-6
4.000E-1 3.60320761E-6
4.100E-1 5.13562304E-6
4.200E-1 7.31617188E-6
4.300E-1 1.04158756E-5
4.400E-1 1.4816965E-5
4.500E-1 2.10575115E-5
