-9.0100290E-2 -4.1572370E-6
-5.9936520E-2 -2.8170740E-6
-2.9977800E-2 -1.3982410E-6
-6.8366530E-5 1.8718050E-8
9.9848810E-3 5.1803040E-7
1.9847300E-2 1.0109470E-6
3.0212880E-2 1.5068290E-6
3.9891240E-2 2.1258800E-6
5.0094130E-2 2.5517690E-6
5.9829710E-2 3.2208410E-6
6.9952960E-2 3.7838530E-6
7.9984660E-2 4.5390770E-6
8.9948180E-2 5.2413670E-6
1.0008290E-1 6.0938420E-6
1.0997770E-1 6.9589930E-6
1.2007810E-1 8.0722730E-6
1.2990470E-1 9.3816360E-6
1.3999370E-1 1.0901120E-5
1.5000300E-1 1.2944070E-5
1.5993210E-1 1.5406850E-5
1.6998670E-1 1.8879800E-5
1.8001840E-1 2.3023110E-5
1.9001630E-1 2.8594670E-5
1.9992300E-1 3.5810210E-5
2.0996620E-1 4.5790670E-5
2.2001220E-1 6.0910690E-5
2.2995280E-1 7.8027820E-5
2.4001880E-1 1.0378880E-4
2.4997140E-1 1.3581310E-4
2.5995780E-1 1.8723190E-4
2.7000090E-1 2.4718120E-4
2.7990720E-1 3.3437340E-4
2.8990510E-1 4.3479310E-4
2.9992580E-1 6.0226560E-4
3.0994650E-1 8.0869510E-4
3.1994390E-1 1.1042780E-3
3.2994170E-1 1.4470410E-3
3.3993960E-1 1.9346720E-3
3.4998270E-1 2.5382000E-3
3.6000350E-1 3.3735190E-3
3.6994410E-1 4.2305680E-3
3.7996480E-1 5.3359250E-3
3.8989400E-1 6.4310820E-3
3.9991470E-1 7.9797390E-3
4.0999220E-1 9.5639190E-3
4.1994430E-1 1.1406780E-2
4.3004470E-1 1.3343420E-2
4.3996290E-1 1.5697170E-2
4.4998310E-1 1.7771110E-2
4.5993570E-1 2.0177570E-2
4.6997880E-1 2.2322190E-2
4.7997670E-1 2.5101160E-2
4.9000840E-1 2.7711540E-2
4.9993800E-1 3.0838090E-2
