-9.9998260E-1 -4.8973470E-6
-9.8001170E-1 -4.7649830E-6
-9.5999840E-1 -4.6270910E-6
-9.3999510E-1 -4.4793400E-6
-9.2001940E-1 -4.3367070E-6
-9.0000940E-1 -4.1990130E-6
-8.8000460E-1 -4.0621630E-6
-8.5999420E-1 -3.9339280E-6
-8.4001520E-1 -3.7974910E-6
-8.2000950E-1 -3.6704810E-6
-7.9999760E-1 -3.5438620E-6
-7.7999090E-1 -3.4189690E-6
-7.6001860E-1 -3.2881360E-6
-7.4000760E-1 -3.1686120E-6
-7.2000100E-1 -3.0531340E-6
-6.9999240E-1 -2.9293440E-6
-6.8001150E-1 -2.8154080E-6
-6.6000820E-1 -2.6958570E-6
-6.3999820E-1 -2.5826160E-6
-6.2002060E-1 -2.4720480E-6
-6.0001680E-1 -2.3613030E-6
-5.8000400E-1 -2.2580170E-6
-5.5999970E-1 -2.1496800E-6
-5.4002070E-1 -2.0442290E-6
-5.2000740E-1 -1.9406420E-6
-5.0000550E-1 -1.8431730E-6
-4.7999260E-1 -1.7442430E-6
-4.6001580E-1 -1.6462380E-6
-4.4000910E-1 -1.5486130E-6
-4.1999580E-1 -1.4542980E-6
-3.9999150E-1 -1.3640490E-6
-3.8001350E-1 -1.2761540E-6
-3.6000440E-1 -1.1909690E-6
-3.3999660E-1 -1.1063180E-6
-3.2001070E-1 -1.0053850E-6
-2.9999830E-1 -9.2573350E-7
-2.7999380E-1 -8.4689420E-7
-2.5998020E-1 -7.7009640E-7
-2.4000600E-1 -6.9500630E-7
-2.1999980E-1 -6.2091360E-7
-1.9998720E-1 -5.4993530E-7
-1.7998790E-1 -4.8090310E-7
-1.5999390E-1 -4.1331490E-7
-1.3999300E-1 -3.4819940E-7
-1.1999800E-1 -2.8705340E-7
-9.9997040E-2 -2.2837050E-7
-8.0000640E-2 -1.7556680E-7
-6.0000420E-2 -1.2535950E-7
-3.9968970E-2 -7.1912980E-8
-2.0007640E-2 -3.2144480E-8
-3.6358830E-6 -4.8268590E-10
1.0001330E-2 2.6474850E-8
2.0018130E-2 5.3140750E-8
2.9947520E-2 7.9417260E-8
3.9990900E-2 1.0509470E-7
4.9988510E-2 1.3194460E-7
5.9985160E-2 1.5742660E-7
6.9986100E-2 1.8538260E-7
7.9982040E-2 2.1239840E-7
8.9981790E-2 2.4215910E-7
9.9980590E-2 2.7256280E-7
1.0998080E-1 3.0537190E-7
1.1997560E-1 3.4100450E-7
1.2997840E-1 3.7885890E-7
1.3997550E-1 4.2189740E-7
1.4997270E-1 4.6759040E-7
1.5997510E-1 5.2034330E-7
1.6997170E-1 5.7766320E-7
1.7997220E-1 6.4322300E-7
1.8996880E-1 7.1657540E-7
1.9996860E-1 7.9934320E-7
2.0996450E-1 8.9408410E-7
2.1997310E-1 1.0010200E-6
2.2997780E-1 1.1217450E-6
2.3999210E-1 1.2595480E-6
2.4997970E-1 1.4158120E-6
2.6000050E-1 1.5942700E-6
2.6998970E-1 1.7949440E-6
2.7997660E-1 2.0224020E-6
2.8999850E-1 2.2817910E-6
2.9997990E-1 2.5737320E-6
3.0999920E-1 2.9055120E-6
3.1999020E-1 3.2784680E-6
3.2997560E-1 3.6970500E-6
3.3999540E-1 4.1694580E-6
3.4997680E-1 4.6961790E-6
3.5999850E-1 5.2832780E-6
3.6998510E-1 5.9323580E-6
3.7997220E-1 6.6512240E-6
3.8999100E-1 7.4459760E-6
3.9997860E-1 8.3122310E-6
4.0995720E-1 9.2543770E-6
4.1997720E-1 1.0276620E-5
4.2998390E-1 1.1312310E-5
4.4000430E-1 1.2487270E-5
4.4999120E-1 1.3719500E-5
4.5997450E-1 1.5010500E-5
4.6999450E-1 1.6355510E-5
4.7998380E-1 1.7756320E-5
4.9000500E-1 1.9183250E-5
4.9999170E-1 2.0639130E-5
5.0997590E-1 2.2096860E-5
5.1999500E-1 2.3557110E-5
5.2998140E-1 2.4997110E-5
5.4000380E-1 2.6407080E-5
5.4998990E-1 2.7789780E-5
5.5997870E-1 2.9118630E-5
5.6999250E-1 3.0439380E-5
5.7998180E-1 3.1709120E-5
5.9000710E-1 3.2972910E-5
5.9998970E-1 3.4274140E-5
6.0997820E-1 3.5609000E-5
6.1999300E-1 3.7001010E-5
6.2998270E-1 3.8421000E-5
6.4000250E-1 3.9813680E-5
6.4999180E-1 4.1179450E-5
6.5997650E-1 4.2467970E-5
6.6999890E-1 4.3711100E-5
6.7997810E-1 4.4954200E-5
6.9000080E-1 4.6229350E-5
6.9998790E-1 4.7545040E-5
7.0997710E-1 4.8894330E-5
7.1999530E-1 5.0374580E-5
7.2997780E-1 5.1966320E-5
7.3999760E-1 5.3671950E-5
7.4998710E-1 5.5530180E-5
7.5997380E-1 5.7536560E-5
7.6999380E-1 5.9680710E-5
7.7997850E-1 6.1998770E-5
7.8999830E-1 6.4502880E-5
7.9998020E-1 6.7208520E-5
8.0997010E-1 7.0200720E-5
8.1998920E-1 7.3390560E-5
8.2997610E-1 7.6840190E-5
8.3995840E-1 8.0579000E-5
8.4997820E-1 8.4677670E-5
8.5996910E-1 8.9092600E-5
8.6998410E-1 9.3830440E-5
8.7997170E-1 9.9039240E-5
8.8995220E-1 1.0474070E-4
8.9999650E-1 1.1018700E-4
9.0998700E-1 1.1700640E-4
9.2000720E-1 1.2441130E-4
9.2999050E-1 1.3243380E-4
9.3997980E-1 1.4129070E-4
9.4999100E-1 1.5100210E-4
9.5997880E-1 1.6153870E-4
9.7000170E-1 1.7306390E-4
9.7999070E-1 1.8592120E-4
9.8997310E-1 1.9994340E-4
9.9999050E-1 2.1538300E-4
