0.000E+0 -0.136922868
1.000E-2 -0.136893209
2.000E-2 -0.136862531
3.000E-2 -0.136830504
4.000E-2 -0.136796666
5.000E-2 -0.136760373
6.000E-2 -0.136720725
7.000E-2 -0.136676462
8.000E-2 -0.136625823
9.000E-2 -0.136566339
1.000E-1 -0.13649455
1.100E-1 -0.136405601
1.200E-1 -0.136292668
1.300E-1 -0.136146149
1.400E-1 -0.135952504
1.500E-1 -0.135692615
1.600E-1 -0.135339426
1.700E-1 -0.134854592
1.800E-1 -0.134183663
1.900E-1 -0.133249218
2.000E-1 -0.131941013
2.100E-1 -0.130101904
2.200E-1 -0.127507673
2.300E-1 -0.123838175
2.400E-1 -0.118636035
2.500E-1 -0.111247575
2.600E-1 -0.100738369
2.700E-1 -0.085772657
2.800E-1 -0.0644414176
2.900E-1 -0.0340178127
3.000E-1 0.00938950765
