-9.0065480E-2 -4.0994510E-6
-5.9947490E-2 -2.8257360E-6
-3.0000690E-2 -1.4038070E-6
9.3877320E-6 6.9305340E-9
9.8670130E-3 4.5350290E-7
2.0213450E-2 9.7437010E-7
2.9905320E-2 1.5165790E-6
4.0085320E-2 1.9647140E-6
4.9991610E-2 2.5481350E-6
6.0069080E-2 3.0785560E-6
6.9849970E-2 3.7452770E-6
8.0121520E-2 4.3584300E-6
8.9948180E-2 5.0554520E-6
1.0011670E-1 5.8182140E-6
1.0995440E-1 6.6715060E-6
1.1998650E-1 7.7014760E-6
1.2992720E-1 8.8913280E-6
1.3998170E-1 1.0349530E-5
1.5000200E-1 1.2084570E-5
1.6002230E-1 1.4431350E-5
1.6995140E-1 1.7308750E-5
1.7999460E-1 2.1028110E-5
1.8998100E-1 2.5911310E-5
2.0003560E-1 3.2518510E-5
2.0997620E-1 4.1841300E-5
2.2002170E-1 5.3596680E-5
2.2999670E-1 7.0204550E-5
2.3988010E-1 8.9518170E-5
2.4993520E-1 1.2353570E-4
2.5998970E-1 1.6200540E-4
2.6995330E-1 2.1739050E-4
2.7993920E-1 2.8316680E-4
2.9009680E-1 3.8735500E-4
2.9998020E-1 5.1834550E-4
3.0998950E-1 7.1490370E-4
3.1998680E-1 9.3285970E-4
3.2996180E-1 1.2184850E-3
3.3995960E-1 1.5885380E-3
3.5000280E-1 2.0893200E-3
3.5996630E-1 2.6116000E-3
3.6990690E-1 3.2646670E-3
3.7997290E-1 3.9323360E-3
3.8987970E-1 4.8281460E-3
3.9995720E-1 5.7523490E-3
4.1004610E-1 6.8943200E-3
4.1983840E-1 7.9370850E-3
4.3002990E-1 9.1440140E-3
4.3990230E-1 1.0250340E-2
4.5000220E-1 1.1679530E-2
4.5989750E-1 1.2901870E-2
4.6997500E-1 1.4399380E-2
4.8001810E-1 1.5832020E-2
4.9001600E-1 1.7496360E-2
4.9997950E-1 1.8937110E-2
5.0997690E-1 2.0531370E-2
5.2000900E-1 2.1952410E-2
5.2992680E-1 2.3649780E-2
5.4000430E-1 2.5259110E-2
5.5004740E-1 2.7068290E-2
5.6001090E-1 2.8692660E-2
5.7004260E-1 3.0408580E-2
