-9.0031150E-2 -1.3282990E-3
-5.9890270E-2 -9.5329080E-4
-3.0034540E-2 -5.8392130E-4
5.8412550E-6 -2.0896170E-4
1.0280430E-2 -7.8335000E-5
1.9971970E-2 3.9667300E-5
3.0019280E-2 1.6507300E-4
4.0017130E-2 2.8939480E-4
5.0025940E-2 4.1524760E-4
6.0000900E-2 5.4121620E-4
7.0009710E-2 6.6794460E-4
8.0007550E-2 7.9325800E-4
8.9993480E-2 9.1884960E-4
1.0002520E-1 1.0445400E-3
1.1000010E-1 1.1735760E-3
1.2004330E-1 1.3005980E-3
1.2999530E-1 1.4283140E-3
1.4001560E-1 1.5560300E-3
1.5001340E-1 1.6859470E-3
1.5999940E-1 1.8171980E-3
1.7000870E-1 1.9503610E-3
1.7998360E-1 2.0829460E-3
1.9000390E-1 2.2177880E-3
1.9997880E-1 2.3546030E-3
2.0999910E-1 2.4965740E-3
2.1998740E-1 2.6426020E-3
2.2995090E-1 2.7928020E-3
2.3997160E-1 2.9496070E-3
2.4993520E-1 3.1137130E-3
2.5994400E-1 3.2903960E-3
2.6998710E-1 3.4820870E-3
2.7998500E-1 3.6924350E-3
2.8995990E-1 3.9241090E-3
2.9998020E-1 4.1866690E-3
3.0997800E-1 4.4859670E-3
3.1996440E-1 4.8401990E-3
3.2997320E-1 5.2549300E-3
3.3999400E-1 5.7495680E-3
3.4995750E-1 6.3337370E-3
3.5998920E-1 7.0318880E-3
3.6992980E-1 7.8677220E-3
3.7999580E-1 8.8848730E-3
3.8995930E-1 1.0096440E-2
3.9997960E-1 1.1535870E-2
4.0998890E-1 1.3272630E-2
4.1995240E-1 1.5348290E-2
4.2999550E-1 1.7803400E-2
4.3998190E-1 2.0711530E-2
4.4999070E-1 2.4154930E-2
4.5996570E-1 2.8254700E-2
4.7000930E-1 3.3018930E-2
