-9.0079780E-2 -4.1255770E-6
-5.9972290E-2 -2.8323590E-6
-2.9967310E-2 -1.3878140E-6
-6.1959030E-4 -1.5386490E-8
1.0092320E-2 4.8846190E-7
2.0009160E-2 9.7715630E-7
2.9963020E-2 1.4357360E-6
4.0063380E-2 1.9677590E-6
5.0015930E-2 2.4970580E-6
5.9957030E-2 3.0236930E-6
7.0000170E-2 3.6316030E-6
8.0043790E-2 4.2419850E-6
9.0007780E-2 5.0101630E-6
1.0005090E-1 5.7089200E-6
1.0998060E-1 6.5648360E-6
1.1993310E-1 7.4462400E-6
1.2989660E-1 8.7122080E-6
1.4000840E-1 1.0146360E-5
1.4999530E-1 1.1833300E-5
1.5984490E-1 1.4215530E-5
1.7010500E-1 1.7087790E-5
1.7981820E-1 2.1368630E-5
1.9002100E-1 2.6120920E-5
1.9995070E-1 3.2917380E-5
2.0993710E-1 4.0842320E-5
2.1985770E-1 5.3654120E-5
2.2992420E-1 7.0080440E-5
2.3997880E-1 9.3182010E-5
2.4988560E-1 1.2029800E-4
2.5996350E-1 1.6363430E-4
2.6990460E-1 2.1892810E-4
2.7990250E-1 3.0375090E-4
2.8995750E-1 4.0508340E-4
3.0004690E-1 5.5025680E-4
3.0993080E-1 7.2457620E-4
3.1995150E-1 9.8124220E-4
3.2998370E-1 1.3216160E-3
3.3994770E-1 1.7602330E-3
3.4991120E-1 2.2299140E-3
3.5989810E-1 2.9257110E-3
3.6986160E-1 3.7113300E-3
3.7993960E-1 4.7498380E-3
3.8983490E-1 5.8179030E-3
4.0004970E-1 7.0896000E-3
4.0999030E-1 8.3978060E-3
4.1992000E-1 9.9608150E-3
4.3008900E-1 1.1513640E-2
4.3995050E-1 1.3396460E-2
4.4993690E-1 1.5249710E-2
4.5991230E-1 1.7362530E-2
4.7001270E-1 1.9382060E-2
4.8002200E-1 2.1523830E-2
4.9011140E-1 2.3667930E-2
4.9998380E-1 2.5970760E-2
5.0994780E-1 2.8398130E-2
5.2009390E-1 3.0762940E-2
