-9.0136530E-2 -4.1173970E-6
-5.9972290E-2 -2.8318500E-6
-3.0001640E-2 -1.3792540E-6
2.1198390E-4 -9.7665520E-9
1.0035750E-2 4.8269750E-7
2.0197600E-2 9.8848140E-7
3.0008320E-2 1.5036950E-6
4.0086270E-2 1.9895670E-6
5.0027370E-2 2.5182940E-6
5.9911250E-2 2.9985880E-6
7.0148470E-2 3.6404780E-6
8.0055240E-2 4.2572630E-6
9.0053080E-2 5.0345060E-6
1.0000560E-1 5.7569740E-6
1.0999200E-1 6.6653190E-6
1.1991020E-1 7.5583880E-6
1.2999920E-1 8.8481920E-6
1.3992880E-1 1.0302440E-5
1.5005210E-1 1.2053660E-5
1.6010710E-1 1.4555350E-5
1.7000250E-1 1.7558080E-5
1.7998890E-1 2.2074950E-5
1.8986130E-1 2.7120680E-5
1.9999600E-1 3.4475580E-5
2.0989130E-1 4.2805290E-5
2.1997210E-1 5.6373260E-5
2.2991280E-1 7.4943480E-5
2.4000220E-1 9.8350680E-5
2.5000000E-1 1.2791810E-4
2.5987290E-1 1.7375960E-4
2.6990510E-1 2.3326370E-4
2.7990290E-1 3.2095100E-4
2.8986690E-1 4.3024570E-4
3.0003600E-1 5.8056300E-4
3.1007960E-1 7.7445990E-4
3.2003160E-1 1.0396850E-3
3.2998420E-1 1.3967180E-3
3.3995910E-1 1.8579360E-3
3.4991170E-1 2.3463330E-3
3.5996680E-1 3.0587630E-3
3.6987350E-1 3.8673300E-3
3.7997390E-1 4.9151110E-3
3.9001750E-1 6.0029350E-3
4.0007260E-1 7.2793270E-3
4.1003660E-1 8.6272280E-3
4.1998910E-1 1.0180970E-2
4.2998700E-1 1.1733200E-2
4.3998480E-1 1.3633980E-2
4.4997170E-1 1.5488980E-2
4.5988990E-1 1.7622070E-2
4.6991060E-1 1.9628270E-2
4.7999950E-1 2.1792050E-2
4.9003170E-1 2.3930360E-2
5.0005250E-1 2.6232600E-2
5.0998210E-1 2.8668670E-2
5.2003720E-1 3.1035230E-2
