0.000E+0 -38.4182878
1.000E-2 -38.4182359
2.000E-2 -38.4181871
3.000E-2 -38.4181374
4.000E-2 -38.4180864
5.000E-2 -38.4180341
6.000E-2 -38.4179801
7.000E-2 -38.4179238
8.000E-2 -38.4178648
9.000E-2 -38.4178021
1.000E-1 -38.4177346
1.100E-1 -38.4176606
1.200E-1 -38.4175777
1.300E-1 -38.4174828
1.400E-1 -38.4173711
1.500E-1 -38.4172366
1.600E-1 -38.4170698
1.700E-1 -38.4168584
1.800E-1 -38.4165846
1.900E-1 -38.4162238
2.000E-1 -38.4157408
2.100E-1 -38.4150869
2.200E-1 -38.4141934
2.300E-1 -38.4129638
2.400E-1 -38.4112631
2.500E-1 -38.4089019
2.600E-1 -38.4056155
2.700E-1 -38.4010335
2.800E-1 -38.3946396
2.900E-1 -38.3857157
3.000E-1 -38.3732658
3.100E-1 -38.3559138
3.200E-1 -38.3317657
3.300E-1 -38.2982242
3.400E-1 -38.2517394
3.500E-1 -38.1874681
3.600E-1 -38.0988116
3.700E-1 -37.9767898
3.800E-1 -37.8092178
3.900E-1 -37.5796676
4.000E-1 -37.2662294
4.100E-1 -36.8401131
4.200E-1 -36.2641276
4.300E-1 -35.4910063
4.400E-1 -34.461463
4.500E-1 -33.1013262
4.600E-1 -31.3180967
4.700E-1 -28.9952473
4.800E-1 -25.9847348
4.900E-1 -22.0969197
5.000E-1 -17.0879324
5.100E-1 -10.6435558
5.200E-1 -2.35957839
5.300E-1 8.28249956
