-9.0093610E-2 -1.5293220E-4
-6.0076710E-2 -1.5033420E-4
-3.0082230E-2 -1.4745780E-4
7.3015690E-5 -1.4416970E-4
9.9536480E-3 -1.4278960E-4
2.0001560E-2 -1.4171670E-4
2.9895780E-2 -1.3999430E-4
3.9985180E-2 -1.3826040E-4
4.9960610E-2 -1.3611470E-4
5.9901710E-2 -1.3413720E-4
7.0014000E-2 -1.3191600E-4
7.9955100E-2 -1.2919050E-4
8.9976310E-2 -1.2641280E-4
1.0002040E-1 -1.2268960E-4
1.0999580E-1 -1.1922190E-4
1.2003950E-1 -1.1486680E-4
1.2992380E-1 -1.1049980E-4
1.4003610E-1 -1.0401640E-4
1.4995430E-1 -9.7081310E-5
1.5996410E-1 -8.9295330E-5
1.7000820E-1 -7.7758450E-5
1.8004040E-1 -6.6897760E-5
1.9008450E-1 -5.1717240E-5
1.9996830E-1 -3.6871950E-5
2.0988700E-1 -1.3885180E-5
2.1992160E-1 1.6104210E-5
2.3000000E-1 4.8143120E-5
2.3985000E-1 8.9502540E-5
2.4984840E-1 1.3848840E-4
2.5989250E-1 1.9973420E-4
2.6998190E-1 2.7835440E-4
2.7982040E-1 3.6522700E-4
2.8997850E-1 4.6362840E-4
2.9994250E-1 5.8117900E-4
3.0994080E-1 7.1351770E-4
3.1995060E-1 8.7684740E-4
3.3005140E-1 1.0286130E-3
3.4001540E-1 1.1851840E-3
3.4992270E-1 1.3793780E-3
3.5997820E-1 1.5738050E-3
3.6998800E-1 1.7945410E-3
3.8002010E-1 2.0087290E-3
3.8992740E-1 2.2241320E-3
3.9982320E-1 2.4587770E-3
4.0990110E-1 2.7003750E-3
4.1995670E-1 2.9739070E-3
4.3006900E-1 3.2104050E-3
4.3998770E-1 3.4677670E-3
4.4996310E-1 3.6922120E-3
4.5995000E-1 3.9845160E-3
4.7000500E-1 4.2520780E-3
4.7998090E-1 4.5750400E-3
4.9009320E-1 4.8282280E-3
5.0002290E-1 5.1205340E-3
5.1003270E-1 5.3594670E-3
5.1999660E-1 5.6747790E-3
5.2994970E-1 5.9552640E-3
5.4008480E-1 6.2975810E-3
5.5001450E-1 6.5758040E-3
5.6002430E-1 6.8866550E-3
5.7001110E-1 7.1575190E-3
5.8000950E-1 7.4717890E-3
5.8999630E-1 7.7784660E-3
6.0009770E-1 8.1050210E-3
