0.000E+0 0
1.000E-2 4.43169898E-11
2.000E-2 1.06464244E-10
3.000E-2 1.93664926E-10
4.000E-2 3.16065858E-10
5.000E-2 4.87920084E-10
6.000E-2 7.29248239E-10
7.000E-2 1.06817336E-9
8.000E-2 1.54420344E-9
9.000E-2 2.21284862E-9
1.000E-1 3.1521191E-9
1.100E-1 4.4716746E-9
1.200E-1 6.32571436E-9
1.300E-1 8.93114502E-9
1.400E-1 1.25931978E-8
1.500E-1 1.77415589E-8
1.600E-1 2.49813376E-8
1.700E-1 3.51649673E-8
1.800E-1 4.949363E-8
1.900E-1 6.9660298E-8
2.000E-1 9.80513962E-8
2.100E-1 1.38030957E-7
2.200E-1 1.94340693E-7
2.300E-1 2.73662654E-7
2.400E-1 3.85409253E-7
2.500E-1 5.42830088E-7
2.600E-1 7.64557692E-7
2.700E-1 1.07675689E-6
2.800E-1 1.51609546E-6
2.900E-1 2.13381659E-6
3.000E-1 3.00126064E-6
3.100E-1 4.2172467E-6
3.200E-1 5.91778449E-6
3.300E-1 8.28851145E-6
3.400E-1 1.15805005E-5
3.500E-1 1.61298644E-5
3.600E-1 2.23823353E-5
3.700E-1 3.09249098E-5
3.800E-1 4.25279822E-5
3.900E-1 5.82038421E-5
4.000E-1 7.92843637E-5
4.100E-1 0.000107516524
4.200E-1 0.000145152413
4.300E-1 0.000195036008
4.400E-1 0.000260592738
4.500E-1 0.000345813372
