-9.0052130E-2 -2.2909060E-6
-5.9968950E-2 -1.5822350E-6
-3.0022620E-2 -8.8691500E-7
2.9209260E-4 -4.5932890E-9
9.9528430E-3 3.5345080E-7
1.9941030E-2 7.3035040E-7
3.0029770E-2 1.1445610E-6
3.9981840E-2 1.6645770E-6
5.0002100E-2 2.2137560E-6
5.9976580E-2 2.8205600E-6
6.9985390E-2 3.5253050E-6
8.0005650E-2 4.3459970E-6
8.9980130E-2 5.3406400E-6
1.0002330E-1 6.5226120E-6
1.0999770E-1 7.9266540E-6
1.2001800E-1 9.6210970E-6
1.2998150E-1 1.1782830E-5
1.4000180E-1 1.4315140E-5
1.4999910E-1 1.7455170E-5
1.6000800E-1 2.1389030E-5
1.6999390E-1 2.6328400E-5
1.7996880E-1 3.2549290E-5
1.9000050E-1 4.0553870E-5
2.0002080E-1 5.0935940E-5
2.0998380E-1 6.4460340E-5
2.1997260E-1 8.2181290E-5
2.2993610E-1 1.0522710E-4
2.3997930E-1 1.3583880E-4
2.4993090E-1 1.7643600E-4
2.5992820E-1 2.2997590E-4
2.6998280E-1 3.0065140E-4
2.7994630E-1 3.9324610E-4
2.8996660E-1 5.1525790E-4
2.9995250E-1 6.7635350E-4
3.0996180E-1 8.8471480E-4
3.1995920E-1 1.1505520E-3
3.2996800E-1 1.4850780E-3
3.3997680E-1 1.9047260E-3
3.4997460E-1 2.4217810E-3
3.5999490E-1 3.0387380E-3
3.6993500E-1 3.7607510E-3
3.7997820E-1 4.5951810E-3
3.8991880E-1 5.5422000E-3
3.9996190E-1 6.6074900E-3
4.0998220E-1 7.7822380E-3
4.1994570E-1 9.0490060E-3
4.3000030E-1 1.0401190E-2
4.3996330E-1 1.1856600E-2
4.4994970E-1 1.3368560E-2
4.5997000E-1 1.4946580E-2
4.6999030E-1 1.6590630E-2
4.8002200E-1 1.8305930E-2
4.9001930E-1 2.0072790E-2
5.0002810E-1 2.1874990E-2
5.0998020E-1 2.3701520E-2
5.2001190E-1 2.5566280E-2
5.2999780E-1 2.7477400E-2
5.4000710E-1 2.9427890E-2
5.5003880E-1 3.1391710E-2
5.5997900E-1 3.3367710E-2
5.7005640E-1 3.5353540E-2
5.8000850E-1 3.7342280E-2
5.9002880E-1 3.9362860E-2
6.0001470E-1 4.1411860E-2
