-9.0053560E-2 -2.6122890E-6
-5.9981350E-2 -1.8425560E-6
-2.9966350E-2 -9.9235710E-7
-2.7564170E-4 3.9115660E-9
1.0044870E-2 3.9522210E-7
2.0050910E-2 8.3714870E-7
3.0007360E-2 1.3097870E-6
3.9982320E-2 1.8549160E-6
5.0014020E-2 2.4439140E-6
5.9966090E-2 3.1254690E-6
7.0009230E-2 3.9187250E-6
8.0029960E-2 4.8120180E-6
9.0015890E-2 5.8465540E-6
1.0002520E-1 7.0609390E-6
1.0997720E-1 8.4955570E-6
1.1999750E-1 1.0240300E-5
1.2998340E-1 1.2354230E-5
1.4000420E-1 1.4913250E-5
1.5003590E-1 1.8051580E-5
1.5998790E-1 2.1972170E-5
1.7001960E-1 2.6894220E-5
1.7998310E-1 3.3141890E-5
1.8998050E-1 4.1161110E-5
1.9998980E-1 5.1485350E-5
2.0999860E-1 6.4812220E-5
2.1996500E-1 8.2242360E-5
2.2995090E-1 1.0567510E-4
2.3997160E-1 1.3607860E-4
2.4994660E-1 1.7603860E-4
2.5995540E-1 2.2877330E-4
2.6994180E-1 2.9927000E-4
2.7995110E-1 3.9256810E-4
2.8995990E-1 5.1469190E-4
2.9995780E-1 6.7371990E-4
3.0995510E-1 8.7684250E-4
3.1996440E-1 1.1407190E-3
3.2996230E-1 1.4726430E-3
3.3997110E-1 1.8819830E-3
3.4996890E-1 2.3770280E-3
3.5998920E-1 2.9668750E-3
3.6996410E-1 3.6609690E-3
3.7997340E-1 4.4658000E-3
3.8995930E-1 5.3712300E-3
3.9993430E-1 6.3698370E-3
4.1000030E-1 7.4560620E-3
4.1996380E-1 8.6317580E-3
4.3000700E-1 9.9016760E-3
4.3997050E-1 1.1237520E-2
4.4997980E-1 1.2642920E-2
4.5996620E-1 1.4124200E-2
4.7002080E-1 1.5646040E-2
4.8002960E-1 1.7217130E-2
4.9002740E-1 1.8821820E-2
5.0001380E-1 2.0468210E-2
5.0998830E-1 2.2161530E-2
5.2002050E-1 2.3896560E-2
5.2999540E-1 2.5654760E-2
5.4001570E-1 2.7427450E-2
5.5003640E-1 2.9211130E-2
5.5999990E-1 3.1017990E-2
5.7008840E-1 3.2860770E-2
5.8002950E-1 3.4718620E-2
5.9001540E-1 3.6578190E-2
6.0001330E-1 3.8443570E-2
