-9.0053560E-2 -2.6740960E-6
-5.9958930E-2 -1.9656050E-6
-2.9977800E-2 -1.0216040E-6
3.9574500E-4 1.4497770E-9
9.9011660E-3 3.8681150E-7
1.9941360E-2 8.1057810E-7
2.9995920E-2 1.2723190E-6
3.9982320E-2 1.8342490E-6
5.0002570E-2 2.4414420E-6
5.9977530E-2 3.1042950E-6
6.9997790E-2 3.8506390E-6
8.0029960E-2 4.7145170E-6
8.9982030E-2 5.7281960E-6
1.0001370E-1 6.9331980E-6
1.0997720E-1 8.3434100E-6
1.2002040E-1 1.0020580E-5
1.2999490E-1 1.2033550E-5
1.3998130E-1 1.4561260E-5
1.5002440E-1 1.7532000E-5
1.5998790E-1 2.1243830E-5
1.7001960E-1 2.5893930E-5
1.7998310E-1 3.1751920E-5
1.9000340E-1 3.9204580E-5
1.9997840E-1 4.8804530E-5
2.0997570E-1 6.1328870E-5
2.1996500E-1 7.7794660E-5
2.2993990E-1 9.9206870E-5
2.3997160E-1 1.2747310E-4
2.4994660E-1 1.6514820E-4
2.5994400E-1 2.1516930E-4
2.6996470E-1 2.8141540E-4
2.7997350E-1 3.6796930E-4
2.8998280E-1 4.8151100E-4
2.9996920E-1 6.3109840E-4
3.0995510E-1 8.2498320E-4
3.1996440E-1 1.0727480E-3
3.2998470E-1 1.3787090E-3
3.3998250E-1 1.7580330E-3
3.4994600E-1 2.2220760E-3
3.5997770E-1 2.7710120E-3
3.6996410E-1 3.4046680E-3
3.8000730E-1 4.1237360E-3
3.8994790E-1 4.9260780E-3
3.9995720E-1 5.8162660E-3
4.0998890E-1 6.7918110E-3
4.1996380E-1 7.8349230E-3
4.3000700E-1 8.9425300E-3
4.3993660E-1 1.0096670E-2
4.5010520E-1 1.1318030E-2
4.5987460E-1 1.2608160E-2
4.7010040E-1 1.3882640E-2
4.7990420E-1 1.5260800E-2
4.9001600E-1 1.6663310E-2
4.9996810E-1 1.8075660E-2
5.1002260E-1 1.9554640E-2
5.2000900E-1 2.0992490E-2
5.3001790E-1 2.2521850E-2
5.3997040E-1 2.4017050E-2
5.5003640E-1 2.5588140E-2
5.5998850E-1 2.7154590E-2
5.7008840E-1 2.8728570E-2
5.8002950E-1 3.0307190E-2
5.9004970E-1 3.1903180E-2
6.0004760E-1 3.3524660E-2
