-9.0076450E-2 -6.9639980E-4
-5.9901710E-2 -6.9566340E-4
-3.0023100E-2 -6.9495010E-4
2.9090050E-4 -6.9437610E-4
1.0896470E-2 -6.9264220E-4
1.9774110E-2 -6.9378460E-4
3.0018810E-2 -6.9351200E-4
3.9982320E-2 -6.9293220E-4
5.0025460E-2 -6.9234070E-4
6.0000420E-2 -6.9158110E-4
6.9997790E-2 -6.9088510E-4
8.0018520E-2 -6.8994580E-4
8.9982030E-2 -6.8893680E-4
1.0003660E-1 -6.8763200E-4
1.0997720E-1 -6.8617660E-4
1.2002040E-1 -6.8438470E-4
1.2997250E-1 -6.8226820E-4
1.4000420E-1 -6.7965870E-4
1.5002440E-1 -6.7640560E-4
1.5997650E-1 -6.7237560E-4
1.7000820E-1 -6.6729010E-4
1.7998310E-1 -6.6090560E-4
1.9000340E-1 -6.5257270E-4
1.9996690E-1 -6.4186820E-4
2.1001010E-1 -6.2796280E-4
2.1997640E-1 -6.0983580E-4
2.2995090E-1 -5.8591020E-4
2.3997160E-1 -5.5395900E-4
2.4993520E-1 -5.1162800E-4
2.5996690E-1 -4.5562360E-4
2.6995330E-1 -3.8182270E-4
2.7996210E-1 -2.8478040E-4
2.8994850E-1 -1.5677280E-4
2.9994630E-1 1.1490770E-5
3.0998950E-1 2.3138870E-4
3.1996440E-1 5.0814520E-4
3.2996230E-1 8.5430220E-4
3.3997110E-1 1.2905710E-3
3.4996890E-1 1.8200950E-3
3.5997770E-1 2.4470850E-3
3.6995270E-1 3.1760070E-3
3.8000730E-1 4.0180980E-3
3.8994790E-1 4.9738850E-3
3.9994570E-1 6.0355380E-3
4.1000030E-1 7.1966890E-3
4.1994090E-1 8.4374030E-3
4.3000700E-1 9.7632970E-3
4.3994760E-1 1.1192900E-2
4.4996830E-1 1.2660290E-2
4.5996620E-1 1.4205310E-2
4.6997500E-1 1.5812310E-2
4.8000670E-1 1.7474920E-2
4.9000450E-1 1.9186200E-2
4.9999090E-1 2.0914270E-2
5.0998830E-1 2.2675380E-2
5.2004340E-1 2.4483980E-2
5.2996110E-1 2.6336030E-2
5.4002710E-1 2.8217030E-2
5.5002500E-1 3.0099790E-2
5.6001090E-1 3.1988340E-2
5.7006600E-1 3.3897740E-2
5.8004050E-1 3.5827990E-2
5.9003830E-1 3.7781420E-2
6.0001330E-1 3.9751070E-2
