-9.0042590E-2 -6.6719730E-4
-5.9969900E-2 -6.6645500E-4
-3.0034540E-2 -6.6523150E-4
1.8960240E-4 -6.6494730E-4
1.0627930E-2 -6.6332950E-4
1.9881310E-2 -6.6388610E-4
3.0053140E-2 -6.6371800E-4
4.0005210E-2 -6.6312650E-4
5.0036910E-2 -6.6245960E-4
6.0011860E-2 -6.6172900E-4
7.0020680E-2 -6.6095780E-4
8.0041410E-2 -6.5992560E-4
9.0004440E-2 -6.5886440E-4
1.0003660E-1 -6.5755970E-4
1.1002250E-1 -6.5604620E-4
1.2002040E-1 -6.5423120E-4
1.2999490E-1 -6.5204500E-4
1.4002700E-1 -6.4937190E-4
1.5005870E-1 -6.4608400E-4
1.6001080E-1 -6.4193780E-4
1.7001960E-1 -6.3674210E-4
1.7998310E-1 -6.3014890E-4
1.9001480E-1 -6.2177550E-4
1.9997840E-1 -6.1082750E-4
2.0999860E-1 -5.9641180E-4
2.1998790E-1 -5.7749610E-4
2.2995090E-1 -5.5273540E-4
2.3998310E-1 -5.2003620E-4
2.4996950E-1 -4.7673110E-4
2.5997830E-1 -4.1880140E-4
2.6996470E-1 -3.4140540E-4
2.7995110E-1 -2.3972990E-4
2.8997140E-1 -1.0757610E-4
2.9999160E-1 6.5520260E-5
3.0997800E-1 2.8537610E-4
3.1997590E-1 5.6790230E-4
3.2997320E-1 9.1786940E-4
3.3998250E-1 1.3405790E-3
3.4996890E-1 1.8512120E-3
3.5997770E-1 2.4551410E-3
3.6995270E-1 3.1496400E-3
3.8000730E-1 3.9337280E-3
3.8994790E-1 4.7944780E-3
3.9995720E-1 5.7401810E-3
4.0998890E-1 6.7725720E-3
4.1995240E-1 7.8786150E-3
4.2999550E-1 9.0522240E-3
4.3997050E-1 1.0274570E-2
4.4997980E-1 1.1557860E-2
4.5996620E-1 1.2889700E-2
4.7000930E-1 1.4252810E-2
4.8001810E-1 1.5656470E-2
4.9000450E-1 1.7112850E-2
5.0003620E-1 1.8602250E-2
5.0997730E-1 2.0113100E-2
5.2003190E-1 2.1648840E-2
5.2999540E-1 2.3200230E-2
5.4005000E-1 2.4778840E-2
5.5005880E-1 2.6382370E-2
5.6001090E-1 2.8008490E-2
5.7004310E-1 2.9649090E-2
5.8002950E-1 3.1292010E-2
5.9003830E-1 3.2933770E-2
6.0002470E-1 3.4603340E-2
