0.000E+0 0
1.000E-2 7.21638344E-12
2.000E-2 1.71302848E-11
3.000E-2 3.07824997E-11
4.000E-2 4.96101976E-11
5.000E-2 7.56051575E-11
6.000E-2 1.11526326E-10
7.000E-2 1.6119612E-10
8.000E-2 2.29921999E-10
9.000E-2 3.25062575E-10
1.000E-1 4.56843389E-10
1.100E-1 6.39485229E-10
1.200E-1 8.9278113E-10
1.300E-1 1.24431018E-9
1.400E-1 1.7325637E-9
1.500E-1 2.40953179E-9
1.600E-1 3.35556159E-9
1.700E-1 4.67052936E-9
1.800E-1 6.50320089E-9
1.900E-1 9.05968064E-9
2.000E-1 1.26288502E-8
2.100E-1 1.76157379E-8
2.200E-1 2.45885252E-8
2.300E-1 3.43445077E-8
2.400E-1 4.80027684E-8
2.500E-1 6.71343987E-8
2.600E-1 9.39454861E-8
2.700E-1 1.31534243E-7
2.800E-1 1.84252373E-7
2.900E-1 2.58212904E-7
3.000E-1 3.62003907E-7
3.100E-1 5.07691553E-7
3.200E-1 7.12229843E-7
3.300E-1 9.99441827E-7
3.400E-1 1.40280395E-6
3.500E-1 1.96935887E-6
3.600E-1 2.76521362E-6
3.700E-1 3.8832646E-6
3.800E-1 5.45404932E-6
3.900E-1 7.66098653E-6
4.000E-1 1.07617717E-5
4.100E-1 1.51183982E-5
4.200E-1 2.1239252E-5
4.300E-1 2.98380728E-5
4.400E-1 4.19164228E-5
4.500E-1 5.8874223E-5
