0.000E+0 -0.269222706
1.000E-2 -0.269220925
2.000E-2 -0.269219113
3.000E-2 -0.26921726
4.000E-2 -0.269215352
5.000E-2 -0.269213369
6.000E-2 -0.269211284
7.000E-2 -0.269209057
8.000E-2 -0.269206631
9.000E-2 -0.269203926
1.000E-1 -0.269200826
1.100E-1 -0.269197169
1.200E-1 -0.26919272
1.300E-1 -0.269187149
1.400E-1 -0.26917998
1.500E-1 -0.269170538
1.600E-1 -0.269157856
1.700E-1 -0.269140558
1.800E-1 -0.269116677
1.900E-1 -0.269083409
2.000E-1 -0.269036746
2.100E-1 -0.268970972
2.200E-1 -0.268877924
2.300E-1 -0.268745948
2.400E-1 -0.268558405
2.500E-1 -0.268291538
2.600E-1 -0.267911429
2.700E-1 -0.267369642
2.800E-1 -0.266597022
2.900E-1 -0.265494817
3.000E-1 -0.263922017
3.100E-1 -0.261677266
3.200E-1 -0.258473031
3.300E-1 -0.253898724
3.400E-1 -0.247368028
3.500E-1 -0.238043689
3.600E-1 -0.224730119
3.700E-1 -0.205720049
3.800E-1 -0.178575574
3.900E-1 -0.139815556
4.000E-1 -0.0844693785
4.100E-1 -0.00544002518
4.200E-1 0.107404801
