0.0000000E+0 1.4297396E-4
3.7500000E-2 1.4750059E-4
7.5000000E-2 1.5207574E-4
1.1250000E-1 1.5645385E-4
1.5000000E-1 1.5941893E-4
1.8750000E-1 1.6241657E-4
2.2500000E-1 1.6573432E-4
2.6250000E-1 1.7048817E-4
3.0000000E-1 1.7712071E-4
3.3750000E-1 1.8494970E-4
3.7500000E-1 1.9625503E-4
4.1250000E-1 2.1049586E-4
4.5000000E-1 2.3268462E-4
4.8750000E-1 2.7171775E-4
5.2500000E-1 3.4707692E-4
5.6250000E-1 4.8732485E-4
6.0000000E-1 7.3452071E-4
6.3750000E-1 1.1000533E-3
6.7500000E-1 1.4794497E-3
7.1250000E-1 1.7559822E-3
7.5000000E-1 1.8567692E-3
7.8750000E-1 1.8243609E-3
8.2500000E-1 1.7222426E-3
8.6250000E-1 1.6005740E-3
9.0000000E-1 1.4762130E-3
9.3750000E-1 1.3596627E-3
9.7500000E-1 1.2582722E-3
1.0125000E+0 1.1669941E-3
1.0500000E+0 1.0838876E-3
1.0875000E+0 1.0100828E-3
1.1250000E+0 9.4486391E-4
1.1625000E+0 8.8555030E-4
1.2000000E+0 8.2965680E-4
1.2375000E+0 7.7855030E-4
1.2750000E+0 7.3069231E-4
1.3125000E+0 6.9007692E-4
1.3500000E+0 6.5105917E-4
1.3875000E+0 6.1537278E-4
1.4250000E+0 5.8217692E-4
1.4625000E+0 5.5143254E-4
1.5000000E+0 5.2222308E-4
