0.0000000E+0 1.3010602E-4
3.7500000E-2 1.3361807E-4
7.5000000E-2 1.3752651E-4
1.1250000E-1 1.4184940E-4
1.5000000E-1 1.4663855E-4
1.8750000E-1 1.5212048E-4
2.2500000E-1 1.5828373E-4
2.6250000E-1 1.6553012E-4
3.0000000E-1 1.7396386E-4
3.3750000E-1 1.8454759E-4
3.7500000E-1 1.9864518E-4
4.1250000E-1 2.1842108E-4
4.5000000E-1 2.4854398E-4
4.8750000E-1 2.9632229E-4
5.2500000E-1 3.6112289E-4
5.6250000E-1 4.2249277E-4
6.0000000E-1 4.6840663E-4
6.3750000E-1 4.9800422E-4
6.7500000E-1 5.1510181E-4
7.1250000E-1 5.2482410E-4
7.5000000E-1 5.2897289E-4
7.8750000E-1 5.2925602E-4
8.2500000E-1 5.2644036E-4
8.6250000E-1 5.2123855E-4
9.0000000E-1 5.1371084E-4
9.3750000E-1 5.0478795E-4
9.7500000E-1 4.9478494E-4
1.0125000E+0 4.8383675E-4
1.0500000E+0 4.7227048E-4
1.0875000E+0 4.6051265E-4
1.1250000E+0 4.4887229E-4
1.1625000E+0 4.3720663E-4
1.2000000E+0 4.2589639E-4
1.2375000E+0 4.1484337E-4
1.2750000E+0 4.0434398E-4
1.3125000E+0 3.9428916E-4
1.3500000E+0 3.8465843E-4
1.3875000E+0 3.7516867E-4
1.4250000E+0 3.6562349E-4
1.4625000E+0 3.5609518E-4
1.5000000E+0 3.4606024E-4
