-9.0055940E-2 -1.8785870E-4
-5.9914590E-2 -1.8648430E-4
-3.0069350E-2 -1.8528980E-4
-1.3902780E-4 -1.8397920E-4
1.0350200E-2 -1.8343410E-4
2.0011340E-2 -1.8250630E-4
2.9962540E-2 -1.8219310E-4
3.9971830E-2 -1.8168290E-4
4.9958230E-2 -1.8132910E-4
6.0036180E-2 -1.8085360E-4
7.0011140E-2 -1.8015770E-4
8.0031870E-2 -1.7956620E-4
9.0029720E-2 -1.7894000E-4
9.9993230E-2 -1.7804120E-4
1.0996820E-1 -1.7696260E-4
1.2002330E-1 -1.7590720E-4
1.2996390E-1 -1.7456170E-4
1.4000750E-1 -1.7305410E-4
1.5002820E-1 -1.7111730E-4
1.5998030E-1 -1.6851930E-4
1.7001250E-1 -1.6534740E-4
1.7998740E-1 -1.6121280E-4
1.9000820E-1 -1.5533840E-4
1.9994880E-1 -1.4797380E-4
2.1000390E-1 -1.3821430E-4
2.1997020E-1 -1.2581050E-4
2.2992230E-1 -1.0673190E-4
2.3992060E-1 -8.1688690E-5
2.4967910E-1 -4.8554720E-5
2.6003030E-1 -3.0323440E-7
2.6989130E-1 6.1207990E-5
2.7999210E-1 1.4957040E-4
2.9001240E-1 2.6809630E-4
2.9982810E-1 4.0455260E-4
3.0989460E-1 6.1815880E-4
3.1982370E-1 8.7807580E-4
3.2998130E-1 1.2419840E-3
3.3995680E-1 1.6302410E-3
3.4992030E-1 2.1992980E-3
3.5996390E-1 2.8396320E-3
3.6989360E-1 3.7011580E-3
3.7998250E-1 4.5537590E-3
3.8998030E-1 5.6018810E-3
3.9987560E-1 6.6151150E-3
4.0995360E-1 7.9361180E-3
4.1984890E-1 9.2597850E-3
4.3000600E-1 1.0758100E-2
4.3994710E-1 1.2282300E-2
4.4997930E-1 1.4103110E-2
4.5998860E-1 1.5722320E-2
4.7000930E-1 1.7534430E-2
4.8007580E-1 1.9182030E-2
4.8994830E-1 2.1175490E-2
5.0000290E-1 2.3072180E-2
5.1003500E-1 2.5239420E-2
5.2004430E-1 2.7218400E-2
5.2998540E-1 2.9288320E-2
5.4000620E-1 3.1315370E-2
