0.000E+0 1.90458128E-6
1.000E-2 1.90491851E-6
2.000E-2 1.90528188E-6
3.000E-2 1.90568114E-6
4.000E-2 1.90612994E-6
5.000E-2 1.90664743E-6
6.000E-2 1.90726048E-6
7.000E-2 1.9080068E-6
8.000E-2 1.90893935E-6
9.000E-2 1.91013246E-6
1.000E-1 1.91169065E-6
1.100E-1 1.91376088E-6
1.200E-1 1.91655001E-6
1.300E-1 1.92034956E-6
1.400E-1 1.9255707E-6
1.500E-1 1.93279412E-6
1.600E-1 1.94284084E-6
1.700E-1 1.95687286E-6
1.800E-1 1.97653653E-6
1.900E-1 2.0041663E-6
2.000E-1 2.04307466E-6
2.100E-1 2.09796427E-6
2.200E-1 2.17551341E-6
2.300E-1 2.28520668E-6
2.400E-1 2.44051157E-6
2.500E-1 2.66054085E-6
2.600E-1 2.97239286E-6
