0.000E+0 0
1.000E-2 4.50652805E-12
2.000E-2 1.07722171E-11
3.000E-2 1.95026104E-11
4.000E-2 3.16863494E-11
5.000E-2 4.87029204E-11
6.000E-2 7.24834417E-11
7.000E-2 1.05733975E-10
8.000E-2 1.52243384E-10
9.000E-2 2.17320739E-10
1.000E-1 3.08410194E-10
1.100E-1 4.35958046E-10
1.200E-1 6.14637068E-10
1.300E-1 8.65077495E-10
1.400E-1 1.21631688E-9
1.500E-1 1.70927018E-9
1.600E-1 2.40164795E-9
1.700E-1 3.37492985E-9
1.800E-1 4.74425495E-9
1.900E-1 6.67245207E-9
2.000E-1 9.38994411E-9
2.100E-1 1.32229906E-8
2.200E-1 1.86337624E-8
2.300E-1 2.62772133E-8
2.400E-1 3.708179E-8
2.500E-1 5.23639824E-8
2.600E-1 7.39909036E-8
2.700E-1 1.04611041E-7
2.800E-1 1.47981743E-7
2.900E-1 2.09433956E-7
3.000E-1 2.96531618E-7
3.100E-1 4.20006991E-7
3.200E-1 5.95086873E-7
3.300E-1 8.4337195E-7
3.400E-1 1.1954977E-6
3.500E-1 1.69489728E-6
3.600E-1 2.40292682E-6
3.700E-1 3.40725963E-6
3.800E-1 4.83058367E-6
3.900E-1 6.84702539E-6
4.000E-1 9.70158065E-6
4.100E-1 1.37381384E-5
4.200E-1 1.94371117E-5
4.300E-1 2.74652679E-5
4.400E-1 3.87393205E-5
4.500E-1 5.45040494E-5
