-8.9977260E-2 -4.5953400E-6
-5.9937950E-2 -3.1513660E-6
-3.0024530E-2 -1.5812980E-6
7.6502560E-5 -2.9573640E-9
9.9144280E-3 5.5388640E-7
2.0088050E-2 1.1664890E-6
3.0099870E-2 1.7319230E-6
4.0006640E-2 2.3845280E-6
4.9901960E-2 2.9939600E-6
5.9990880E-2 3.7067280E-6
6.9931980E-2 4.4395930E-6
8.0009460E-2 5.3141480E-6
8.9916230E-2 6.1891480E-6
1.0005090E-1 7.2068540E-6
1.1000350E-1 8.3404470E-6
1.2004710E-1 9.7006870E-6
1.2997630E-1 1.1389090E-5
1.3997460E-1 1.3228530E-5
1.4997240E-1 1.5699490E-5
1.5997030E-1 1.8752110E-5
1.6987710E-1 2.2844470E-5
1.7998890E-1 2.7904130E-5
1.9003250E-1 3.4581110E-5
1.9992780E-1 4.3493650E-5
2.1003960E-1 5.5617670E-5
2.1997210E-1 7.3353980E-5
2.2992420E-1 9.4449660E-5
2.4008180E-1 1.2376600E-4
2.4986310E-1 1.6416210E-4
2.6002070E-1 2.2567860E-4
2.6990510E-1 2.9783600E-4
2.7991440E-1 4.0163890E-4
2.8987840E-1 5.2680560E-4
2.9986480E-1 7.2302230E-4
3.0996510E-1 9.6731310E-4
3.1998630E-1 1.3035350E-3
3.2992700E-1 1.6977660E-3
3.3993670E-1 2.2480530E-3
3.4994600E-1 2.9158590E-3
3.6000110E-1 3.7976170E-3
3.6996460E-1 4.7137940E-3
3.7997390E-1 5.8512240E-3
3.8990350E-1 7.0153100E-3
3.9993570E-1 8.5432600E-3
4.0992260E-1 1.0129910E-2
4.2002300E-1 1.1908160E-2
4.3003270E-1 1.3821680E-2
4.3996190E-1 1.6026020E-2
4.4998310E-1 1.8051340E-2
4.5992370E-1 2.0326360E-2
4.7000170E-1 2.2462340E-2
4.8010210E-1 2.5052520E-2
4.8999790E-1 2.7570260E-2
4.9996140E-1 3.0442000E-2
