0.00000E+0 4.66892E-1 1.00000E-6 1.77579E-4
2.66000E+1 4.66140E-1 2.66000E+1 1.77097E-4
4.66000E+1 4.66748E-1 4.66000E+1 1.77001E-4
6.66000E+1 4.67205E-1 6.66000E+1 1.77172E-4
8.66000E+1 4.67631E-1 8.66000E+1 1.76977E-4
1.06600E+2 4.67818E-1 1.06600E+2 1.76899E-4
1.26600E+2 4.67766E-1 1.26600E+2 1.76822E-4
1.46600E+2 4.68754E-1 1.46600E+2 1.76805E-4
1.66600E+2 4.68799E-1 1.66600E+2 1.76899E-4
1.86600E+2 4.68153E-1 1.86600E+2 1.76960E-4
2.06600E+2 4.68580E-1 2.06600E+2 1.76854E-4
2.26600E+2 4.68361E-1 2.26600E+2 1.76620E-4
2.46600E+2 4.68990E-1 2.46600E+2 1.76581E-4
2.66600E+2 4.68322E-1 2.66600E+2 1.76858E-4
2.86600E+2 4.69170E-1 2.86600E+2 1.76845E-4
3.06600E+2 4.69240E-1 3.06600E+2 1.76654E-4
3.26600E+2 4.68677E-1 3.26600E+2 1.76763E-4
3.46600E+2 4.69179E-1 3.46600E+2 1.76647E-4
3.66600E+2 4.69210E-1 3.66600E+2 1.76654E-4
3.86600E+2 4.69652E-1 3.86600E+2 1.76838E-4
4.06600E+2 4.69399E-1 4.06600E+2 1.76753E-4
4.26600E+2 4.69247E-1 4.26600E+2 1.76671E-4
4.46600E+2 4.70053E-1 4.46600E+2 1.76658E-4
4.66600E+2 4.69487E-1 4.66600E+2 1.76620E-4
4.86600E+2 4.69874E-1 4.86600E+2 1.76660E-4
5.06600E+2 4.69596E-1 5.06600E+2 1.76756E-4
5.26600E+2 4.69060E-1 5.26600E+2 1.76603E-4
5.46600E+2 4.70239E-1 5.46600E+2 1.76586E-4
5.66600E+2 4.69809E-1 5.66600E+2 1.76501E-4
5.86600E+2 4.69359E-1 5.86600E+2 1.76530E-4
6.06600E+2 4.69862E-1 6.06600E+2 1.76674E-4
6.26600E+2 4.69874E-1 6.26600E+2 1.76472E-4
6.46600E+2 4.69944E-1 6.46600E+2 1.76588E-4
6.66600E+2 4.69700E-1 6.66600E+2 1.76555E-4
6.86600E+2 4.69523E-1 6.86600E+2 1.76452E-4
7.06600E+2 4.70055E-1 7.06600E+2 1.76601E-4
7.26600E+2 4.69963E-1 7.26600E+2 1.76500E-4
7.46600E+2 4.70079E-1 7.46600E+2 1.76560E-4
7.66600E+2 4.70245E-1 7.66600E+2 1.76407E-4
7.86600E+2 4.70000E-1 7.86600E+2 1.76334E-4
8.06600E+2 4.70084E-1 8.06600E+2 1.76615E-4
8.26600E+2 4.70376E-1 8.26600E+2 1.76650E-4
8.46600E+2 4.70291E-1 8.46600E+2 1.76577E-4
8.66600E+2 4.71060E-1 8.66600E+2 1.76557E-4
8.86600E+2 4.70167E-1 8.86600E+2 1.76464E-4
9.06600E+2 4.70564E-1 9.06600E+2 1.76391E-4
9.26600E+2 4.70325E-1 9.26600E+2 1.76474E-4
9.46600E+2 4.70335E-1 9.46600E+2 1.76556E-4
9.66600E+2 4.70067E-1 9.66600E+2 1.76341E-4
9.86600E+2 4.70048E-1 9.86600E+2 1.76412E-4
1.00660E+3 4.70152E-1 1.00660E+3 1.76366E-4
1.04660E+3 4.70548E-1 1.04660E+3 1.76954E-4
1.08660E+3 4.70432E-1 1.08660E+3 1.76967E-4
1.10660E+3 4.70688E-1 1.10660E+3 1.76365E-4
1.12660E+3 4.70672E-1 1.12660E+3 1.76371E-4
1.14660E+3 4.70225E-1 1.14660E+3 1.76388E-4
1.16660E+3 4.70383E-1 1.16660E+3 1.76563E-4
1.18660E+3 4.70209E-1 1.18660E+3 1.76337E-4
1.20660E+3 4.70934E-1 1.20660E+3 1.76250E-4
1.22660E+3 4.70149E-1 1.22660E+3 1.76176E-4
1.24660E+3 4.70853E-1 1.24660E+3 1.76288E-4
1.26660E+3 4.70633E-1 1.26660E+3 1.76409E-4
1.28660E+3 4.70579E-1 1.28660E+3 1.76289E-4
1.30660E+3 4.70572E-1 1.30660E+3 1.76194E-4
1.32660E+3 4.70339E-1 1.32660E+3 1.76153E-4
1.34660E+3 4.70155E-1 1.34660E+3 1.76356E-4
1.36660E+3 4.70606E-1 1.36660E+3 1.76294E-4
1.38660E+3 4.71167E-1 1.38660E+3 1.76235E-4
1.40660E+3 4.71103E-1 1.40660E+3 1.76073E-4
1.42660E+3 4.70916E-1 1.42660E+3 1.76068E-4
1.44660E+3 4.70296E-1 1.44660E+3 1.76155E-4
1.46660E+3 4.70982E-1 1.46660E+3 1.76243E-4
1.48660E+3 4.70652E-1 1.48660E+3 1.76287E-4
1.50660E+3 4.70442E-1 1.50660E+3 1.76100E-4
1.52660E+3 4.70553E-1 1.52660E+3 1.75933E-4
1.54660E+3 4.70518E-1 1.54660E+3 1.76079E-4
1.56660E+3 4.70567E-1 1.56660E+3 1.76113E-4
1.58660E+3 4.70929E-1 1.58660E+3 1.76148E-4
1.60660E+3 4.70787E-1 1.60660E+3 1.76079E-4
1.62660E+3 4.70596E-1 1.62660E+3 1.75980E-4
1.64660E+3 4.70638E-1 1.64660E+3 1.75983E-4
1.66660E+3 4.71462E-1 1.66660E+3 1.76058E-4
1.68660E+3 4.71364E-1 1.68660E+3 1.76078E-4
1.70660E+3 4.70666E-1 1.70660E+3 1.76156E-4
1.72660E+3 4.70679E-1 1.72660E+3 1.76101E-4
1.74660E+3 4.70325E-1 1.74660E+3 1.75947E-4
1.76660E+3 4.71132E-1 1.76660E+3 1.76069E-4
1.78660E+3 4.71153E-1 1.78660E+3 1.76316E-4
1.80660E+3 4.70729E-1 1.80660E+3 1.75982E-4
1.82660E+3 4.70568E-1 1.82660E+3 1.76048E-4
1.84660E+3 4.71031E-1 1.84660E+3 1.75928E-4
1.86660E+3 4.70924E-1 1.86660E+3 1.76006E-4
1.88660E+3 4.71177E-1 1.88660E+3 1.76142E-4
1.90660E+3 4.70676E-1 1.90660E+3 1.76072E-4
1.92660E+3 4.71113E-1 1.92660E+3 1.75908E-4
1.94660E+3 4.70823E-1 1.94660E+3 1.75804E-4
1.96660E+3 4.70832E-1 1.96660E+3 1.75884E-4
1.98660E+3 4.71085E-1 1.98660E+3 1.75932E-4
2.00660E+3 4.71351E-1 2.00660E+3 1.76049E-4
2.02660E+3 4.71902E-1 2.02660E+3 1.76004E-4
2.04660E+3 4.71192E-1 2.04660E+3 1.75843E-4
2.06660E+3 4.71506E-1 2.06660E+3 1.75808E-4
2.08660E+3 4.71181E-1 2.08660E+3 1.75894E-4
2.10660E+3 4.71499E-1 2.10660E+3 1.76122E-4
2.12660E+3 4.71119E-1 2.12660E+3 1.75996E-4
2.14660E+3 4.71163E-1 2.14660E+3 1.75724E-4
2.16660E+3 4.71082E-1 2.16660E+3 1.75837E-4
2.18660E+3 4.71418E-1 2.18660E+3 1.75876E-4
2.20660E+3 4.71185E-1 2.20660E+3 1.75897E-4
2.22660E+3 4.70940E-1 2.22660E+3 1.75935E-4
2.24660E+3 4.71401E-1 2.24660E+3 1.75758E-4
2.26660E+3 4.71179E-1 2.26660E+3 1.75749E-4
2.28660E+3 4.71184E-1 2.28660E+3 1.75764E-4
2.30660E+3 4.70934E-1 2.30660E+3 1.75899E-4
2.32660E+3 4.70760E-1 2.32660E+3 1.75967E-4
2.34660E+3 4.71075E-1 2.34660E+3 1.75895E-4
2.36660E+3 4.70766E-1 2.36660E+3 1.75712E-4
2.38660E+3 4.70931E-1 2.38660E+3 1.75819E-4
2.40660E+3 4.71098E-1 2.40660E+3 1.75795E-4
2.42660E+3 4.71318E-1 2.42660E+3 1.75924E-4
2.44660E+3 4.71235E-1 2.44660E+3 1.75830E-4
2.46660E+3 4.71151E-1 2.46660E+3 1.75751E-4
2.48660E+3 4.71353E-1 2.48660E+3 1.75635E-4
2.50660E+3 4.70945E-1 2.50660E+3 1.75736E-4
2.52660E+3 4.71294E-1 2.52660E+3 1.75813E-4
2.54660E+3 4.71738E-1 2.54660E+3 1.75912E-4
2.56660E+3 4.71488E-1 2.56660E+3 1.75648E-4
2.58660E+3 4.71341E-1 2.58660E+3 1.75577E-4
2.60660E+3 4.70968E-1 2.60660E+3 1.75864E-4
2.62660E+3 4.71881E-1 2.62660E+3 1.75837E-4
2.64660E+3 4.71228E-1 2.64660E+3 1.75817E-4
2.66660E+3 4.71398E-1 2.66660E+3 1.75753E-4
2.68660E+3 4.71155E-1 2.68660E+3 1.75607E-4
2.72660E+3 4.71598E-1 2.72660E+3 1.75811E-4
2.74660E+3 4.71341E-1 2.74660E+3 1.75742E-4
2.76660E+3 4.71132E-1 2.76660E+3 1.75681E-4
2.78660E+3 4.71956E-1 2.78660E+3 1.75581E-4
2.80660E+3 4.71372E-1 2.80660E+3 1.75584E-4
2.82660E+3 4.71380E-1 2.82660E+3 1.75682E-4
2.84660E+3 4.71420E-1 2.84660E+3 1.75835E-4
2.86660E+3 4.71121E-1 2.86660E+3 1.75729E-4
2.88660E+3 4.71010E-1 2.88660E+3 1.75485E-4
2.90660E+3 4.71411E-1 2.90660E+3 1.75548E-4
2.92660E+3 4.71579E-1 2.92660E+3 1.75593E-4
2.94660E+3 4.72034E-1 2.94660E+3 1.75660E-4
2.96660E+3 4.71611E-1 2.96660E+3 1.75707E-4
2.98660E+3 4.71011E-1 2.98660E+3 1.75630E-4
3.00660E+3 4.71154E-1 3.00660E+3 1.75505E-4
3.02660E+3 4.71836E-1 3.02660E+3 1.75485E-4
3.04660E+3 4.71209E-1 3.04660E+3 1.75698E-4
3.06660E+3 4.71331E-1 3.06660E+3 1.75588E-4
3.08660E+3 4.71869E-1 3.08660E+3 1.75468E-4
3.10660E+3 4.71496E-1 3.10660E+3 1.75574E-4
3.12660E+3 4.71453E-1 3.12660E+3 1.75368E-4
3.14660E+3 4.71599E-1 3.14660E+3 1.75643E-4
3.16660E+3 4.70931E-1 3.16660E+3 1.75587E-4
3.18660E+3 4.71879E-1 3.18660E+3 1.75546E-4
3.20660E+3 4.71221E-1 3.20660E+3 1.75383E-4
3.22660E+3 4.71596E-1 3.22660E+3 1.75394E-4
3.24660E+3 4.71387E-1 3.24660E+3 1.75617E-4
3.26660E+3 4.71534E-1 3.26660E+3 1.75596E-4
3.30660E+3 4.71769E-1 3.30660E+3 1.75643E-4
3.32660E+3 4.71349E-1 3.32660E+3 1.75423E-4
3.34660E+3 4.71517E-1 3.34660E+3 1.75395E-4
3.36660E+3 4.71984E-1 3.36660E+3 1.75478E-4
3.38660E+3 4.71221E-1 3.38660E+3 1.75520E-4
3.40660E+3 4.71299E-1 3.40660E+3 1.75479E-4
3.42660E+3 4.71047E-1 3.42660E+3 1.75318E-4
3.44660E+3 4.71623E-1 3.44660E+3 1.75332E-4
3.46660E+3 4.71463E-1 3.46660E+3 1.75391E-4
3.48660E+3 4.71873E-1 3.48660E+3 1.75489E-4
3.50660E+3 4.71926E-1 3.50660E+3 1.75479E-4
3.52660E+3 4.72677E-1 3.52660E+3 1.75481E-4
3.54660E+3 4.71476E-1 3.54660E+3 1.75428E-4
3.56660E+3 4.71955E-1 3.56660E+3 1.75380E-4
3.58660E+3 4.71179E-1 3.58660E+3 1.75564E-4
3.60660E+3 4.71831E-1 3.60660E+3 1.75681E-4
3.62660E+3 4.72191E-1 3.62660E+3 1.75544E-4
3.64660E+3 4.71126E-1 3.64660E+3 1.75375E-4
3.66660E+3 4.70963E-1 3.66660E+3 1.75345E-4
3.68660E+3 4.71163E-1 3.68660E+3 1.75444E-4
3.70660E+3 4.71262E-1 3.70660E+3 1.75435E-4
3.72660E+3 4.71464E-1 3.72660E+3 1.75438E-4
3.74660E+3 4.71714E-1 3.74660E+3 1.75326E-4
3.76660E+3 4.71966E-1 3.76660E+3 1.75117E-4
3.78660E+3 4.71482E-1 3.78660E+3 1.75246E-4
3.80660E+3 4.71678E-1 3.80660E+3 1.75465E-4
3.82660E+3 4.71094E-1 3.82660E+3 1.75490E-4
3.84660E+3 4.71511E-1 3.84660E+3 1.75458E-4
3.86660E+3 4.71665E-1 3.86660E+3 1.75401E-4
3.88660E+3 4.71927E-1 3.88660E+3 1.75316E-4
3.90660E+3 4.71814E-1 3.90660E+3 1.75329E-4
3.92660E+3 4.71523E-1 3.92660E+3 1.75493E-4
3.94660E+3 4.72167E-1 3.94660E+3 1.75343E-4
3.96660E+3 4.71897E-1 3.96660E+3 1.75345E-4
3.98660E+3 4.71553E-1 3.98660E+3 1.75130E-4
4.00660E+3 4.71714E-1 4.00660E+3 1.75235E-4
4.02660E+3 4.71458E-1 4.02660E+3 1.75438E-4
4.04660E+3 4.72406E-1 4.04660E+3 1.75463E-4
4.06660E+3 4.71627E-1 4.06660E+3 1.75234E-4
4.08660E+3 4.71098E-1 4.08660E+3 1.75243E-4
4.10660E+3 4.71758E-1 4.10660E+3 1.75253E-4
4.12660E+3 4.71945E-1 4.12660E+3 1.75302E-4
4.14660E+3 4.71632E-1 4.14660E+3 1.75284E-4
4.16660E+3 4.71571E-1 4.16660E+3 1.75295E-4
4.18660E+3 4.71794E-1 4.18660E+3 1.75144E-4
4.20660E+3 4.71256E-1 4.20660E+3 1.75225E-4
4.22660E+3 4.71845E-1 4.22660E+3 1.75331E-4
4.24660E+3 4.71586E-1 4.24660E+3 1.75335E-4
4.26660E+3 4.71875E-1 4.26660E+3 1.75308E-4
4.28660E+3 4.71824E-1 4.28660E+3 1.75254E-4
4.30660E+3 4.72223E-1 4.30660E+3 1.75153E-4
4.32660E+3 4.71023E-1 4.32660E+3 1.75138E-4
4.34660E+3 4.71804E-1 4.34660E+3 1.75330E-4
4.36660E+3 4.72132E-1 4.36660E+3 1.75287E-4
4.38660E+3 4.71886E-1 4.38660E+3 1.75244E-4
4.40660E+3 4.71253E-1 4.40660E+3 1.75084E-4
4.42660E+3 4.71399E-1 4.42660E+3 1.75187E-4
4.44660E+3 4.71847E-1 4.44660E+3 1.75185E-4
4.46660E+3 4.71947E-1 4.46660E+3 1.75344E-4
4.48660E+3 4.71757E-1 4.48660E+3 1.75210E-4
4.50660E+3 4.71422E-1 4.50660E+3 1.75089E-4
4.52660E+3 4.71861E-1 4.52660E+3 1.75071E-4
4.54660E+3 4.72397E-1 4.54660E+3 1.75140E-4
4.56660E+3 4.71417E-1 4.56660E+3 1.75333E-4
4.58660E+3 4.72000E-1 4.58660E+3 1.75296E-4
4.60660E+3 4.71819E-1 4.60660E+3 1.75141E-4
4.62660E+3 4.71880E-1 4.62660E+3 1.75045E-4
4.64660E+3 4.72099E-1 4.64660E+3 1.75101E-4
4.66660E+3 4.72103E-1 4.66660E+3 1.75187E-4
4.68660E+3 4.72266E-1 4.68660E+3 1.75357E-4
4.70660E+3 4.71372E-1 4.70660E+3 1.75110E-4
4.72660E+3 4.71767E-1 4.72660E+3 1.75048E-4
4.74660E+3 4.72046E-1 4.74660E+3 1.74977E-4
4.76660E+3 4.71702E-1 4.76660E+3 1.75189E-4
4.78660E+3 4.71559E-1 4.78660E+3 1.75128E-4
4.80660E+3 4.71631E-1 4.80660E+3 1.75158E-4
4.82660E+3 4.71294E-1 4.82660E+3 1.75104E-4
4.84660E+3 4.71665E-1 4.84660E+3 1.75021E-4
4.86660E+3 4.71537E-1 4.86660E+3 1.75081E-4
4.88660E+3 4.71461E-1 4.88660E+3 1.75136E-4
4.90660E+3 4.71755E-1 4.90660E+3 1.75046E-4
4.92660E+3 4.71698E-1 4.92660E+3 1.75054E-4
4.94660E+3 4.71696E-1 4.94660E+3 1.75042E-4
4.96660E+3 4.72708E-1 4.96660E+3 1.75104E-4
4.98660E+3 4.72081E-1 4.98660E+3 1.75196E-4
5.00660E+3 4.71613E-1 5.00660E+3 1.75134E-4
5.02660E+3 4.71841E-1 5.02660E+3 1.75056E-4
5.04660E+3 4.71930E-1 5.04660E+3 1.74921E-4
5.06660E+3 4.71539E-1 5.06660E+3 1.74926E-4
5.08660E+3 4.71569E-1 5.08660E+3 1.75047E-4
5.10660E+3 4.71744E-1 5.10660E+3 1.75212E-4
5.12660E+3 4.71952E-1 5.12660E+3 1.75042E-4
5.14660E+3 4.71505E-1 5.14660E+3 1.74873E-4
5.16660E+3 4.72209E-1 5.16660E+3 1.75000E-4
5.18660E+3 4.72149E-1 5.18660E+3 1.75189E-4
5.20660E+3 4.71543E-1 5.20660E+3 1.75156E-4
5.22660E+3 4.71548E-1 5.22660E+3 1.74927E-4
5.24660E+3 4.72185E-1 5.24660E+3 1.74975E-4
5.26660E+3 4.71915E-1 5.26660E+3 1.74948E-4
5.28660E+3 4.71964E-1 5.28660E+3 1.74944E-4
5.30660E+3 4.72241E-1 5.30660E+3 1.74980E-4
5.32660E+3 4.72483E-1 5.32660E+3 1.75088E-4
5.34660E+3 4.72360E-1 5.34660E+3 1.75005E-4
5.36660E+3 4.71812E-1 5.36660E+3 1.75018E-4
5.38660E+3 4.72143E-1 5.38660E+3 1.74849E-4
5.40660E+3 4.71720E-1 5.40660E+3 1.75041E-4
5.42660E+3 4.71400E-1 5.42660E+3 1.75145E-4
5.44660E+3 4.72063E-1 5.44660E+3 1.74888E-4
5.46660E+3 4.71479E-1 5.46660E+3 1.75013E-4
5.48660E+3 4.72106E-1 5.48660E+3 1.74913E-4
5.50660E+3 4.71879E-1 5.50660E+3 1.74999E-4
5.52660E+3 4.72335E-1 5.52660E+3 1.75162E-4
5.54660E+3 4.72064E-1 5.54660E+3 1.74997E-4
5.56660E+3 4.71848E-1 5.56660E+3 1.74928E-4
5.58660E+3 4.71806E-1 5.58660E+3 1.74953E-4
5.60660E+3 4.72082E-1 5.60660E+3 1.75028E-4
5.62660E+3 4.72218E-1 5.62660E+3 1.74978E-4
5.64660E+3 4.72321E-1 5.64660E+3 1.75060E-4
5.66660E+3 4.71974E-1 5.66660E+3 1.74957E-4
5.68660E+3 4.72109E-1 5.68660E+3 1.74852E-4
5.70660E+3 4.71529E-1 5.70660E+3 1.74785E-4
5.72660E+3 4.71851E-1 5.72660E+3 1.74945E-4
5.74660E+3 4.72116E-1 5.74660E+3 1.74844E-4
5.76660E+3 4.71424E-1 5.76660E+3 1.74934E-4
5.78660E+3 4.72515E-1 5.78660E+3 1.74914E-4
5.80660E+3 4.71473E-1 5.80660E+3 1.74868E-4
5.82660E+3 4.72022E-1 5.82660E+3 1.74917E-4
5.86660E+3 4.71977E-1 5.86660E+3 1.75180E-4
5.88660E+3 4.71575E-1 5.88660E+3 1.74740E-4
5.90660E+3 4.71720E-1 5.90660E+3 1.74847E-4
5.92660E+3 4.71996E-1 5.92660E+3 1.75003E-4
5.94660E+3 4.71507E-1 5.94660E+3 1.74874E-4
5.96660E+3 4.72133E-1 5.96660E+3 1.74926E-4
5.98660E+3 4.72633E-1 5.98660E+3 1.74761E-4
6.00660E+3 4.71870E-1 6.00660E+3 1.74688E-4
6.02660E+3 4.71978E-1 6.02660E+3 1.74866E-4
6.04660E+3 4.71765E-1 6.04660E+3 1.74828E-4
6.06660E+3 4.72411E-1 6.06660E+3 1.74879E-4
6.08660E+3 4.72398E-1 6.08660E+3 1.74807E-4
6.10660E+3 4.71859E-1 6.10660E+3 1.74864E-4
6.12660E+3 4.72007E-1 6.12660E+3 1.74942E-4
6.14660E+3 4.72038E-1 6.14660E+3 1.75005E-4
6.16660E+3 4.71412E-1 6.16660E+3 1.74903E-4
6.18660E+3 4.72301E-1 6.18660E+3 1.74788E-4
6.20660E+3 4.72032E-1 6.20660E+3 1.74788E-4
6.22660E+3 4.72254E-1 6.22660E+3 1.74739E-4
6.24660E+3 4.72134E-1 6.24660E+3 1.74790E-4
6.26660E+3 4.71868E-1 6.26660E+3 1.75009E-4
6.28660E+3 4.72135E-1 6.28660E+3 1.74784E-4
6.30660E+3 4.71866E-1 6.30660E+3 1.74746E-4
6.32660E+3 4.71823E-1 6.32660E+3 1.74802E-4
6.34660E+3 4.71817E-1 6.34660E+3 1.74803E-4
6.36660E+3 4.71998E-1 6.36660E+3 1.74943E-4
6.38660E+3 4.72044E-1 6.38660E+3 1.75009E-4
6.40660E+3 4.71920E-1 6.40660E+3 1.74812E-4
6.42660E+3 4.72300E-1 6.42660E+3 1.74787E-4
6.44660E+3 4.71492E-1 6.44660E+3 1.74695E-4
6.46660E+3 4.72382E-1 6.46660E+3 1.74733E-4
6.48660E+3 4.71498E-1 6.48660E+3 1.74791E-4
6.50660E+3 4.71898E-1 6.50660E+3 1.74684E-4
6.52660E+3 4.72293E-1 6.52660E+3 1.74621E-4
6.54660E+3 4.72184E-1 6.54660E+3 1.74683E-4
6.56660E+3 4.72063E-1 6.56660E+3 1.74828E-4
6.58660E+3 4.72278E-1 6.58660E+3 1.74793E-4
6.60660E+3 4.71936E-1 6.60660E+3 1.74804E-4
6.62660E+3 4.71933E-1 6.62660E+3 1.74619E-4
6.64660E+3 4.72082E-1 6.64660E+3 1.74575E-4
6.66660E+3 4.72185E-1 6.66660E+3 1.74748E-4
6.68660E+3 4.71747E-1 6.68660E+3 1.74715E-4
6.70660E+3 4.72151E-1 6.70660E+3 1.74728E-4
6.72660E+3 4.71942E-1 6.72660E+3 1.74645E-4
6.74660E+3 4.72166E-1 6.74660E+3 1.74657E-4
6.76660E+3 4.72417E-1 6.76660E+3 1.74799E-4
6.78660E+3 4.72047E-1 6.78660E+3 1.74729E-4
6.80660E+3 4.71831E-1 6.80660E+3 1.74858E-4
6.82660E+3 4.71915E-1 6.82660E+3 1.74744E-4
6.84660E+3 4.71750E-1 6.84660E+3 1.74486E-4
6.86660E+3 4.72334E-1 6.86660E+3 1.74591E-4
6.88660E+3 4.71690E-1 6.88660E+3 1.74598E-4
6.90660E+3 4.71720E-1 6.90660E+3 1.74769E-4
6.92660E+3 4.72592E-1 6.92660E+3 1.74622E-4
6.94660E+3 4.72416E-1 6.94660E+3 1.74646E-4
6.96660E+3 4.71797E-1 6.96660E+3 1.74543E-4
6.98660E+3 4.72144E-1 6.98660E+3 1.74684E-4
7.00660E+3 4.72146E-1 7.00660E+3 1.74841E-4
7.02660E+3 4.72419E-1 7.02660E+3 1.74686E-4
7.04660E+3 4.72386E-1 7.04660E+3 1.74522E-4
7.06660E+3 4.72154E-1 7.06660E+3 1.74528E-4
7.08660E+3 4.72727E-1 7.08660E+3 1.74545E-4
7.10660E+3 4.72244E-1 7.10660E+3 1.74689E-4
7.12660E+3 4.72086E-1 7.12660E+3 1.74914E-4
7.14660E+3 4.72230E-1 7.14660E+3 1.74692E-4
7.16660E+3 4.72147E-1 7.16660E+3 1.74485E-4
7.18660E+3 4.72020E-1 7.18660E+3 1.74525E-4
7.20660E+3 4.72549E-1 7.20660E+3 1.75236E-4
7.51480E+3 4.70516E-1 7.51480E+3 1.75288E-4
7.81480E+3 4.69999E-1 7.81480E+3 1.75725E-4
8.11480E+3 4.69810E-1 8.11480E+3 1.75310E-4
8.41480E+3 4.70266E-1 8.41480E+3 1.75562E-4
8.71480E+3 4.69760E-1 8.71480E+3 1.75677E-4
9.01480E+3 4.69537E-1 9.01480E+3 1.75927E-4
9.31480E+3 4.69747E-1 9.31480E+3 1.75554E-4
9.61480E+3 4.69728E-1 9.61480E+3 1.75920E-4
9.91480E+3 4.69564E-1 9.91480E+3 1.75970E-4
1.02148E+4 4.69720E-1 1.02148E+4 1.75828E-4
1.05148E+4 4.69778E-1 1.05148E+4 1.75698E-4
1.08148E+4 4.69462E-1 1.08148E+4 1.75766E-4
1.11148E+4 4.69503E-1 1.11148E+4 1.75745E-4
1.14148E+4 4.70235E-1 1.14148E+4 1.75975E-4
1.17148E+4 4.69976E-1 1.17148E+4 1.75975E-4
1.20148E+4 4.70016E-1 1.20148E+4 1.75749E-4
1.23148E+4 4.69278E-1 1.23148E+4 1.75908E-4
1.26148E+4 4.69986E-1 1.26148E+4 1.75980E-4
1.29148E+4 4.69327E-1 1.29148E+4 1.76113E-4
1.32148E+4 4.70056E-1 1.32148E+4 1.76192E-4
1.35148E+4 4.69976E-1 1.35148E+4 1.75813E-4
1.38148E+4 4.69549E-1 1.38148E+4 1.76072E-4
1.41148E+4 4.69435E-1 1.41148E+4 1.76079E-4
1.44148E+4 4.69665E-1 1.44148E+4 1.75985E-4
1.47148E+4 4.69328E-1 1.47148E+4 1.76024E-4
1.50148E+4 4.69180E-1 1.50148E+4 1.75961E-4
1.53148E+4 4.69921E-1 1.53148E+4 1.76280E-4
1.56148E+4 4.69329E-1 1.56148E+4 1.76006E-4
1.59148E+4 4.69469E-1 1.59148E+4 1.76241E-4
1.62148E+4 4.69188E-1 1.62148E+4 1.76187E-4
1.65148E+4 4.69472E-1 1.65148E+4 1.75965E-4
