-9.0033530E-2 -2.0171810E-4
-5.9834960E-2 -2.0017560E-4
-2.9989720E-2 -1.9843600E-4
-4.2438510E-5 -1.9708470E-4
1.0235940E-2 -1.9659180E-4
2.0139720E-2 -1.9566400E-4
3.0020240E-2 -1.9514790E-4
3.9995190E-2 -1.9439400E-4
5.0015930E-2 -1.9391280E-4
5.9967990E-2 -1.9306040E-4
7.0034030E-2 -1.9225430E-4
7.9975130E-2 -1.9130330E-4
9.0007310E-2 -1.9047980E-4
1.0002800E-1 -1.8938390E-4
1.1000300E-1 -1.8837480E-4
1.1998940E-1 -1.8708750E-4
1.2997580E-1 -1.8578850E-4
1.3998510E-1 -1.8388070E-4
1.5002820E-1 -1.8189160E-4
1.5999220E-1 -1.7892250E-4
1.7001300E-1 -1.7569840E-4
1.7998790E-1 -1.7150000E-4
1.8997430E-1 -1.6646660E-4
1.9997220E-1 -1.5876560E-4
2.0997000E-1 -1.4927870E-4
2.1997020E-1 -1.3598170E-4
2.2994520E-1 -1.1863720E-4
2.4000020E-1 -9.4685860E-5
2.4981550E-1 -6.6987810E-5
2.5988200E-1 -2.1964840E-5
2.6981160E-1 3.4635930E-5
2.7994630E-1 1.1863840E-4
2.8993270E-1 2.1588780E-4
2.9993060E-1 3.7069220E-4
3.0995130E-1 5.6669840E-4
3.2005170E-1 8.6345660E-4
3.2998130E-1 1.1758640E-3
3.3993390E-1 1.6376580E-3
3.4996560E-1 2.2271150E-3
3.5996390E-1 3.0349210E-3
3.6993890E-1 3.8940120E-3
3.7994810E-1 4.9906350E-3
3.8992310E-1 6.1419640E-3
3.9994380E-1 7.7149270E-3
4.0996460E-1 9.3780590E-3
4.1996240E-1 1.1262700E-2
4.2999460E-1 1.3322190E-2
4.3994710E-1 1.5733330E-2
4.4993350E-1 1.7939970E-2
4.5995430E-1 2.0443810E-2
4.6999790E-1 2.2788330E-2
4.7997280E-1 2.5699420E-2
4.9001650E-1 2.8491750E-2
5.0000290E-1 3.1735390E-2
