6.398E-4 -2.301E-4
1.069E-2 -2.285E-4
2.026E-2 -2.268E-4
3.009E-2 -2.254E-4
4.005E-2 -2.235E-4
4.975E-2 -2.219E-4
6.087E-2 -2.198E-4
7.072E-2 -2.179E-4
8.051E-2 -2.160E-4
9.038E-2 -2.142E-4
1.002E-1 -2.120E-4
1.111E-1 -2.096E-4
1.210E-1 -2.077E-4
1.309E-1 -2.052E-4
1.406E-1 -2.027E-4
1.506E-1 -2.002E-4
1.617E-1 -1.969E-4
1.716E-1 -1.939E-4
1.814E-1 -1.909E-4
1.912E-1 -1.879E-4
2.011E-1 -1.842E-4
2.108E-1 -1.804E-4
2.219E-1 -1.759E-4
2.319E-1 -1.717E-4
2.414E-1 -1.668E-4
2.513E-1 -1.623E-4
2.613E-1 -1.571E-4
2.723E-1 -1.509E-4
2.821E-1 -1.447E-4
2.920E-1 -1.391E-4
3.019E-1 -1.327E-4
3.117E-1 -1.264E-4
3.228E-1 -1.182E-4
3.327E-1 -1.109E-4
3.426E-1 -1.029E-4
3.521E-1 -9.493E-5
3.619E-1 -8.769E-5
3.731E-1 -7.798E-5
3.827E-1 -6.847E-5
3.928E-1 -5.931E-5
4.025E-1 -5.026E-5
4.221E-1 -2.953E-5
4.431E-1 -7.445E-6
4.629E-1 1.474E-5
4.838E-1 4.004E-5
5.034E-1 6.384E-5
5.537E-1 1.272E-4
6.041E-1 1.888E-4
6.544E-1 2.486E-4
7.048E-1 3.040E-4
7.551E-1 3.568E-4
8.057E-1 4.070E-4
8.561E-1 4.539E-4
9.065E-1 5.005E-4
9.566E-1 5.436E-4
1.006E+0 5.850E-4
