9.799E-4 -2.327E-4
1.063E-2 -2.313E-4
2.056E-2 -2.295E-4
3.026E-2 -2.281E-4
4.024E-2 -2.263E-4
4.994E-2 -2.245E-4
6.088E-2 -2.226E-4
7.084E-2 -2.206E-4
8.049E-2 -2.188E-4
9.027E-2 -2.165E-4
1.002E-1 -2.149E-4
1.112E-1 -2.122E-4
1.210E-1 -2.102E-4
1.310E-1 -2.075E-4
1.408E-1 -2.052E-4
1.506E-1 -2.025E-4
1.617E-1 -1.995E-4
1.715E-1 -1.964E-4
1.813E-1 -1.933E-4
1.913E-1 -1.898E-4
2.010E-1 -1.861E-4
2.108E-1 -1.821E-4
2.220E-1 -1.777E-4
2.319E-1 -1.737E-4
2.416E-1 -1.691E-4
2.515E-1 -1.633E-4
2.613E-1 -1.582E-4
2.723E-1 -1.522E-4
2.823E-1 -1.464E-4
2.921E-1 -1.400E-4
3.018E-1 -1.334E-4
3.119E-1 -1.263E-4
3.228E-1 -1.184E-4
3.325E-1 -1.110E-4
3.425E-1 -1.027E-4
3.522E-1 -9.493E-5
3.620E-1 -8.592E-5
3.731E-1 -7.692E-5
3.828E-1 -6.726E-5
3.928E-1 -5.846E-5
4.026E-1 -4.754E-5
4.220E-1 -2.782E-5
4.430E-1 -3.572E-6
4.628E-1 1.761E-5
4.835E-1 4.331E-5
5.032E-1 6.736E-5
5.539E-1 1.321E-4
6.042E-1 1.931E-4
6.546E-1 2.489E-4
7.050E-1 3.057E-4
7.554E-1 3.579E-4
8.057E-1 4.072E-4
8.561E-1 4.542E-4
9.062E-1 4.999E-4
9.568E-1 5.434E-4
1.006E+0 5.841E-4
