1.037E-3 -2.297E-4
1.053E-2 -2.282E-4
2.027E-2 -2.266E-4
3.034E-2 -2.250E-4
3.993E-2 -2.233E-4
4.996E-2 -2.215E-4
6.083E-2 -2.194E-4
7.067E-2 -2.176E-4
8.049E-2 -2.158E-4
9.031E-2 -2.137E-4
1.002E-1 -2.116E-4
1.115E-1 -2.095E-4
1.212E-1 -2.071E-4
1.309E-1 -2.049E-4
1.408E-1 -2.024E-4
1.505E-1 -1.998E-4
1.617E-1 -1.967E-4
1.717E-1 -1.939E-4
1.815E-1 -1.906E-4
1.911E-1 -1.874E-4
2.011E-1 -1.839E-4
2.111E-1 -1.801E-4
2.220E-1 -1.753E-4
2.320E-1 -1.713E-4
2.416E-1 -1.667E-4
2.513E-1 -1.620E-4
2.614E-1 -1.569E-4
2.723E-1 -1.505E-4
2.822E-1 -1.450E-4
2.920E-1 -1.391E-4
3.018E-1 -1.325E-4
3.117E-1 -1.262E-4
3.227E-1 -1.184E-4
3.324E-1 -1.110E-4
3.424E-1 -1.032E-4
3.522E-1 -9.583E-5
3.621E-1 -8.693E-5
3.729E-1 -7.747E-5
3.828E-1 -6.832E-5
3.930E-1 -5.896E-5
4.026E-1 -4.920E-5
4.221E-1 -2.943E-5
4.431E-1 -7.295E-6
4.629E-1 1.444E-5
4.835E-1 3.843E-5
5.032E-1 6.389E-5
5.538E-1 1.265E-4
6.042E-1 1.890E-4
6.547E-1 2.472E-4
7.047E-1 3.043E-4
7.551E-1 3.568E-4
8.056E-1 4.080E-4
8.561E-1 4.548E-4
9.066E-1 5.009E-4
9.569E-1 5.446E-4
1.006E+0 5.851E-4
