9.306E-4 -2.284E-4
1.053E-2 -2.270E-4
2.022E-2 -2.254E-4
3.002E-2 -2.237E-4
4.006E-2 -2.218E-4
4.983E-2 -2.202E-4
6.096E-2 -2.181E-4
7.079E-2 -2.164E-4
8.052E-2 -2.146E-4
9.036E-2 -2.125E-4
1.002E-1 -2.107E-4
1.115E-1 -2.083E-4
1.210E-1 -2.060E-4
1.309E-1 -2.036E-4
1.408E-1 -2.011E-4
1.507E-1 -1.989E-4
1.619E-1 -1.956E-4
1.716E-1 -1.928E-4
1.815E-1 -1.895E-4
1.913E-1 -1.865E-4
2.010E-1 -1.828E-4
2.111E-1 -1.790E-4
2.221E-1 -1.748E-4
2.318E-1 -1.704E-4
2.418E-1 -1.661E-4
2.513E-1 -1.613E-4
2.612E-1 -1.555E-4
2.724E-1 -1.502E-4
2.820E-1 -1.443E-4
2.920E-1 -1.382E-4
3.020E-1 -1.316E-4
3.117E-1 -1.258E-4
3.228E-1 -1.173E-4
3.326E-1 -1.100E-4
3.422E-1 -1.032E-4
3.521E-1 -9.483E-5
3.621E-1 -8.713E-5
3.729E-1 -7.707E-5
3.829E-1 -6.781E-5
3.929E-1 -5.946E-5
4.025E-1 -4.980E-5
4.224E-1 -3.034E-5
4.430E-1 -7.546E-6
4.629E-1 1.509E-5
4.834E-1 3.914E-5
5.035E-1 6.238E-5
5.537E-1 1.252E-4
6.043E-1 1.885E-4
6.545E-1 2.476E-4
7.048E-1 3.036E-4
7.554E-1 3.557E-4
8.056E-1 4.064E-4
8.560E-1 4.542E-4
9.065E-1 5.004E-4
9.568E-1 5.438E-4
1.006E+0 5.839E-4
