-8.9951990E-2 -2.0014340E-4
-5.9970860E-2 -1.9878070E-4
-3.0057910E-2 -1.9748750E-4
-8.0108640E-5 -1.9608430E-4
1.0371210E-2 -1.9597980E-4
2.0174710E-2 -1.9479690E-4
3.0053140E-2 -1.9453590E-4
4.0005210E-2 -1.9378800E-4
5.0003050E-2 -1.9326610E-4
5.9966560E-2 -1.9268610E-4
6.9987300E-2 -1.9208310E-4
8.0064770E-2 -1.9135830E-4
9.0073590E-2 -1.9090590E-4
1.0000280E-1 -1.9000720E-4
1.0995480E-1 -1.8923010E-4
1.1996410E-1 -1.8810500E-4
1.2999580E-1 -1.8663220E-4
1.3998220E-1 -1.8503750E-4
1.4990040E-1 -1.8319930E-4
1.5997790E-1 -1.8094350E-4
1.6999820E-1 -1.7807900E-4
1.8000750E-1 -1.7424590E-4
1.8997100E-1 -1.6902700E-4
1.9997980E-1 -1.6230620E-4
2.0996620E-1 -1.5331220E-4
2.1993260E-1 -1.4204520E-4
2.2989610E-1 -1.2473580E-4
2.4007610E-1 -1.0296120E-4
2.4981160E-1 -7.3033750E-5
2.6011710E-1 -2.7530220E-5
2.6996660E-1 2.6165520E-5
2.8029490E-1 1.0244690E-4
2.8998520E-1 2.0232660E-4
2.9991440E-1 3.5632820E-4
3.1003760E-1 5.3093910E-4
3.2004690E-1 7.8081410E-4
3.3002190E-1 1.0794200E-3
3.4001920E-1 1.5103780E-3
3.4997180E-1 1.9824800E-3
3.5994670E-1 2.5907010E-3
3.6992170E-1 3.2258090E-3
3.7998770E-1 4.1133390E-3
3.8992830E-1 5.0560370E-3
4.0002870E-1 6.2362030E-3
4.1004940E-1 7.3497300E-3
4.2000150E-1 8.6548330E-3
4.2986250E-1 9.8665820E-3
4.3986030E-1 1.1451360E-2
4.5004030E-1 1.2824920E-2
4.5991280E-1 1.4529260E-2
4.7012710E-1 1.6180870E-2
4.7997670E-1 1.8059020E-2
4.9012230E-1 1.9738440E-2
4.9997190E-1 2.1591660E-2
5.0993590E-1 2.3242130E-2
5.2003620E-1 2.5241910E-2
5.2993110E-1 2.7133380E-2
5.4008870E-1 2.9225270E-2
5.4991530E-1 3.1182770E-2
