0.000E+0 0
1.000E-2 3.94369923E-14
2.000E-2 9.77472269E-14
3.000E-2 1.83978216E-13
4.000E-2 3.11514453E-13
5.000E-2 5.00156242E-13
6.000E-2 7.79195019E-13
7.000E-2 1.19196289E-12
8.000E-2 1.8025634E-12
9.000E-2 2.70582955E-12
1.000E-1 4.04205753E-12
1.100E-1 6.01880761E-12
1.200E-1 8.94316435E-12
1.300E-1 1.32694777E-11
1.400E-1 1.96700183E-11
1.500E-1 2.91395526E-11
1.600E-1 4.31501277E-11
1.700E-1 6.38801857E-11
1.800E-1 9.45537055E-11
1.900E-1 1.39942224E-10
2.000E-1 2.07107961E-10
2.100E-1 3.06503855E-10
2.200E-1 4.5360191E-10
2.300E-1 6.71303599E-10
2.400E-1 9.93507893E-10
2.500E-1 1.47039291E-9
2.600E-1 2.17623405E-9
2.700E-1 3.22097676E-9
2.800E-1 4.76736703E-9
2.900E-1 7.05630817E-9
3.000E-1 1.04443941E-8
3.100E-1 1.54594654E-8
3.200E-1 2.28828408E-8
3.300E-1 3.38710294E-8
3.400E-1 5.01358737E-8
3.500E-1 7.42111629E-8
3.600E-1 1.09847201E-7
3.700E-1 1.62594691E-7
3.800E-1 2.4066868E-7
3.900E-1 3.5622669E-7
4.000E-1 5.27259183E-7
4.100E-1 7.80384804E-7
4.200E-1 1.15498151E-6
4.300E-1 1.70928782E-6
4.400E-1 2.52940467E-6
4.500E-1 3.74255769E-6
