0.000E+0 -0.0551446339
1.000E-2 -0.0551392975
2.000E-2 -0.0551337
3.000E-2 -0.055127753
4.000E-2 -0.0551213365
5.000E-2 -0.0551142885
6.000E-2 -0.0551063903
7.000E-2 -0.055097348
8.000E-2 -0.0550867672
9.000E-2 -0.0550741196
1.000E-1 -0.0550586982
1.100E-1 -0.055039557
1.200E-1 -0.0550154278
1.300E-1 -0.0549846066
1.400E-1 -0.0549447938
1.500E-1 -0.0548928724
1.600E-1 -0.0548245923
1.700E-1 -0.0547341255
1.800E-1 -0.0546134338
1.900E-1 -0.0544513696
2.000E-1 -0.0542323976
2.100E-1 -0.0539347736
2.200E-1 -0.0535279504
2.300E-1 -0.0529688783
2.400E-1 -0.0521967253
2.500E-1 -0.0511253376
2.600E-1 -0.0496324641
2.700E-1 -0.0475443471
2.800E-1 -0.0446136748
2.900E-1 -0.0404880216
3.000E-1 -0.0346646539
3.100E-1 -0.0264257914
3.200E-1 -0.0147458502
3.300E-1 0.00184148589
