-9.0055470E-2 -4.1105490E-6
-5.9937000E-2 -2.7424810E-6
-3.0012130E-2 -1.4015480E-6
2.2378560E-4 1.9069700E-8
9.9861320E-3 4.8851120E-7
1.9716710E-2 9.5653790E-7
2.9893880E-2 1.4367270E-6
4.0085790E-2 2.0412660E-6
4.9901010E-2 2.5454520E-6
6.0058120E-2 3.2370970E-6
6.9987770E-2 3.7467980E-6
8.0053810E-2 4.4205660E-6
8.9914800E-2 4.9920130E-6
1.0004950E-1 5.8862720E-6
1.0993340E-1 6.7225230E-6
1.2002230E-1 7.9707190E-6
1.2994000E-1 9.1292080E-6
1.3998370E-1 1.0607780E-5
1.4999250E-1 1.2778330E-5
1.5995650E-1 1.5066570E-5
1.6998820E-1 1.8264690E-5
1.7995170E-1 2.1840310E-5
1.9000670E-1 2.7589950E-5
1.9994740E-1 3.4673340E-5
2.1000190E-1 4.5771910E-5
2.1994540E-1 5.8208300E-5
2.2996620E-1 7.5501270E-5
2.3995260E-1 9.9982630E-5
2.4993900E-1 1.3667230E-4
2.5991390E-1 1.8026310E-4
2.7000330E-1 2.4434740E-4
2.7993250E-1 3.2051680E-4
2.8995320E-1 4.3782380E-4
2.9980280E-1 5.8964620E-4
3.0993750E-1 8.0508900E-4
3.1985570E-1 1.0408930E-3
3.3000140E-1 1.4131530E-3
3.3986280E-1 1.8404650E-3
3.5000850E-1 2.4732610E-3
3.5994960E-1 3.1243670E-3
3.7001560E-1 3.9625340E-3
3.7995670E-1 4.8403350E-3
3.8995460E-1 5.9882920E-3
3.9984940E-1 7.2234050E-3
4.0997270E-1 8.6761120E-3
4.1991380E-1 1.0162080E-2
4.3000270E-1 1.1916070E-2
4.3996620E-1 1.3564810E-2
4.4998690E-1 1.5446440E-2
4.5993900E-1 1.7237110E-2
4.6999410E-1 1.9322650E-2
4.8000340E-1 2.1421520E-2
4.8998980E-1 2.3668110E-2
4.9997620E-1 2.5871260E-2
5.0997400E-1 2.8049500E-2
5.2000620E-1 3.0450200E-2
