-9.0064530E-2 -4.4436440E-6
-5.9969430E-2 -2.9988410E-6
-2.9965880E-2 -1.5166990E-6
4.1186810E-5 -9.3771180E-9
9.9387760E-3 4.9460160E-7
2.0040120E-2 1.0328850E-6
2.9939170E-2 1.5816710E-6
3.9936540E-2 2.1399830E-6
5.0047870E-2 2.8017530E-6
6.0022830E-2 3.3942340E-6
7.0020200E-2 4.0714730E-6
8.0040450E-2 4.7348280E-6
9.0038300E-2 5.5157780E-6
9.9944590E-2 6.3784450E-6
1.0996480E-1 7.3854590E-6
1.1992840E-1 8.5103840E-6
1.3002820E-1 9.8309480E-6
1.4003710E-1 1.1546350E-5
1.5006880E-1 1.3517930E-5
1.5998650E-1 1.6035190E-5
1.7000680E-1 1.9167110E-5
1.7993590E-1 2.3366590E-5
1.9000200E-1 2.9019840E-5
2.0001080E-1 3.6381970E-5
2.0994000E-1 4.6162230E-5
2.2008800E-1 5.8238770E-5
2.2991470E-1 7.6934050E-5
2.3993490E-1 1.0056240E-4
2.4994420E-1 1.3521940E-4
2.5991870E-1 1.7619950E-4
2.6997330E-1 2.4064190E-4
2.7995970E-1 3.2365760E-4
2.8994560E-1 4.4971220E-4
3.0002310E-1 5.9608580E-4
3.0998660E-1 8.0338190E-4
3.1983610E-1 1.0445780E-3
3.2999320E-1 1.4407600E-3
3.4003640E-1 1.8770420E-3
3.4996560E-1 2.4453270E-3
3.5994050E-1 3.0764860E-3
3.6988120E-1 3.9555410E-3
3.7996960E-1 4.9395970E-3
3.8993310E-1 6.1947850E-3
4.0001060E-1 7.4121930E-3
4.0999650E-1 8.8701970E-3
4.1982320E-1 1.0292220E-2
4.3002610E-1 1.2145190E-2
4.3990950E-1 1.3796790E-2
4.5006700E-1 1.5835360E-2
4.5997330E-1 1.7865240E-2
4.7002790E-1 2.0207940E-2
4.8008250E-1 2.2303280E-2
4.9000020E-1 2.4644820E-2
4.9999760E-1 2.6767970E-2
5.1005220E-1 2.9301270E-2
5.1999280E-1 3.1744200E-2
