-9.0055940E-2 -1.9916080E-4
-5.9971810E-2 -1.9814600E-4
-2.9989720E-2 -1.9669630E-4
-8.8393690E-5 -1.9519430E-4
1.0434990E-2 -1.9493920E-4
2.0124410E-2 -1.9380250E-4
3.0008320E-2 -1.9383730E-4
4.0006160E-2 -1.9293850E-4
5.0015450E-2 -1.9245140E-4
5.9956070E-2 -1.9181940E-4
7.0011140E-2 -1.9123940E-4
8.0008980E-2 -1.9072330E-4
9.0018270E-2 -1.9014930E-4
9.9981780E-2 -1.8928530E-4
1.0997960E-1 -1.8837480E-4
1.2000040E-1 -1.8712230E-4
1.2996390E-1 -1.8568990E-4
1.4001890E-1 -1.8415320E-4
1.5000530E-1 -1.8252370E-4
1.5998030E-1 -1.8010560E-4
1.6998960E-1 -1.7696840E-4
1.7998740E-1 -1.7299030E-4
1.8999670E-1 -1.6784670E-4
1.9998310E-1 -1.6089960E-4
2.0996950E-1 -1.5170260E-4
2.1995880E-1 -1.3917680E-4
2.2994520E-1 -1.1978530E-4
2.4001170E-1 -9.6432500E-5
2.4994090E-1 -6.6358630E-5
2.6021240E-1 -2.1811750E-5
2.6980020E-1 2.9442370E-5
2.7996920E-1 1.2440280E-4
2.8995560E-1 2.2737570E-4
2.9997630E-1 3.8068390E-4
3.0987170E-1 5.5468290E-4
3.1991530E-1 8.3848600E-4
3.2995840E-1 1.2085480E-3
3.3995680E-1 1.6784540E-3
3.4995460E-1 2.2053250E-3
3.5997530E-1 3.0100030E-3
3.6992740E-1 3.9302870E-3
3.8001680E-1 5.2123480E-3
3.8995740E-1 6.4606240E-3
3.9998960E-1 8.0434400E-3
4.0991930E-1 9.5797800E-3
4.1995140E-1 1.1738910E-2
4.2998310E-1 1.3641400E-2
4.3997000E-1 1.6127850E-2
4.4995640E-1 1.8569710E-2
4.5995430E-1 2.1550890E-2
4.6998640E-1 2.4131770E-2
4.8000720E-1 2.7101380E-2
4.9007370E-1 2.9747720E-2
4.9995760E-1 3.3018590E-2
