0.000E+0 -25.7286504
1.000E-2 -25.7254397
2.000E-2 -25.7222001
3.000E-2 -25.7189283
4.000E-2 -25.7156217
5.000E-2 -25.7122773
6.000E-2 -25.7088909
7.000E-2 -25.7054576
8.000E-2 -25.7019707
9.000E-2 -25.6984213
1.000E-1 -25.6947976
1.100E-1 -25.691084
1.200E-1 -25.6872592
1.300E-1 -25.683294
1.400E-1 -25.6791488
1.500E-1 -25.674769
1.600E-1 -25.6700788
1.700E-1 -25.6649737
1.800E-1 -25.6593079
1.900E-1 -25.6528782
2.000E-1 -25.6454008
2.100E-1 -25.6364781
2.200E-1 -25.6255531
2.300E-1 -25.6118438
2.400E-1 -25.5942522
2.500E-1 -25.5712345
2.600E-1 -25.54062
2.700E-1 -25.4993551
2.800E-1 -25.4431431
2.900E-1 -25.3659386
3.000E-1 -25.259238
3.100E-1 -25.1110852
3.200E-1 -24.9046853
3.300E-1 -24.6164771
3.400E-1 -24.2134727
3.500E-1 -23.6496185
3.600E-1 -22.8608825
3.700E-1 -21.7587455
3.800E-1 -20.2218143
3.900E-1 -18.0854442
4.000E-1 -15.1296764
4.100E-1 -11.0665641
4.200E-1 -5.52913524
4.300E-1 1.9344126
