-9.0068820E-2 -4.2290100E-6
-5.9961320E-2 -2.9253210E-6
-2.9967310E-2 -1.4220600E-6
-2.2381540E-4 2.1383580E-8
1.0492860E-2 5.3419970E-7
1.9850280E-2 1.0366210E-6
3.0008790E-2 1.5577860E-6
3.9984230E-2 2.1156810E-6
4.9936290E-2 2.6989350E-6
5.9991360E-2 3.2804130E-6
7.0034980E-2 3.9634540E-6
8.0056190E-2 4.6210080E-6
8.9962960E-2 5.3798720E-6
9.9972250E-2 6.1154060E-6
1.0993620E-1 7.1442140E-6
1.1996840E-1 8.2369900E-6
1.3002300E-1 9.7199140E-6
1.3982730E-1 1.1206500E-5
1.5021320E-1 1.3085980E-5
1.5981200E-1 1.5783710E-5
1.6993570E-1 1.8749360E-5
1.7985390E-1 2.2791310E-5
1.9007970E-1 2.7448550E-5
1.9991830E-1 3.4841780E-5
2.0999570E-1 4.4072750E-5
2.1997360E-1 5.7672730E-5
2.3000570E-1 7.4280110E-5
2.4004940E-1 9.7424200E-5
2.4992230E-1 1.2683470E-4
2.5999980E-1 1.7534410E-4
2.6990700E-1 2.3125900E-4
2.8000740E-1 3.1368160E-4
2.8993700E-1 4.0995240E-4
2.9987810E-1 5.6144800E-4
3.0978490E-1 7.5367650E-4
3.1996540E-1 1.0383420E-3
3.2987260E-1 1.3414470E-3
3.3991620E-1 1.8199960E-3
3.4990260E-1 2.3822820E-3
3.6006070E-1 3.2020400E-3
3.6996750E-1 4.0453260E-3
3.8005690E-1 5.1583670E-3
3.8990640E-1 6.2875190E-3
3.9989330E-1 7.7854040E-3
4.0980010E-1 9.3942060E-3
4.1988950E-1 1.1226390E-2
4.2996740E-1 1.3154400E-2
4.3991990E-1 1.5564430E-2
4.5002030E-1 1.7718960E-2
4.5998430E-1 2.0193860E-2
4.7008510E-1 2.2472960E-2
4.8000340E-1 2.5202770E-2
4.8994450E-1 2.7916940E-2
5.0006770E-1 3.0876170E-2
