-9.0066910E-2 -1.8684810E-4
-5.9959890E-2 -1.8542170E-4
-3.0024050E-2 -1.8405890E-4
-7.8946350E-5 -1.8271350E-4
1.0323020E-2 -1.8227290E-4
1.9939330E-2 -1.8158280E-4
2.9985430E-2 -1.8148420E-4
4.0040490E-2 -1.8077670E-4
5.0049300E-2 -1.8007510E-4
5.9910300E-2 -1.7943720E-4
7.0079330E-2 -1.7893270E-4
7.9963210E-2 -1.7828320E-4
8.9858060E-2 -1.7766270E-4
1.0005000E-1 -1.7698420E-4
1.0987660E-1 -1.7607390E-4
1.1997700E-1 -1.7486770E-4
1.2995200E-1 -1.7378910E-4
1.3990400E-1 -1.7177690E-4
1.5007310E-1 -1.7004310E-4
1.5993400E-1 -1.6750900E-4
1.7004540E-1 -1.6430800E-4
1.7991780E-1 -1.6046910E-4
1.8997290E-1 -1.5564450E-4
1.9997070E-1 -1.4808270E-4
2.0996810E-1 -1.3867700E-4
2.1999120E-1 -1.2473670E-4
2.2994330E-1 -1.0696890E-4
2.3992970E-1 -8.2487120E-5
2.4988220E-1 -5.3282160E-5
2.5985720E-1 -6.7027100E-6
2.6993470E-1 5.7206810E-5
2.7994390E-1 1.3667230E-4
2.8996470E-1 2.5598590E-4
2.9988240E-1 4.0079750E-4
3.0993750E-1 6.0122090E-4
3.1992390E-1 8.3711650E-4
3.2992170E-1 1.1862850E-3
3.3994250E-1 1.6388610E-3
3.4997420E-1 2.1601080E-3
3.5999490E-1 2.7998570E-3
3.6994740E-1 3.5555620E-3
3.8000200E-1 4.4546310E-3
3.8990880E-1 5.5318920E-3
3.9996340E-1 6.6454280E-3
4.0996120E-1 7.9011120E-3
4.1992520E-1 9.1459580E-3
4.2997980E-1 1.0751070E-2
4.3995480E-1 1.2287420E-2
4.4997550E-1 1.3913570E-2
4.5997330E-1 1.5651520E-2
4.6999410E-1 1.7549950E-2
4.8000340E-1 1.9341780E-2
4.8998980E-1 2.1251220E-2
4.9999900E-1 2.3033190E-2
5.1000830E-1 2.5163920E-2
5.1999470E-1 2.7215290E-2
5.3000350E-1 2.9535460E-2
5.4004720E-1 3.1517880E-2
