0.000E+0 0
1.000E-2 1.34841617E-12
2.000E-2 3.27198542E-12
3.000E-2 6.0163604E-12
4.000E-2 9.93211042E-12
5.000E-2 1.55195303E-11
6.000E-2 2.34925891E-11
7.000E-2 3.48701971E-11
8.000E-2 5.11064659E-11
9.000E-2 7.42766306E-11
1.000E-1 1.07342431E-10
1.100E-1 1.54530928E-10
1.200E-1 2.21875279E-10
1.300E-1 3.17986719E-10
1.400E-1 4.55156672E-10
1.500E-1 6.50930135E-10
1.600E-1 9.30351879E-10
1.700E-1 1.32917303E-9
1.800E-1 1.89842835E-9
1.900E-1 2.71096946E-9
2.000E-1 3.87078818E-9
2.100E-1 5.52631868E-9
2.200E-1 7.88940964E-9
2.300E-1 1.12623706E-8
2.400E-1 1.60765018E-8
2.500E-1 2.29469306E-8
2.600E-1 3.27505457E-8
2.700E-1 4.67365457E-8
2.800E-1 6.66828161E-8
2.900E-1 9.51162923E-8
3.000E-1 1.35621851E-7
3.100E-1 1.93272212E-7
3.200E-1 2.75220636E-7
3.300E-1 3.91508441E-7
3.400E-1 5.56150206E-7
3.500E-1 7.88573038E-7
3.600E-1 1.11551178E-6
3.700E-1 1.57352549E-6
3.800E-1 2.21245011E-6
3.900E-1 3.10038775E-6
4.000E-1 4.33122804E-6
4.100E-1 6.03600173E-6
4.200E-1 8.39928443E-6
4.300E-1 1.16811736E-5
4.400E-1 1.6244904E-5
4.500E-1 2.25893654E-5
