Bo nFsrh nFBsrh dnsrh nF nFB dn dnF dnFB
1.000E+15 1.205984275E+00 1.200825935E+00 5.158340000E-03 1.205975678E+00 1.200804906E+00 5.170772000E-03 8.597000000E-06 2.102900000E-05
1.778E+15 1.222909574E+00 1.206893119E+00 1.601645500E-02 1.222891445E+00 1.206860995E+00 1.603045000E-02 1.812900000E-05 3.212400000E-05
3.162E+15 1.235561187E+00 1.213151414E+00 2.240977300E-02 1.235524802E+00 1.213101944E+00 2.242285800E-02 3.638500000E-05 4.947000000E-05
5.623E+15 1.249498354E+00 1.222823734E+00 2.667462000E-02 1.249425613E+00 1.222751586E+00 2.667402700E-02 7.274100000E-05 7.214800000E-05
1.000E+16 1.263364941E+00 1.232279513E+00 3.108542800E-02 1.263218679E+00 1.232174873E+00 3.104380600E-02 1.462620000E-04 1.046400000E-04
1.778E+16 1.279087275E+00 1.238020098E+00 4.106717700E-02 1.278791921E+00 1.237871899E+00 4.092002200E-02 2.953540000E-04 1.481990000E-04
3.162E+16 1.296757491E+00 1.243844412E+00 5.291307900E-02 1.296161269E+00 1.243628671E+00 5.253259800E-02 5.962220000E-04 2.157410000E-04
5.623E+16 1.316834468E+00 1.255783785E+00 6.105068300E-02 1.315640850E+00 1.255472175E+00 6.016867500E-02 1.193618000E-03 3.116100000E-04
1.000E+17 1.341536855E+00 1.274367484E+00 6.716937100E-02 1.339203693E+00 1.273928674E+00 6.527501900E-02 2.333162000E-03 4.388100000E-04
