4.805E-4 -5.458E-5
1.045E-2 -5.428E-5
2.025E-2 -5.398E-5
3.001E-2 -5.368E-5
3.998E-2 -5.343E-5
4.974E-2 -5.302E-5
6.077E-2 -5.272E-5
7.067E-2 -5.237E-5
8.051E-2 -5.212E-5
9.024E-2 -5.172E-5
1.002E-1 -5.136E-5
1.111E-1 -5.091E-5
1.211E-1 -5.051E-5
1.309E-1 -5.016E-5
1.406E-1 -4.990E-5
1.506E-1 -4.930E-5
1.616E-1 -4.895E-5
1.714E-1 -4.850E-5
1.812E-1 -4.804E-5
1.912E-1 -4.764E-5
2.009E-1 -4.709E-5
2.107E-1 -4.663E-5
2.219E-1 -4.613E-5
2.316E-1 -4.558E-5
2.414E-1 -4.492E-5
2.511E-1 -4.432E-5
2.611E-1 -4.367E-5
2.720E-1 -4.281E-5
2.818E-1 -4.201E-5
2.918E-1 -4.100E-5
3.016E-1 -4.009E-5
3.114E-1 -3.874E-5
3.225E-1 -3.733E-5
3.322E-1 -3.577E-5
3.421E-1 -3.406E-5
3.520E-1 -3.210E-5
3.619E-1 -3.003E-5
3.729E-1 -2.722E-5
3.827E-1 -2.425E-5
3.928E-1 -2.118E-5
4.025E-1 -1.781E-5
4.220E-1 -1.026E-5
4.431E-1 -8.552E-7
4.626E-1 9.156E-6
4.835E-1 1.952E-5
5.033E-1 3.049E-5
5.536E-1 5.861E-5
6.040E-1 8.482E-5
6.544E-1 1.102E-4
7.047E-1 1.346E-4
7.550E-1 1.575E-4
8.055E-1 1.797E-4
8.558E-1 2.012E-4
9.061E-1 2.213E-4
9.566E-1 2.405E-4
1.006E+0 2.588E-4
