-9.0011120E-2 -1.8425910E-4
-5.9960370E-2 -1.8257160E-4
-3.0001160E-2 -1.8104650E-4
4.0024520E-5 -1.7939960E-4
1.0091160E-2 -1.7872700E-4
2.0033900E-2 -1.7817600E-4
2.9985900E-2 -1.7774690E-4
4.0006640E-2 -1.7714970E-4
5.0004480E-2 -1.7634360E-4
5.9934140E-2 -1.7550860E-4
6.9989200E-2 -1.7464450E-4
7.9975610E-2 -1.7387320E-4
8.9984890E-2 -1.7296280E-4
1.0000560E-1 -1.7202330E-4
1.0998110E-1 -1.7093310E-4
1.1994460E-1 -1.6952400E-4
1.2997670E-1 -1.6798730E-4
1.3996320E-1 -1.6613160E-4
1.4996100E-1 -1.6356840E-4
1.5999320E-1 -1.6048340E-4
1.7001390E-1 -1.5689970E-4
1.7996640E-1 -1.5209810E-4
1.9001010E-1 -1.4633390E-4
1.9992780E-1 -1.3766460E-4
2.1005150E-1 -1.2673930E-4
2.1997170E-1 -1.1053700E-4
2.2998090E-1 -9.0289270E-5
2.3989920E-1 -6.3155810E-5
2.5021650E-1 -2.5590560E-5
2.6004360E-1 2.2131190E-5
2.6990460E-1 9.1542020E-5
2.7998260E-1 1.8981700E-4
2.9002620E-1 3.2164110E-4
2.9985330E-1 4.7610440E-4
3.0993080E-1 7.1349440E-4
3.1974650E-1 1.0081150E-3
3.2990410E-1 1.4284180E-3
3.3992480E-1 1.8800740E-3
3.4993410E-1 2.5555310E-3
3.5994390E-1 3.3276470E-3
3.6996460E-1 4.3926410E-3
3.7996240E-1 5.4618640E-3
3.8999460E-1 6.8074460E-3
3.9983320E-1 8.1375580E-3
4.0993360E-1 9.8802670E-3
4.1989760E-1 1.1587800E-2
4.2991830E-1 1.3715090E-2
4.3993900E-1 1.5815730E-2
4.4994830E-1 1.8352600E-2
4.5993520E-1 2.0629940E-2
4.7001270E-1 2.3222430E-2
4.7997670E-1 2.5590720E-2
4.8994060E-1 2.8467070E-2
5.0007530E-1 3.1214830E-2
