6.969E-4 -1.197E-4
1.058E-2 -1.190E-4
2.026E-2 -1.182E-4
2.996E-2 -1.176E-4
3.989E-2 -1.168E-4
4.986E-2 -1.161E-4
6.067E-2 -1.152E-4
7.047E-2 -1.144E-4
8.017E-2 -1.136E-4
9.019E-2 -1.128E-4
9.987E-2 -1.119E-4
1.112E-1 -1.109E-4
1.210E-1 -1.101E-4
1.306E-1 -1.091E-4
1.406E-1 -1.082E-4
1.505E-1 -1.072E-4
1.614E-1 -1.060E-4
1.713E-1 -1.050E-4
1.812E-1 -1.039E-4
1.911E-1 -1.027E-4
2.007E-1 -1.016E-4
2.105E-1 -1.003E-4
2.218E-1 -9.875E-5
2.317E-1 -9.719E-5
2.413E-1 -9.558E-5
2.510E-1 -9.402E-5
2.611E-1 -9.216E-5
2.719E-1 -9.000E-5
2.818E-1 -8.774E-5
2.918E-1 -8.497E-5
3.017E-1 -8.265E-5
3.114E-1 -7.938E-5
3.225E-1 -7.601E-5
3.324E-1 -7.239E-5
3.422E-1 -6.822E-5
3.518E-1 -6.409E-5
3.618E-1 -5.956E-5
3.728E-1 -5.413E-5
3.828E-1 -4.865E-5
3.925E-1 -4.326E-5
4.024E-1 -3.803E-5
4.220E-1 -2.596E-5
4.428E-1 -1.238E-5
4.624E-1 1.006E-6
4.833E-1 1.459E-5
5.031E-1 2.701E-5
5.536E-1 5.966E-5
6.041E-1 8.894E-5
6.545E-1 1.160E-4
7.046E-1 1.412E-4
7.549E-1 1.657E-4
8.056E-1 1.888E-4
8.558E-1 2.104E-4
9.064E-1 2.312E-4
9.566E-1 2.507E-4
1.006E+0 2.697E-4
