0.000E+0 -0.183878362
1.000E-2 -0.18386689
2.000E-2 -0.183855334
3.000E-2 -0.183843688
4.000E-2 -0.183831945
5.000E-2 -0.183820096
6.000E-2 -0.183808129
7.000E-2 -0.18379603
8.000E-2 -0.183783777
9.000E-2 -0.183771339
1.000E-1 -0.183758674
1.100E-1 -0.183745725
1.200E-1 -0.183732405
1.300E-1 -0.183718596
1.400E-1 -0.183704124
1.500E-1 -0.18368874
1.600E-1 -0.183672083
1.700E-1 -0.183653631
1.800E-1 -0.183632622
1.900E-1 -0.183607942
2.000E-1 -0.183577963
2.100E-1 -0.183540296
2.200E-1 -0.18349143
2.300E-1 -0.1834262
2.400E-1 -0.183337
2.500E-1 -0.183212615
2.600E-1 -0.183036502
2.700E-1 -0.182784243
2.800E-1 -0.182419777
2.900E-1 -0.181889834
3.000E-1 -0.181115695
3.100E-1 -0.179981014
3.200E-1 -0.178313813
3.300E-1 -0.175859872
3.400E-1 -0.172243425
3.500E-1 -0.16690918
3.600E-1 -0.15903688
3.700E-1 -0.147415712
3.800E-1 -0.130260252
3.900E-1 -0.104942079
4.000E-1 -0.0676011819
4.100E-1 -0.0125893462
4.200E-1 0.0683144526
