0.000E+0 0
1.000E-2 1.50337568E-13
2.000E-2 3.63703993E-13
3.000E-2 6.66884499E-13
4.000E-2 1.09804175E-12
5.000E-2 1.71154924E-12
6.000E-2 2.58488228E-12
7.000E-2 3.82844733E-12
8.000E-2 5.59961057E-12
9.000E-2 8.12273312E-12
1.000E-1 1.17185289E-11
1.100E-1 1.68427181E-11
1.200E-1 2.41477328E-11
1.300E-1 3.45638601E-11
1.400E-1 4.94221523E-11
1.500E-1 7.06253881E-11
1.600E-1 1.00896084E-10
1.700E-1 1.44131722E-10
1.800E-1 2.05914529E-10
1.900E-1 2.94243122E-10
2.000E-1 4.20582669E-10
2.100E-1 6.01372299E-10
2.200E-1 8.60188975E-10
2.300E-1 1.23085384E-9
2.400E-1 1.76189178E-9
2.500E-1 2.52293382E-9
2.600E-1 3.61390952E-9
2.700E-1 5.17824498E-9
2.800E-1 7.42181323E-9
2.900E-1 1.06401442E-8
3.000E-1 1.52574955E-8
3.100E-1 2.18829546E-8
3.200E-1 3.13909974E-8
3.300E-1 4.50367543E-8
3.400E-1 6.46229966E-8
3.500E-1 9.27387106E-8
3.600E-1 1.33099956E-7
3.700E-1 1.91043041E-7
3.800E-1 2.74230085E-7
3.900E-1 3.93662528E-7
4.000E-1 5.65135938E-7
4.100E-1 8.11293552E-7
4.200E-1 1.16479365E-6
4.300E-1 1.67226305E-6
4.400E-1 2.40079945E-6
4.500E-1 3.44662335E-6
