0.000E+0 0
1.000E-2 1.82836273E-12
2.000E-2 4.37456072E-12
3.000E-2 7.92782824E-12
4.000E-2 1.28943802E-11
5.000E-2 1.98462219E-11
6.000E-2 2.95851677E-11
7.000E-2 4.32329724E-11
8.000E-2 6.23647018E-11
9.000E-2 8.91890239E-11
1.000E-1 1.2680755E-10
1.100E-1 1.79581741E-10
1.200E-1 2.53650009E-10
1.300E-1 3.57666519E-10
1.400E-1 5.03853576E-10
1.500E-1 7.09467541E-10
1.600E-1 9.99079262E-10
1.700E-1 1.40747018E-9
1.800E-1 1.98409477E-9
1.900E-1 2.79955134E-9
2.000E-1 3.95437226E-9
2.100E-1 5.5921438E-9
2.200E-1 7.91804569E-9
2.300E-1 1.12255103E-8
2.400E-1 1.593443E-8
2.500E-1 2.26459723E-8
2.600E-1 3.22212126E-8
2.700E-1 4.58939511E-8
2.800E-1 6.54325916E-8
2.900E-1 9.33724376E-8
3.000E-1 1.33349062E-7
3.100E-1 1.90576744E-7
3.200E-1 2.72535122E-7
3.300E-1 3.89954673E-7
3.400E-1 5.5817846E-7
3.500E-1 7.99452985E-7
3.600E-1 1.14531984E-6
3.700E-1 1.64131167E-6
3.800E-1 2.35268454E-6
3.900E-1 3.3730568E-6
4.000E-1 4.83671009E-6
4.100E-1 6.93619301E-6
4.200E-1 9.94747816E-6
4.300E-1 1.42658432E-5
4.400E-1 2.04568915E-5
4.500E-1 2.93288715E-5
