-9.0049270E-2 -1.8550190E-4
-6.0020450E-2 -1.7907630E-4
-3.0014040E-2 -1.7165330E-4
1.8805270E-5 -1.6338380E-4
9.9925990E-3 -1.6037400E-4
1.9994650E-2 -1.5687710E-4
2.9998780E-2 -1.5315980E-4
3.9985660E-2 -1.4890890E-4
4.9983980E-2 -1.4482050E-4
5.9970860E-2 -1.4018700E-4
6.9992070E-2 -1.3543180E-4
8.0001830E-2 -1.2990510E-4
8.9988710E-2 -1.2381580E-4
9.9998470E-2 -1.1690920E-4
1.0997390E-1 -1.0956150E-4
1.1998370E-1 -1.0130340E-4
1.2998200E-1 -9.2514050E-5
1.4000320E-1 -8.1739080E-5
1.5001300E-1 -7.0036260E-5
1.5998840E-1 -5.5548070E-5
1.6997530E-1 -4.1179910E-5
1.7997360E-1 -2.3963180E-5
1.8978980E-1 -5.6928970E-6
1.9995930E-1 1.8939030E-5
2.1010540E-1 4.5845840E-5
2.2000360E-1 7.5930090E-5
2.2994520E-1 1.1548350E-4
2.3996640E-1 1.5761540E-4
2.4995330E-1 2.0998880E-4
2.5995160E-1 2.6905440E-4
2.6992700E-1 3.4477580E-4
2.7991440E-1 4.3359770E-4
2.8994700E-1 5.3953310E-4
2.9989960E-1 6.6175890E-4
3.0995510E-1 7.9858720E-4
3.1993060E-1 9.6893540E-4
3.2995180E-1 1.1708790E-3
3.3991620E-1 1.3759690E-3
3.4994890E-1 1.6145580E-3
3.5995860E-1 1.8674000E-3
3.6992260E-1 2.1553620E-3
3.7996670E-1 2.4692860E-3
3.8994220E-1 2.7907430E-3
3.9995190E-1 3.1306890E-3
4.0992780E-1 3.4679680E-3
4.1993760E-1 3.8584450E-3
4.2999270E-1 4.2511260E-3
4.3994570E-1 4.6893560E-3
4.4993260E-1 5.0810520E-3
4.5994230E-1 5.5103000E-3
4.6999790E-1 5.9065150E-3
4.7997330E-1 6.3787070E-3
4.9000600E-1 6.8295690E-3
5.0002720E-1 7.3363000E-3
5.0996880E-1 7.7831650E-3
5.2003570E-1 8.2673500E-3
5.2995400E-1 8.7127670E-3
5.4000950E-1 9.2264510E-3
5.4996250E-1 9.7171850E-3
5.5996080E-1 1.0253820E-2
5.7007310E-1 1.0734890E-2
5.8011720E-1 1.1290490E-2
5.8999010E-1 1.1779460E-2
6.0011390E-1 1.2314200E-2
