0.000E+0 0
1.000E-2 6.22423306E-14
2.000E-2 1.48616392E-13
3.000E-2 2.68791023E-13
4.000E-2 4.36301565E-13
5.000E-2 6.70097481E-13
6.000E-2 9.96714646E-13
7.000E-2 1.4533292E-12
8.000E-2 2.09205868E-12
9.000E-2 2.98603182E-12
1.000E-1 4.23797191E-12
1.100E-1 5.99235843E-12
1.200E-1 8.45268948E-12
1.300E-1 1.19060207E-11
1.400E-1 1.67578893E-11
1.500E-1 2.35820599E-11
1.600E-1 3.31914242E-11
1.700E-1 4.67390868E-11
1.800E-1 6.58625213E-11
1.900E-1 9.28891838E-11
2.000E-1 1.31129819E-10
2.100E-1 1.85296911E-10
2.200E-1 2.62101737E-10
2.300E-1 3.71106364E-10
2.400E-1 5.25939574E-10
2.500E-1 7.4603234E-10
2.600E-1 1.05909507E-9
2.700E-1 1.50465392E-9
2.800E-1 2.13909934E-9
2.900E-1 3.04289382E-9
3.000E-1 4.33086279E-9
3.100E-1 6.16688821E-9
3.200E-1 8.78488885E-9
3.300E-1 1.25187777E-8
3.400E-1 1.78452389E-8
3.500E-1 2.54448088E-8
3.600E-1 3.62890965E-8
3.700E-1 5.17653239E-8
3.800E-1 7.38541539E-8
3.900E-1 1.0538359E-7
4.000E-1 1.50391466E-7
4.100E-1 2.14642912E-7
4.200E-1 3.06368924E-7
4.300E-1 4.37320262E-7
4.400E-1 6.2427081E-7
4.500E-1 8.91160921E-7
