-9.0064530E-2 -2.0046490E-4
-5.9947010E-2 -1.9935730E-4
-3.0000210E-2 -1.9802930E-4
-8.6039300E-5 -1.9639420E-4
1.0426400E-2 -1.9593020E-4
1.9885840E-2 -1.9486330E-4
3.0007840E-2 -1.9489810E-4
3.9982320E-2 -1.9439360E-4
5.0002570E-2 -1.9405140E-4
5.9977530E-2 -1.9350050E-4
7.0032120E-2 -1.9288590E-4
8.0052380E-2 -1.9231180E-4
9.0015410E-2 -1.9134350E-4
1.0001330E-1 -1.9052590E-4
1.0994240E-1 -1.8971400E-4
1.2000800E-1 -1.8868770E-4
1.2998290E-1 -1.8749890E-4
1.3992360E-1 -1.8623480E-4
1.4998910E-1 -1.8464600E-4
1.5996410E-1 -1.8218730E-4
1.7001870E-1 -1.7935180E-4
1.7999320E-1 -1.7481720E-4
1.8995670E-1 -1.7016660E-4
1.9996550E-1 -1.6343430E-4
2.1000860E-1 -1.5565240E-4
2.1999690E-1 -1.4319100E-4
2.2993760E-1 -1.2676320E-4
2.3995830E-1 -1.0411350E-4
2.4992130E-1 -7.3734230E-5
2.5986190E-1 -3.3196320E-5
2.7001910E-1 1.8089700E-5
2.7986860E-1 9.2669080E-5
2.8993460E-1 2.0285090E-4
2.9982950E-1 3.3752830E-4
3.1008960E-1 5.1697250E-4
3.1991580E-1 7.5202740E-4
3.2997040E-1 1.0958570E-3
3.3995680E-1 1.4707740E-3
3.5002280E-1 1.9780430E-3
3.6006590E-1 2.5230350E-3
3.6996080E-1 3.2614530E-3
3.7991290E-1 4.0909630E-3
3.8997890E-1 5.0933290E-3
3.9993100E-1 6.1532950E-3
4.0999700E-1 7.3082350E-3
4.1993760E-1 8.5842850E-3
4.3000360E-1 9.9729840E-3
4.4000100E-1 1.1378780E-2
4.4988490E-1 1.2979390E-2
4.5995040E-1 1.4589860E-2
4.7008510E-1 1.6337620E-2
4.7998000E-1 1.8047140E-2
4.8996640E-1 1.9771140E-2
5.0006630E-1 2.1618550E-2
5.0997300E-1 2.3501290E-2
5.2003860E-1 2.5578100E-2
5.2995680E-1 2.7422010E-2
5.4001140E-1 2.9401500E-2
5.5002020E-1 3.1187490E-2
