0.000E+0 -0.334982732
1.000E-2 -0.334981871
2.000E-2 -0.334981004
3.000E-2 -0.334980131
4.000E-2 -0.33497925
5.000E-2 -0.33497836
6.000E-2 -0.334977459
7.000E-2 -0.334976545
8.000E-2 -0.334975614
9.000E-2 -0.33497466
1.000E-1 -0.334973675
1.100E-1 -0.334972647
1.200E-1 -0.334971559
1.300E-1 -0.334970385
1.400E-1 -0.33496909
1.500E-1 -0.33496762
1.600E-1 -0.334965897
1.700E-1 -0.334963808
1.800E-1 -0.334961187
1.900E-1 -0.334957792
2.000E-1 -0.33495327
2.100E-1 -0.334947105
2.200E-1 -0.334938542
2.300E-1 -0.334926478
2.400E-1 -0.334909302
2.500E-1 -0.33488466
2.600E-1 -0.334849109
2.700E-1 -0.334797619
2.800E-1 -0.334722836
2.900E-1 -0.334614011
3.000E-1 -0.334455432
3.100E-1 -0.334224132
3.200E-1 -0.333886537
3.300E-1 -0.333393568
3.400E-1 -0.332673482
3.500E-1 -0.331621404
3.600E-1 -0.33008402
3.700E-1 -0.327837217
3.800E-1 -0.324553375
3.900E-1 -0.31975357
4.000E-1 -0.312737701
4.100E-1 -0.302482356
4.200E-1 -0.28749153
4.300E-1 -0.265578434
4.400E-1 -0.233546652
4.500E-1 -0.186724236
4.600E-1 -0.118283111
4.700E-1 -0.0182451351
4.800E-1 0.127968731
