0.000E+0 0
1.000E-2 1.66030605E-13
2.000E-2 4.06897447E-13
3.000E-2 7.56606638E-13
4.000E-2 1.2646052E-12
5.000E-2 2.00278564E-12
6.000E-2 3.0756662E-12
7.000E-2 4.63518688E-12
8.000E-2 6.90221622E-12
9.000E-2 1.01978166E-11
1.000E-1 1.49887081E-11
1.100E-1 2.19533963E-11
1.200E-1 3.20783952E-11
1.300E-1 4.6798315E-11
1.400E-1 6.81999006E-11
1.500E-1 9.9319387E-11
1.600E-1 1.44576099E-10
1.700E-1 2.10405024E-10
1.800E-1 3.06180041E-10
1.900E-1 4.45561867E-10
2.000E-1 6.48466546E-10
2.100E-1 9.43940547E-10
2.200E-1 1.37436033E-9
2.300E-1 2.0015664E-9
2.400E-1 2.91582213E-9
2.500E-1 4.24889642E-9
2.600E-1 6.19316287E-9
2.700E-1 9.02947182E-9
2.800E-1 1.31677998E-8
2.900E-1 1.92064799E-8
3.000E-1 2.80183902E-8
3.100E-1 4.08760883E-8
3.200E-1 5.96331545E-8
3.300E-1 8.69852817E-8
3.400E-1 1.26844558E-7
3.500E-1 1.84870163E-7
3.600E-1 2.69210164E-7
3.700E-1 3.91515273E-7
3.800E-1 5.68276899E-7
3.900E-1 8.22487618E-7
4.000E-1 1.18550787E-6
4.100E-1 1.69871293E-6
4.200E-1 2.41404378E-6
4.300E-1 3.39172776E-6
4.400E-1 4.69296308E-6
4.500E-1 6.36524886E-6
4.600E-1 8.42084783E-6
4.700E-1 1.0814996E-5
4.800E-1 1.34379729E-5
4.900E-1 1.6135897E-5
5.000E-1 1.87596908E-5
5.100E-1 2.1218091E-5
5.200E-1 2.35052048E-5
5.300E-1 2.56949069E-5
5.400E-1 2.79166471E-5
5.500E-1 3.03311229E-5
5.600E-1 3.31157188E-5
5.700E-1 3.64593348E-5
5.800E-1 4.05656324E-5
5.900E-1 4.56663348E-5
6.000E-1 5.20383688E-5
6.100E-1 6.00232616E-5
6.200E-1 7.00535601E-5
