-9.0022560E-2 -4.1671650E-6
-5.9983730E-2 -2.8826330E-6
-3.0001640E-2 -1.4458220E-6
1.1423230E-4 -1.2446560E-8
1.0051100E-2 4.7203550E-7
1.9975010E-2 9.7333690E-7
2.9985900E-2 1.5075640E-6
3.9995190E-2 2.0423140E-6
5.0004480E-2 2.6554860E-6
5.9967990E-2 3.2039300E-6
6.9966320E-2 3.8205250E-6
7.9987050E-2 4.4113800E-6
8.9962010E-2 5.2120790E-6
1.0000560E-1 6.0172170E-6
1.0999200E-1 7.0749270E-6
1.2001280E-1 8.0992890E-6
1.2998770E-1 9.4204720E-6
1.4001990E-1 1.1121750E-5
1.5000680E-1 1.2976860E-5
1.5999320E-1 1.5474490E-5
1.6997960E-1 1.8252230E-5
1.7998890E-1 2.2592790E-5
1.8997570E-1 2.7883240E-5
1.9999650E-1 3.6026830E-5
2.0999430E-1 4.5220590E-5
2.1998310E-1 5.7739510E-5
2.2995810E-1 7.5318690E-5
2.4001310E-1 9.9218200E-5
2.4993130E-1 1.3290510E-4
2.5999780E-1 1.7814340E-4
2.6993890E-1 2.3502060E-4
2.7995970E-1 3.1867760E-4
2.8991170E-1 4.3102260E-4
2.9996680E-1 5.8762590E-4
3.0993080E-1 7.9057530E-4
3.1994010E-1 1.0548180E-3
3.2993790E-1 1.4006010E-3
3.3993630E-1 1.9083530E-3
3.4997990E-1 2.4810080E-3
3.6003490E-1 3.2229910E-3
3.6991880E-1 4.0733960E-3
3.7997390E-1 5.1591940E-3
3.8989210E-1 6.4352960E-3
3.9993570E-1 7.8865770E-3
4.0995650E-1 9.4973370E-3
4.1995430E-1 1.1372860E-2
4.2998650E-1 1.3264940E-2
4.3997290E-1 1.5367330E-2
4.4997120E-1 1.7538070E-2
4.5998050E-1 1.9933000E-2
4.7001270E-1 2.2520270E-2
4.7999910E-1 2.5091920E-2
4.8999740E-1 2.7768400E-2
5.0001810E-1 3.0321490E-2
