0.000E+0 0
1.000E-2 7.04400955E-13
2.000E-2 1.68886758E-12
3.000E-2 3.06627539E-12
4.000E-2 4.99499533E-12
5.000E-2 7.69724878E-12
6.000E-2 1.14848917E-11
7.000E-2 1.67956539E-11
8.000E-2 2.42441042E-11
9.000E-2 3.46933685E-11
1.000E-1 4.93561211E-11
1.100E-1 6.99368838E-11
1.200E-1 9.88326479E-11
1.300E-1 1.39415862E-10
1.400E-1 1.96433765E-10
1.500E-1 2.76572072E-10
1.600E-1 3.89250815E-10
1.700E-1 5.47748149E-10
1.800E-1 7.7078738E-10
1.900E-1 1.08477834E-9
2.000E-1 1.52698298E-9
2.100E-1 2.14998656E-9
2.200E-1 3.02801283E-9
2.300E-1 4.26584421E-9
2.400E-1 6.01142151E-9
2.500E-1 8.47364078E-9
2.600E-1 1.1947491E-8
2.700E-1 1.68495582E-8
2.800E-1 2.37681681E-8
2.900E-1 3.35341924E-8
3.000E-1 4.73210166E-8
3.100E-1 6.67856375E-8
3.200E-1 9.42677356E-8
3.300E-1 1.33070374E-7
3.400E-1 1.87855471E-7
3.500E-1 2.65200306E-7
3.600E-1 3.74379323E-7
3.700E-1 5.28459795E-7
3.800E-1 7.45832084E-7
3.900E-1 1.05233641E-6
4.000E-1 1.48419774E-6
4.100E-1 2.09203393E-6
4.200E-1 2.94625029E-6
4.300E-1 4.14412824E-6
4.400E-1 5.81882874E-6
4.500E-1 8.15017837E-6
