0.000E+0 0
1.000E-2 2.70705996E-12
2.000E-2 6.50839957E-12
3.000E-2 1.18496067E-11
4.000E-2 1.93599113E-11
5.000E-2 2.9925014E-11
6.000E-2 4.47900567E-11
7.000E-2 6.57087096E-11
8.000E-2 9.51502769E-11
9.000E-2 1.36592767E-10
1.000E-1 1.94936906E-10
1.100E-1 2.77091532E-10
1.200E-1 3.92784524E-10
1.300E-1 5.55798451E-10
1.400E-1 7.85548348E-10
1.500E-1 1.10949173E-9
1.600E-1 1.56646122E-9
1.700E-1 2.2114104E-9
1.800E-1 3.12214892E-9
1.900E-1 4.40890178E-9
2.000E-1 6.2278783E-9
2.100E-1 8.8005334E-9
2.200E-1 1.24409113E-8
2.300E-1 1.75944653E-8
2.400E-1 2.4893173E-8
2.500E-1 3.52337909E-8
2.600E-1 4.98889687E-8
2.700E-1 7.06650261E-8
2.800E-1 1.00125994E-7
2.900E-1 1.41911759E-7
3.000E-1 2.01189828E-7
3.100E-1 2.85296849E-7
3.200E-1 4.04649531E-7
3.300E-1 5.74038074E-7
3.400E-1 8.14462535E-7
3.500E-1 1.1556368E-6
3.600E-1 1.64020282E-6
3.700E-1 2.32795336E-6
3.800E-1 3.30430562E-6
3.900E-1 4.69034525E-6
4.000E-1 6.65788289E-6
4.100E-1 9.45061337E-6
4.200E-1 1.34140078E-5
4.300E-1 1.90374501E-5
4.400E-1 2.70134502E-5
4.500E-1 3.83204713E-5
