0.000E+0 0
1.000E-2 8.75475199E-13
2.000E-2 2.07851029E-12
3.000E-2 3.73523502E-12
4.000E-2 6.02035787E-12
5.000E-2 9.17593646E-12
6.000E-2 1.35374691E-11
7.000E-2 1.95702109E-11
8.000E-2 2.79197914E-11
9.000E-2 3.94828687E-11
1.000E-1 5.55058827E-11
1.100E-1 7.7723257E-11
1.200E-1 1.08551011E-10
1.300E-1 1.51358222E-10
1.400E-1 2.10847889E-10
1.500E-1 2.93591507E-10
1.600E-1 4.08779619E-10
1.700E-1 5.69257677E-10
1.800E-1 7.93070885E-10
1.900E-1 1.10545498E-9
2.000E-1 1.54181094E-9
2.100E-1 2.15179517E-9
2.200E-1 3.00508369E-9
2.300E-1 4.19947114E-9
2.400E-1 5.87225106E-9
2.500E-1 8.21620811E-9
2.600E-1 1.15020925E-8
2.700E-1 1.61102051E-8
2.800E-1 2.25747903E-8
2.900E-1 3.16464287E-8
3.000E-1 4.4379735E-8
3.100E-1 6.22566206E-8
3.200E-1 8.73595537E-8
3.300E-1 1.22615087E-7
3.400E-1 1.72136156E-7
3.500E-1 2.41703192E-7
3.600E-1 3.39440315E-7
3.700E-1 4.76764215E-7
3.800E-1 6.69724729E-7
3.900E-1 9.4087401E-7
4.000E-1 1.32190665E-6
4.100E-1 1.85735999E-6
4.200E-1 2.60980973E-6
4.300E-1 3.66715819E-6
4.400E-1 5.15285242E-6
4.500E-1 7.24018408E-6
