8.897E-4 -2.646E-4
1.091E-2 -2.627E-4
2.064E-2 -2.607E-4
3.052E-2 -2.586E-4
4.021E-2 -2.564E-4
5.005E-2 -2.542E-4
6.126E-2 -2.512E-4
7.112E-2 -2.490E-4
8.067E-2 -2.463E-4
9.056E-2 -2.434E-4
1.005E-1 -2.407E-4
1.114E-1 -2.372E-4
1.214E-1 -2.337E-4
1.311E-1 -2.304E-4
1.410E-1 -2.267E-4
1.509E-1 -2.227E-4
1.620E-1 -2.177E-4
1.717E-1 -2.136E-4
1.816E-1 -2.093E-4
1.913E-1 -2.041E-4
2.015E-1 -1.988E-4
2.111E-1 -1.936E-4
2.223E-1 -1.865E-4
2.322E-1 -1.806E-4
2.419E-1 -1.744E-4
2.516E-1 -1.676E-4
2.615E-1 -1.608E-4
2.725E-1 -1.526E-4
2.824E-1 -1.453E-4
2.924E-1 -1.373E-4
3.021E-1 -1.280E-4
3.121E-1 -1.202E-4
3.229E-1 -1.093E-4
3.329E-1 -1.003E-4
3.427E-1 -9.126E-5
3.524E-1 -8.089E-5
3.623E-1 -7.108E-5
3.735E-1 -5.815E-5
3.830E-1 -4.694E-5
3.932E-1 -3.431E-5
4.029E-1 -2.284E-5
4.225E-1 3.119E-6
4.434E-1 3.245E-5
4.631E-1 6.107E-5
4.839E-1 9.543E-5
5.036E-1 1.294E-4
5.543E-1 2.240E-4
6.047E-1 3.272E-4
6.551E-1 4.328E-4
7.053E-1 5.390E-4
7.559E-1 6.398E-4
8.061E-1 7.395E-4
8.566E-1 8.319E-4
9.070E-1 9.241E-4
9.575E-1 1.012E-3
1.007E+0 1.093E-3
