9.191E-4 -2.632E-4
1.065E-2 -2.613E-4
2.066E-2 -2.593E-4
3.032E-2 -2.573E-4
4.019E-2 -2.549E-4
5.005E-2 -2.529E-4
6.103E-2 -2.501E-4
7.096E-2 -2.478E-4
8.083E-2 -2.449E-4
9.050E-2 -2.424E-4
1.003E-1 -2.393E-4
1.115E-1 -2.360E-4
1.212E-1 -2.329E-4
1.311E-1 -2.295E-4
1.409E-1 -2.259E-4
1.508E-1 -2.219E-4
1.620E-1 -2.172E-4
1.717E-1 -2.134E-4
1.816E-1 -2.083E-4
1.915E-1 -2.033E-4
2.013E-1 -1.984E-4
2.112E-1 -1.931E-4
2.224E-1 -1.869E-4
2.323E-1 -1.808E-4
2.419E-1 -1.751E-4
2.516E-1 -1.679E-4
2.615E-1 -1.615E-4
2.726E-1 -1.526E-4
2.824E-1 -1.455E-4
2.923E-1 -1.370E-4
3.021E-1 -1.297E-4
3.119E-1 -1.203E-4
3.231E-1 -1.108E-4
3.328E-1 -1.021E-4
3.425E-1 -9.267E-5
3.527E-1 -8.175E-5
3.624E-1 -7.204E-5
3.734E-1 -5.946E-5
3.833E-1 -4.829E-5
3.932E-1 -3.652E-5
4.028E-1 -2.530E-5
4.226E-1 1.056E-6
4.435E-1 2.847E-5
4.630E-1 5.810E-5
4.840E-1 9.060E-5
5.037E-1 1.252E-4
5.541E-1 2.174E-4
6.046E-1 3.202E-4
6.550E-1 4.250E-4
7.055E-1 5.303E-4
7.558E-1 6.331E-4
8.064E-1 7.311E-4
8.567E-1 8.260E-4
9.070E-1 9.162E-4
9.574E-1 1.004E-3
1.007E+0 1.085E-3
