8.293E-4 -2.669E-4
1.065E-2 -2.649E-4
2.068E-2 -2.629E-4
3.017E-2 -2.607E-4
4.023E-2 -2.584E-4
5.017E-2 -2.565E-4
6.120E-2 -2.534E-4
7.076E-2 -2.509E-4
8.069E-2 -2.480E-4
9.049E-2 -2.452E-4
1.005E-1 -2.424E-4
1.115E-1 -2.390E-4
1.214E-1 -2.354E-4
1.312E-1 -2.318E-4
1.409E-1 -2.284E-4
1.509E-1 -2.243E-4
1.618E-1 -2.192E-4
1.717E-1 -2.150E-4
1.816E-1 -2.100E-4
1.916E-1 -2.052E-4
2.013E-1 -1.999E-4
2.110E-1 -1.941E-4
2.223E-1 -1.870E-4
2.321E-1 -1.807E-4
2.417E-1 -1.743E-4
2.517E-1 -1.674E-4
2.616E-1 -1.602E-4
2.727E-1 -1.521E-4
2.823E-1 -1.442E-4
2.923E-1 -1.364E-4
3.020E-1 -1.275E-4
3.120E-1 -1.187E-4
3.229E-1 -1.078E-4
3.328E-1 -9.825E-5
3.428E-1 -8.859E-5
3.524E-1 -7.843E-5
3.624E-1 -6.781E-5
3.733E-1 -5.453E-5
3.832E-1 -4.362E-5
3.932E-1 -3.129E-5
4.028E-1 -1.897E-5
4.226E-1 7.395E-6
4.435E-1 3.657E-5
4.632E-1 6.691E-5
4.841E-1 1.019E-4
5.037E-1 1.350E-4
5.540E-1 2.324E-4
6.046E-1 3.357E-4
6.550E-1 4.422E-4
7.055E-1 5.482E-4
7.557E-1 6.490E-4
8.062E-1 7.471E-4
8.566E-1 8.405E-4
9.070E-1 9.307E-4
9.573E-1 1.018E-3
1.007E+0 1.099E-3
