1.065E-3 -2.757E-4
1.074E-2 -2.740E-4
2.047E-2 -2.719E-4
3.054E-2 -2.697E-4
4.016E-2 -2.674E-4
5.010E-2 -2.651E-4
6.115E-2 -2.618E-4
7.087E-2 -2.592E-4
8.084E-2 -2.562E-4
9.048E-2 -2.531E-4
1.005E-1 -2.496E-4
1.114E-1 -2.455E-4
1.212E-1 -2.412E-4
1.312E-1 -2.377E-4
1.410E-1 -2.330E-4
1.507E-1 -2.285E-4
1.619E-1 -2.226E-4
1.717E-1 -2.176E-4
1.816E-1 -2.119E-4
1.914E-1 -2.062E-4
2.014E-1 -2.004E-4
2.110E-1 -1.942E-4
2.222E-1 -1.865E-4
2.321E-1 -1.797E-4
2.420E-1 -1.722E-4
2.517E-1 -1.643E-4
2.614E-1 -1.561E-4
2.728E-1 -1.469E-4
2.825E-1 -1.387E-4
2.923E-1 -1.298E-4
3.022E-1 -1.200E-4
3.119E-1 -1.099E-4
3.229E-1 -9.865E-5
3.327E-1 -8.809E-5
3.425E-1 -7.742E-5
3.525E-1 -6.560E-5
3.624E-1 -5.433E-5
3.733E-1 -4.004E-5
3.833E-1 -2.701E-5
3.932E-1 -1.414E-5
4.028E-1 -1.157E-6
4.226E-1 2.792E-5
4.436E-1 5.992E-5
4.632E-1 9.538E-5
4.841E-1 1.320E-4
5.036E-1 1.691E-4
5.543E-1 2.711E-4
6.046E-1 3.787E-4
6.550E-1 4.860E-4
7.055E-1 5.883E-4
7.560E-1 6.887E-4
8.062E-1 7.841E-4
8.566E-1 8.758E-4
9.069E-1 9.635E-4
9.574E-1 1.046E-3
1.007E+0 1.128E-3
