-9.0043070E-2 -4.2739470E-6
-5.9959410E-2 -2.9024030E-6
-2.9954910E-2 -1.4451530E-6
-1.9320850E-4 -1.9402650E-9
1.0035510E-2 4.7433220E-7
1.9758940E-2 9.5788820E-7
3.0042170E-2 1.4464770E-6
3.9959910E-2 2.0587450E-6
4.9991610E-2 2.5925950E-6
5.9978010E-2 3.2530460E-6
6.9975850E-2 3.8230940E-6
8.0030440E-2 4.4919120E-6
8.9959620E-2 5.1261800E-6
1.0000280E-1 5.9625510E-6
1.0994390E-1 6.8290970E-6
1.2006660E-1 7.9928400E-6
1.2997340E-1 9.1615910E-6
1.3998220E-1 1.0579290E-5
1.5003680E-1 1.2636720E-5
1.6001180E-1 1.4806090E-5
1.7003250E-1 1.7831360E-5
1.7996170E-1 2.1215020E-5
1.8999340E-1 2.6400960E-5
1.9996830E-1 3.2892230E-5
2.0997760E-1 4.2578690E-5
2.1994400E-1 5.4241960E-5
2.2990750E-1 6.8635960E-5
2.3997350E-1 9.1630250E-5
2.4994850E-1 1.2263800E-4
2.5992350E-1 1.6307370E-4
2.6996660E-1 2.1579160E-4
2.7994160E-1 2.9161250E-4
2.8997370E-1 3.9294830E-4
2.9997160E-1 5.4195130E-4
3.0993510E-1 7.1419610E-4
3.1993290E-1 9.5343590E-4
3.2997610E-1 1.2539590E-3
3.3996250E-1 1.6493950E-3
3.4996030E-1 2.1467040E-3
3.5995820E-1 2.7392210E-3
3.6996700E-1 3.4063760E-3
3.7996480E-1 4.2575730E-3
3.8997410E-1 5.2079190E-3
3.9998290E-1 6.3645580E-3
4.1000370E-1 7.4739700E-3
4.1992190E-1 8.7504460E-3
4.2995360E-1 9.9628900E-3
4.3996290E-1 1.1560280E-2
4.4997220E-1 1.2990030E-2
4.5995810E-1 1.4657290E-2
4.7002460E-1 1.6325710E-2
4.8001100E-1 1.8211950E-2
4.8999690E-1 1.9883840E-2
5.0000620E-1 2.1705790E-2
5.0996970E-1 2.3356830E-2
5.2001330E-1 2.5398910E-2
5.2998830E-1 2.7297900E-2
5.4002000E-1 2.9505660E-2
5.5002930E-1 3.1370480E-2
