0.000E+0 0
1.000E-2 2.40971748E-13
2.000E-2 5.74199516E-13
3.000E-2 1.03652601E-12
4.000E-2 1.67934538E-12
5.000E-2 2.57427972E-12
6.000E-2 3.82098818E-12
7.000E-2 5.55841589E-12
8.000E-2 7.97995247E-12
9.000E-2 1.13552953E-11
1.000E-1 1.606002E-11
1.100E-1 2.26190413E-11
1.200E-1 3.17669378E-11
1.300E-1 4.45335014E-11
1.400E-1 6.23677531E-11
1.500E-1 8.73134953E-11
1.600E-1 1.22262317E-10
1.700E-1 1.71310284E-10
1.800E-1 2.40304358E-10
1.900E-1 3.37562631E-10
2.000E-1 4.74977361E-10
2.100E-1 6.69570915E-10
2.200E-1 9.45744065E-10
2.300E-1 1.33851616E-9
2.400E-1 1.89819606E-9
2.500E-1 2.69711716E-9
2.600E-1 3.83935128E-9
2.700E-1 5.47472129E-9
2.800E-1 7.81901898E-9
2.900E-1 1.11831799E-8
3.000E-1 1.60153894E-8
3.100E-1 2.29618566E-8
3.200E-1 3.29545404E-8
3.300E-1 4.7337789E-8
3.400E-1 6.80511617E-8
3.500E-1 9.78933617E-8
3.600E-1 1.40903269E-7
3.700E-1 2.02910006E-7
3.800E-1 2.92326973E-7
3.900E-1 4.21297904E-7
4.000E-1 6.07350707E-7
4.100E-1 8.7578334E-7
4.200E-1 1.26310423E-6
4.300E-1 1.82198979E-6
4.400E-1 2.62842224E-6
4.500E-1 3.79195345E-6
