0.000E+0 0
1.000E-2 5.80710012E-15
2.000E-2 1.41701583E-14
3.000E-2 2.62316097E-14
4.000E-2 4.36245785E-14
5.000E-2 6.87378969E-14
6.000E-2 1.04993359E-13
7.000E-2 1.57300564E-13
8.000E-2 2.3274896E-13
9.000E-2 3.41499655E-13
1.000E-1 4.98221813E-13
1.100E-1 7.23969195E-13
1.200E-1 1.04909446E-12
1.300E-1 1.51755494E-12
1.400E-1 2.192921E-12
1.500E-1 3.16738477E-12
1.600E-1 4.57511984E-12
1.700E-1 6.61180971E-12
1.800E-1 9.5635975E-12
1.900E-1 1.38497246E-11
2.000E-1 2.00856317E-11
2.100E-1 2.91761676E-11
2.200E-1 4.24533795E-11
2.300E-1 6.18802349E-11
2.400E-1 9.03518852E-11
2.500E-1 1.3214126E-10
2.600E-1 1.93558262E-10
2.700E-1 2.839251E-10
2.800E-1 4.17019596E-10
2.900E-1 6.13211226E-10
3.000E-1 9.02622704E-10
3.100E-1 1.32980987E-9
3.200E-1 1.96067319E-9
3.300E-1 2.89277106E-9
3.400E-1 4.27042557E-9
3.500E-1 6.30725022E-9
3.600E-1 9.3194226E-9
3.700E-1 1.37749653E-8
3.800E-1 2.03667143E-8
3.900E-1 3.01203612E-8
4.000E-1 4.45544362E-8
4.100E-1 6.5917195E-8
4.200E-1 9.75373857E-8
4.300E-1 1.44344848E-7
4.400E-1 2.13633627E-7
4.500E-1 3.16212771E-7
