-9.0077400E-2 -2.0121610E-4
-5.9947970E-2 -1.9979540E-4
-3.0000690E-2 -1.9818910E-4
-6.8366530E-5 -1.9702350E-4
1.0436000E-2 -1.9683210E-4
2.0164130E-2 -1.9568970E-4
3.0030730E-2 -1.9529540E-4
3.9994240E-2 -1.9479100E-4
4.9992080E-2 -1.9431540E-4
5.9989930E-2 -1.9382250E-4
6.9987300E-2 -1.9342240E-4
8.0064770E-2 -1.9277880E-4
8.9914320E-2 -1.9194950E-4
9.9923610E-2 -1.9126530E-4
1.1000110E-1 -1.9014030E-4
1.1996460E-1 -1.8918930E-4
1.2997340E-1 -1.8786140E-4
1.4000560E-1 -1.8645230E-4
1.4993480E-1 -1.8457930E-4
1.5996650E-1 -1.8243360E-4
1.7002150E-1 -1.7938930E-4
1.8011050E-1 -1.7558530E-4
1.8985700E-1 -1.7049980E-4
2.0004840E-1 -1.6308890E-4
2.1009210E-1 -1.5377020E-4
2.2010330E-1 -1.4096060E-4
2.2980450E-1 -1.2630690E-4
2.4004170E-1 -1.0202730E-4
2.4990270E-1 -7.0969950E-5
2.5956960E-1 -2.9805680E-5
2.7001240E-1 3.4599990E-5
2.7990720E-1 1.0195910E-4
2.8993940E-1 2.1647010E-4
2.9991440E-1 3.5852010E-4
3.1007150E-1 5.8514720E-4
3.2000110E-1 8.3488880E-4
3.3007860E-1 1.1705720E-3
3.3997390E-1 1.6179890E-3
3.5000560E-1 2.2763330E-3
3.6002640E-1 2.9521230E-3
3.6994410E-1 3.8566310E-3
3.7988470E-1 4.7788710E-3
3.8989400E-1 6.1043720E-3
3.9989190E-1 7.4860250E-3
4.0994640E-1 9.3115570E-3
4.1993280E-1 1.0884810E-2
4.3004470E-1 1.3134290E-2
4.3997380E-1 1.5019370E-2
4.4996020E-1 1.7340670E-2
4.5993520E-1 1.9323660E-2
4.7017240E-1 2.2006470E-2
4.7994230E-1 2.4437840E-2
4.9007700E-1 2.7502980E-2
4.9997190E-1 3.0019520E-2
