-9.0044020E-2 -4.5200180E-6
-5.9937000E-2 -3.0729610E-6
-2.9943940E-2 -1.5308740E-6
5.0634150E-5 1.4581370E-8
9.9013450E-3 5.5685520E-7
2.0054760E-2 1.1688150E-6
2.9996870E-2 1.6864400E-6
4.0017130E-2 2.3170360E-6
4.9992080E-2 2.8792270E-6
5.9978490E-2 3.5488760E-6
6.9919590E-2 4.2275880E-6
7.9985620E-2 5.0140730E-6
8.9972020E-2 5.8034110E-6
1.0002660E-1 6.6895550E-6
1.0993340E-1 7.6984320E-6
1.2001090E-1 8.8559720E-6
1.2996290E-1 1.0297970E-5
1.3999510E-1 1.1836000E-5
1.5001540E-1 1.3894620E-5
1.5996790E-1 1.6385830E-5
1.7001100E-1 1.9603670E-5
1.7999740E-1 2.3610730E-5
1.8999530E-1 2.8640130E-5
1.9998170E-1 3.5715410E-5
2.0991090E-1 4.5015160E-5
2.1995640E-1 5.8491280E-5
2.2997710E-1 7.4655810E-5
2.4005510E-1 9.7637530E-5
2.4993850E-1 1.2702870E-4
2.5994780E-1 1.7375100E-4
2.6995710E-1 2.2749560E-4
2.7994350E-1 3.0587430E-4
2.8995280E-1 3.9841980E-4
2.9992770E-1 5.4853150E-4
3.0991410E-1 7.3438810E-4
3.2003740E-1 1.0194420E-3
3.2995560E-1 1.3073960E-3
3.3995340E-1 1.7602630E-3
3.4996270E-1 2.3115260E-3
3.6000590E-1 3.0786470E-3
3.6993550E-1 3.8712060E-3
3.7996770E-1 4.8902280E-3
3.8994260E-1 5.9342850E-3
3.9994050E-1 7.3674640E-3
4.0994980E-1 8.8532030E-3
4.1997050E-1 1.0565100E-2
4.3000220E-1 1.2392280E-2
4.3995480E-1 1.4564140E-2
4.4994120E-1 1.6508330E-2
4.5996140E-1 1.8733490E-2
4.6999360E-1 2.0776170E-2
4.8002580E-1 2.3340810E-2
4.8998930E-1 2.5781470E-2
5.0003290E-1 2.8632300E-2
5.0998500E-1 3.1102510E-2
