-9.0043070E-2 -3.8271900E-4
-5.9970860E-2 -2.5603820E-4
-2.9966350E-2 -1.2882960E-4
5.5313110E-5 -2.7195030E-9
1.0009590E-2 4.3548830E-5
1.9879070E-2 8.5047960E-5
3.0030730E-2 1.3044920E-4
3.9937020E-2 1.7443390E-4
4.9991610E-2 2.1877230E-4
5.9966560E-2 2.6274540E-4
7.0009710E-2 3.0820300E-4
7.9984660E-2 3.5294170E-4
8.9993950E-2 4.0002870E-4
1.0001420E-1 4.4635610E-4
1.1004640E-1 4.9408710E-4
1.1992980E-1 5.4125530E-4
1.3004160E-1 5.9156680E-4
1.3991400E-1 6.4219120E-4
1.5010550E-1 6.9593550E-4
1.6000030E-1 7.5162230E-4
1.6999820E-1 8.0973330E-4
1.7997310E-1 8.7175260E-4
1.8998240E-1 9.3843420E-4
1.9996830E-1 1.0116510E-3
2.1000050E-1 1.0928050E-3
2.1997790E-1 1.1825080E-3
2.2994140E-1 1.2848450E-3
2.3998500E-1 1.4035220E-3
2.4993710E-1 1.5428870E-3
2.5995780E-1 1.7063000E-3
2.6993270E-1 1.9032640E-3
2.7995300E-1 2.1397510E-3
2.8997370E-1 2.4339520E-3
2.9996010E-1 2.7990230E-3
3.0998040E-1 3.2549000E-3
3.1996680E-1 3.8200650E-3
3.2998750E-1 4.5261030E-3
3.3997390E-1 5.4078380E-3
3.4997180E-1 6.5291300E-3
3.5998060E-1 7.9150700E-3
3.6993310E-1 9.6316600E-3
3.8001060E-1 1.1716690E-2
3.8995120E-1 1.4256400E-2
3.9996050E-1 1.7238710E-2
4.1001510E-1 2.0753980E-2
4.1996720E-1 2.4790630E-2
4.3001080E-1 2.9466850E-2
4.3996290E-1 3.4692820E-2
