-9.0092180E-2 -1.9979190E-4
-5.9847350E-2 -1.9833050E-4
-3.0035970E-2 -1.9695030E-4
-1.7672780E-4 -1.9570930E-4
1.0385780E-2 -1.9547160E-4
2.0144940E-2 -1.9401020E-4
2.9986380E-2 -1.9405650E-4
3.9961810E-2 -1.9347670E-4
5.0016880E-2 -1.9304170E-4
5.9980870E-2 -1.9236910E-4
6.9921970E-2 -1.9179490E-4
7.9977040E-2 -1.9113380E-4
8.9997770E-2 -1.9050180E-4
1.0000750E-1 -1.8980000E-4
1.1000540E-1 -1.8890120E-4
1.1999230E-1 -1.8777620E-4
1.2993340E-1 -1.8658160E-4
1.3996550E-1 -1.8510280E-4
1.4996390E-1 -1.8306160E-4
1.6003040E-1 -1.8102040E-4
1.6999390E-1 -1.7800480E-4
1.7995790E-1 -1.7447320E-4
1.9009300E-1 -1.6873800E-4
1.9986300E-1 -1.6186030E-4
2.1008920E-1 -1.5130020E-4
2.1982720E-1 -1.3937730E-4
2.3011020E-1 -1.2268200E-4
2.3984620E-1 -1.0026850E-4
2.4993560E-1 -6.8821960E-5
2.5999070E-1 -2.6450970E-5
2.6986360E-1 3.3194530E-5
2.8003260E-1 1.1285390E-4
2.8996230E-1 2.0936920E-4
2.9993770E-1 3.5154100E-4
3.0983350E-1 5.3249740E-4
3.1999110E-1 7.7812610E-4
3.2990930E-1 1.0485760E-3
3.3991910E-1 1.4425220E-3
3.4990600E-1 1.8875790E-3
3.5997250E-1 2.4913620E-3
3.6994790E-1 3.1071420E-3
3.8004880E-1 3.8490220E-3
3.8995550E-1 4.6219620E-3
3.9997630E-1 5.5397790E-3
4.0996310E-1 6.5478240E-3
4.1996150E-1 7.6065750E-3
4.2997070E-1 8.7257680E-3
4.3991230E-1 9.8296050E-3
4.4983050E-1 1.1126250E-2
4.5998810E-1 1.2430910E-2
4.6996360E-1 1.3693870E-2
4.8001860E-1 1.5096440E-2
4.8998260E-1 1.6507700E-2
5.0015160E-1 1.7983270E-2
5.0986480E-1 1.9384680E-2
5.2001140E-1 2.0776260E-2
5.2996400E-1 2.2357850E-2
5.4001900E-1 2.3879190E-2
5.5001740E-1 2.5588230E-2
5.5999280E-1 2.7045830E-2
5.7005930E-1 2.8639580E-2
5.8002330E-1 3.0061290E-2
