-9.0055470E-2 -2.9910620E-7
-5.9993740E-2 -2.1827120E-7
-3.0000690E-2 -1.2262990E-7
-1.4373660E-4 -2.0783380E-10
1.0055630E-2 5.2396050E-8
2.0027670E-2 1.0508870E-7
2.9996870E-2 1.6646960E-7
3.9994240E-2 2.4488850E-7
5.0014970E-2 3.3781410E-7
5.9978490E-2 4.4941660E-7
6.9976330E-2 5.8284600E-7
8.0008510E-2 7.4685750E-7
8.9994910E-2 9.4337660E-7
1.0000370E-1 1.1821920E-6
1.0996720E-1 1.5247810E-6
1.1997650E-1 1.9236030E-6
1.2996290E-1 2.4367890E-6
1.3998370E-1 3.1032670E-6
1.5001540E-1 3.9884600E-6
1.5999030E-1 5.1633070E-6
1.6999960E-1 6.7222660E-6
1.7998600E-1 8.8124820E-6
1.8998380E-1 1.1642320E-5
1.9998170E-1 1.5440030E-5
2.0997950E-1 2.0577880E-5
2.1994540E-1 2.7646190E-5
2.2993180E-1 3.7284010E-5
2.3997550E-1 5.0359430E-5
2.4991660E-1 6.8113440E-5
2.5994830E-1 9.2340230E-5
2.6994610E-1 1.2603120E-4
2.7994390E-1 1.7144300E-4
2.8996470E-1 2.3273220E-4
2.9996250E-1 3.1552370E-4
3.0994890E-1 4.2663750E-4
3.1996970E-1 5.7563580E-4
3.2995610E-1 7.7063730E-4
3.3995390E-1 1.0207810E-3
3.4996320E-1 1.3385730E-3
3.5998390E-1 1.7391700E-3
3.6994740E-1 2.2291240E-3
3.7999060E-1 2.8168350E-3
3.8994310E-1 3.5010910E-3
3.9995240E-1 4.2875070E-3
4.0999560E-1 5.1851270E-3
4.1994810E-1 6.1846210E-3
4.2999120E-1 7.2840770E-3
4.3997760E-1 8.4626880E-3
4.4994160E-1 9.7105480E-3
4.5996190E-1 1.1078950E-2
4.7002840E-1 1.2483810E-2
4.8001480E-1 1.3952960E-2
4.9001260E-1 1.5493940E-2
5.0002190E-1 1.7086490E-2
5.0997400E-1 1.8724220E-2
5.2001760E-1 2.0406560E-2
