-9.0055940E-2 -7.9815120E-7
-5.9948920E-2 -6.0922640E-7
-3.0001160E-2 -3.6161170E-7
1.3306740E-4 -6.2847650E-9
9.9897680E-3 1.4444620E-7
2.0003110E-2 3.3911120E-7
3.0019760E-2 5.8724440E-7
3.9971830E-2 8.6883550E-7
4.9992560E-2 1.2410960E-6
5.9978960E-2 1.7180260E-6
7.0011140E-2 2.3136960E-6
8.0020430E-2 3.0937840E-6
8.9983940E-2 4.1167440E-6
1.0000470E-1 5.4618180E-6
1.0997960E-1 7.2404580E-6
1.1997750E-1 9.5923260E-6
1.2997530E-1 1.2737250E-5
1.4000750E-1 1.6962380E-5
1.5001680E-1 2.2603050E-5
1.6000320E-1 3.0134180E-5
1.7000100E-1 4.0245870E-5
1.7998740E-1 5.3946530E-5
1.8999670E-1 7.2453390E-5
1.9994880E-1 9.7397670E-5
2.0998100E-1 1.3055560E-4
2.1996970E-1 1.7555570E-4
2.2993330E-1 2.3627720E-4
2.3997690E-1 3.1744570E-4
2.4992940E-1 4.2442580E-4
2.5993870E-1 5.6544020E-4
2.6993660E-1 7.5153590E-4
2.7995730E-1 9.9378340E-4
2.8995510E-1 1.3087410E-3
2.9995300E-1 1.7036630E-3
3.0998520E-1 2.1984880E-3
3.1996010E-1 2.8147160E-3
3.2996990E-1 3.5626610E-3
3.3997920E-1 4.4520610E-3
3.4996560E-1 5.4888820E-3
3.5996340E-1 6.6777020E-3
3.6993840E-1 8.0250130E-3
3.7997060E-1 9.5410700E-3
3.8996840E-1 1.1200710E-2
3.9986370E-1 1.3033690E-2
4.1002130E-1 1.4955880E-2
4.1982560E-1 1.7097640E-2
4.3009710E-1 1.9254450E-2
4.3996950E-1 2.1586810E-2
