-9.0033050E-2 -7.0034750E-7
-5.9960370E-2 -5.4314610E-7
-2.9989720E-2 -3.3236890E-7
-1.4373660E-4 -5.6394360E-9
1.0022730E-2 1.4069040E-7
2.0038430E-2 3.2894060E-7
3.0042650E-2 5.5179680E-7
3.9971830E-2 8.2748310E-7
5.0004010E-2 1.1945010E-6
5.9978960E-2 1.6682590E-6
6.9999690E-2 2.2522640E-6
8.0031870E-2 3.0163140E-6
8.9995380E-2 4.0295110E-6
1.0000470E-1 5.3678010E-6
1.0999110E-1 7.1456180E-6
1.1997750E-1 9.5131450E-6
1.2996390E-1 1.2652000E-5
1.3998460E-1 1.6878880E-5
1.4998250E-1 2.2551440E-5
1.5996890E-1 3.0220590E-5
1.6997810E-1 4.0457510E-5
1.7997600E-1 5.4202840E-5
1.8998530E-1 7.2636040E-5
1.9996020E-1 9.7573370E-5
2.0998100E-1 1.3146600E-4
2.1998170E-1 1.7619370E-4
2.2992230E-1 2.3593500E-4
2.3994300E-1 3.1575230E-4
2.4994130E-1 4.2156690E-4
2.5995060E-1 5.5962360E-4
2.6993700E-1 7.3793720E-4
2.7993490E-1 9.6427810E-4
2.8995560E-1 1.2522400E-3
2.9995350E-1 1.6112330E-3
3.0996270E-1 2.0448640E-3
3.1996060E-1 2.5633330E-3
3.2994750E-1 3.1714480E-3
3.3994530E-1 3.8772650E-3
3.4996600E-1 4.6811310E-3
3.5995240E-1 5.5762080E-3
3.6995030E-1 6.5532850E-3
3.7997100E-1 7.6155440E-3
3.8993450E-1 8.7577160E-3
3.9993290E-1 9.9807270E-3
4.0998740E-1 1.1269640E-2
4.1994000E-1 1.2624100E-2
4.2997220E-1 1.4050390E-2
4.3994710E-1 1.5514930E-2
4.4995640E-1 1.7022890E-2
4.5996570E-1 1.8580120E-2
4.6997500E-1 2.0173830E-2
