-9.0032580E-2 -7.1347110E-7
-5.9971330E-2 -5.5381600E-7
-3.0012610E-2 -3.3763940E-7
-2.4765730E-5 -2.7322930E-9
1.0023830E-2 1.3779410E-7
2.0033570E-2 3.2625330E-7
2.9996870E-2 5.5539500E-7
3.9994720E-2 8.3004600E-7
5.0004010E-2 1.1970260E-6
5.9967520E-2 1.6723040E-6
6.9965360E-2 2.2549720E-6
7.9974650E-2 3.0233260E-6
8.9983460E-2 4.0375930E-6
1.0000420E-1 5.3760630E-6
1.0994480E-1 7.1538020E-6
1.1998840E-1 9.5213090E-6
1.2996340E-1 1.2664080E-5
1.4001800E-1 1.6892660E-5
1.5000440E-1 2.2585460E-5
1.5995650E-1 3.0195980E-5
1.7001150E-1 4.0393990E-5
1.7996360E-1 5.4092200E-5
1.8999530E-1 7.2575730E-5
1.9993640E-1 9.7520390E-5
2.0996810E-1 1.3118070E-4
2.1996830E-1 1.7564720E-4
2.2992040E-1 2.3545740E-4
2.3996400E-1 3.1551210E-4
2.4990460E-1 4.2078640E-4
2.5993680E-1 5.5787950E-4
2.6992320E-1 7.3480560E-4
2.7994390E-1 9.6058800E-4
2.8994180E-1 1.2499130E-3
2.9995110E-1 1.6057730E-3
3.0994890E-1 2.0365040E-3
3.1995820E-1 2.5528240E-3
3.2995610E-1 3.1612810E-3
3.3995390E-1 3.8664560E-3
3.4995170E-1 4.6668390E-3
3.5997200E-1 5.5542610E-3
3.6993600E-1 6.5250690E-3
3.8000200E-1 7.5871460E-3
3.8993170E-1 8.7303520E-3
3.9994050E-1 9.9516720E-3
4.0997270E-1 1.1231330E-2
4.1994760E-1 1.2590410E-2
4.2999120E-1 1.4007420E-2
4.3995480E-1 1.5463250E-2
4.4995260E-1 1.6965420E-2
4.5996190E-1 1.8517990E-2
4.6999410E-1 2.0115170E-2
