-9.0043070E-2 -2.5947410E-7
-5.9959410E-2 -1.9243200E-7
-2.9989240E-2 -1.1179530E-7
1.9195680E-4 -4.7911040E-9
1.0110880E-2 3.4991400E-8
2.0195930E-2 9.0568430E-8
2.9985430E-2 1.3965500E-7
3.9994240E-2 2.0563900E-7
5.0026420E-2 2.8446540E-7
5.9967040E-2 3.8050830E-7
7.0010190E-2 4.9873510E-7
7.9996590E-2 6.4274220E-7
8.9994430E-2 8.2163500E-7
1.0000320E-1 1.0450550E-6
1.0996680E-1 1.3219050E-6
1.1998750E-1 1.7158420E-6
1.2996240E-1 2.1888950E-6
1.3998270E-1 2.8180910E-6
1.5001440E-1 3.6507840E-6
1.5998940E-1 4.7721810E-6
1.7001010E-1 6.2742640E-6
1.7997360E-1 8.2994190E-6
1.8997100E-1 1.1064650E-5
1.9995740E-1 1.4791000E-5
2.0996670E-1 1.9858070E-5
2.1996640E-1 2.6804560E-5
2.2992990E-1 3.6345460E-5
2.3996210E-1 4.9449200E-5
2.4992560E-1 6.7272650E-5
2.5994630E-1 9.1543290E-5
2.6996660E-1 1.2509660E-4
2.7994160E-1 1.7118060E-4
2.8995080E-1 2.3369280E-4
2.9994870E-1 3.1842060E-4
3.0994610E-1 4.3223590E-4
3.1994390E-1 5.8628390E-4
3.2995320E-1 7.9118830E-4
3.3996250E-1 1.0602980E-3
3.4996030E-1 1.4061870E-3
3.5998060E-1 1.8489100E-3
3.6991020E-1 2.4056730E-3
3.7997630E-1 3.0943270E-3
3.8993980E-1 3.9151590E-3
3.9994910E-1 4.8811490E-3
4.0996930E-1 5.9997180E-3
4.1994430E-1 7.2764270E-3
4.2999940E-1 8.7140560E-3
4.3994000E-1 1.0293890E-2
4.4994930E-1 1.2002300E-2
4.5996950E-1 1.3863060E-2
4.7001310E-1 1.5828090E-2
4.8003340E-1 1.7903190E-2
4.9000840E-1 2.0084890E-2
