-9.0067390E-2 -4.4227390E-4
-5.9982780E-2 -4.4200720E-4
-3.0035500E-2 -4.4174040E-4
4.2816400E-3 -4.3773920E-4
5.6008990E-3 -4.4693040E-4
2.0251630E-2 -4.4559660E-4
3.0008320E-2 -4.4186800E-4
4.0006160E-2 -4.4172890E-4
4.9992560E-2 -4.4158380E-4
5.9956070E-2 -4.4137510E-4
6.9988250E-2 -4.4117220E-4
7.9997540E-2 -4.4095180E-4
8.9983940E-2 -4.4073720E-4
9.9981780E-2 -4.4036610E-4
1.0997960E-1 -4.4004710E-4
1.1998890E-1 -4.3954840E-4
1.2996390E-1 -4.3891640E-4
1.3997320E-1 -4.3819150E-4
1.5000530E-1 -4.3728690E-4
1.5995740E-1 -4.3607490E-4
1.7001250E-1 -4.3441060E-4
1.7997600E-1 -4.3230560E-4
1.8999670E-1 -4.2938870E-4
1.9996020E-1 -4.2549770E-4
2.0998100E-1 -4.2020330E-4
2.1995830E-1 -4.1305320E-4
2.2992230E-1 -4.0329360E-4
2.3996540E-1 -3.8990980E-4
2.4992940E-1 -3.7146930E-4
2.5993870E-1 -3.4615710E-4
2.6995940E-1 -3.1152030E-4
2.7996870E-1 -2.6452020E-4
2.8996660E-1 -2.0099310E-4
2.9995300E-1 -1.1414870E-4
3.0991700E-1 2.3774720E-6
3.1996010E-1 1.5841980E-4
3.2994700E-1 3.5910010E-4
3.3994480E-1 6.2229930E-4
3.4994270E-1 9.5615370E-4
3.5996340E-1 1.3739340E-3
3.6992690E-1 1.8792490E-3
3.7995910E-1 2.4875940E-3
3.8993450E-1 3.2018720E-3
3.9994380E-1 4.0230080E-3
4.0997600E-1 4.9480440E-3
4.1996240E-1 5.9660900E-3
4.2999460E-1 7.0810260E-3
4.3993520E-1 8.2876370E-3
4.4993310E-1 9.5833150E-3
4.5994280E-1 1.0952760E-2
4.7002030E-1 1.2396430E-2
4.8001810E-1 1.3903250E-2
4.8999310E-1 1.5467420E-2
5.0002530E-1 1.7071560E-2
5.0995490E-1 1.8720900E-2
5.2001000E-1 2.0424100E-2
