-9.0055470E-2 -5.0707250E-4
-5.9948440E-2 -5.0673620E-4
-2.9989720E-2 -5.0627230E-4
3.6361220E-3 -5.0033430E-4
7.5467230E-3 -5.0734510E-4
1.6449240E-2 -5.0986760E-4
3.0007840E-2 -5.0577360E-4
3.9971350E-2 -5.0548940E-4
4.9992080E-2 -5.0503130E-4
5.9978490E-2 -5.0450360E-4
6.9987770E-2 -5.0382510E-4
7.9997060E-2 -5.0301920E-4
8.9994430E-2 -5.0194060E-4
1.0001520E-1 -5.0058370E-4
1.1001300E-1 -4.9879180E-4
1.2001090E-1 -4.9641430E-4
1.2996290E-1 -4.9326550E-4
1.4000610E-1 -4.8901490E-4
1.5014080E-1 -4.8337260E-4
1.5987630E-1 -4.7581670E-4
1.7006780E-1 -4.6561080E-4
1.8004270E-1 -4.5204720E-4
1.8992660E-1 -4.3336910E-4
1.9997020E-1 -4.0829480E-4
2.0989940E-1 -3.7396560E-4
2.1992250E-1 -3.2911730E-4
2.2998910E-1 -2.6767260E-4
2.3988440E-1 -1.8567090E-4
2.4995040E-1 -7.6380890E-5
2.5917290E-1 4.2816190E-5
2.6994610E-1 2.6010300E-4
2.7996680E-1 5.0618170E-4
2.8995320E-1 8.2337880E-4
2.9996250E-1 1.2347880E-3
3.0997180E-1 1.7418940E-3
3.1995820E-1 2.3643750E-3
3.2995610E-1 3.1185150E-3
3.3997680E-1 4.0196120E-3
3.4995170E-1 5.0796620E-3
3.5999490E-1 6.2932740E-3
3.6993600E-1 7.6549460E-3
3.7995670E-1 9.1721510E-3
3.8988590E-1 1.0855930E-2
4.0004350E-1 1.2676130E-2
4.0989300E-1 1.4624970E-2
4.1993670E-1 1.6722100E-2
4.2991160E-1 1.8947260E-2
4.4002340E-1 2.1295230E-2
