-9.0032580E-2 -4.8895690E-4
-5.9982300E-2 -4.8856260E-4
-2.9989720E-2 -4.8815670E-4
4.4417980E-3 -4.8351170E-4
1.4132290E-2 -4.8390030E-4
1.5986290E-2 -4.9171710E-4
3.0019280E-2 -4.8760580E-4
4.0017130E-2 -4.8726950E-4
5.0003530E-2 -4.8686350E-4
5.9978490E-2 -4.8628940E-4
6.9999220E-2 -4.8564570E-4
8.0042360E-2 -4.8477020E-4
9.0005870E-2 -4.8372630E-4
1.0000370E-1 -4.8229980E-4
1.1000160E-1 -4.8047320E-4
1.2001090E-1 -4.7806080E-4
1.2996290E-1 -4.7483670E-4
1.3999510E-1 -4.7062680E-4
1.5000390E-1 -4.6485100E-4
1.6000180E-1 -4.5712700E-4
1.6999960E-1 -4.4665430E-4
1.7999740E-1 -4.3260360E-4
1.8998380E-1 -4.1366450E-4
1.9999310E-1 -3.8824810E-4
2.1000190E-1 -3.5381460E-4
2.1996830E-1 -3.0688440E-4
2.2994330E-1 -2.4421040E-4
2.3997550E-1 -1.6075330E-4
2.4995040E-1 -4.9289050E-5
2.5927590E-1 7.0786190E-5
2.6996900E-1 2.8926040E-4
2.7995540E-1 5.3860390E-4
2.8996470E-1 8.5526150E-4
2.9993960E-1 1.2530410E-3
3.0996040E-1 1.7507020E-3
3.1995820E-1 2.3599710E-3
3.2996750E-1 3.0814860E-3
3.3998820E-1 3.9237090E-3
3.4996320E-1 4.8975890E-3
3.5999490E-1 6.0056190E-3
3.6994740E-1 7.2511040E-3
3.7999060E-1 8.6202490E-3
3.8993170E-1 1.0095440E-2
3.9996390E-1 1.1699410E-2
4.0999560E-1 1.3403760E-2
4.1995950E-1 1.5190380E-2
4.3000270E-1 1.7078950E-2
4.3996620E-1 1.9056170E-2
4.4997550E-1 2.1123750E-2
