-9.0032580E-2 -4.2503020E-4
-5.9959890E-2 -4.2478670E-4
-2.9989720E-2 -4.2449100E-4
4.8222540E-3 -4.2195690E-4
6.2050820E-3 -4.2982600E-4
1.7387990E-2 -4.3034790E-4
3.0019280E-2 -4.2482730E-4
3.9982800E-2 -4.2468240E-4
5.0049300E-2 -4.2452000E-4
5.9989930E-2 -4.2434030E-4
6.9999220E-2 -4.2416050E-4
8.0019470E-2 -4.2393430E-4
9.0005870E-2 -4.2372560E-4
1.0001520E-1 -4.2341820E-4
1.1001300E-1 -4.2302390E-4
1.2001090E-1 -4.2262950E-4
1.2996290E-1 -4.2211350E-4
1.4000650E-1 -4.2139440E-4
1.5001540E-1 -4.2052460E-4
1.5999030E-1 -4.1928950E-4
1.6999960E-1 -4.1776430E-4
1.7996310E-1 -4.1570570E-4
1.8999530E-1 -4.1288170E-4
1.9997020E-1 -4.0908930E-4
2.0997950E-1 -4.0397470E-4
2.2000270E-1 -3.9692900E-4
2.2995470E-1 -3.8723330E-4
2.3997550E-1 -3.7388430E-4
2.4992750E-1 -3.5565860E-4
2.5993680E-1 -3.3072930E-4
2.6995750E-1 -2.9637110E-4
2.7996680E-1 -2.4912200E-4
2.8995320E-1 -1.8412260E-4
2.9997400E-1 -9.5280060E-5
3.0997180E-1 2.3048230E-5
3.1998110E-1 1.8609110E-4
3.2997890E-1 3.9994510E-4
3.3997680E-1 6.8009250E-4
3.4995170E-1 1.0435940E-3
3.5998390E-1 1.5149680E-3
3.6995890E-1 2.0985660E-3
3.7999060E-1 2.8130110E-3
3.8996600E-1 3.6685040E-3
3.9996390E-1 4.6816150E-3
4.0997270E-1 5.8601680E-3
4.1994810E-1 7.1944300E-3
4.3000270E-1 8.6806900E-3
4.3996620E-1 1.0300060E-2
4.4988440E-1 1.2098570E-2
4.6006490E-1 1.3970910E-2
4.6992590E-1 1.6013010E-2
4.8002620E-1 1.8117090E-2
4.8992160E-1 2.0417560E-2
