-9.0065960E-2 -4.6565340E-4
-5.9959410E-2 -4.6543880E-4
-2.9989240E-2 -4.6517780E-4
3.9682390E-3 -4.5902530E-4
1.4811810E-2 -4.5983710E-4
1.5114550E-2 -4.7068670E-4
2.9996870E-2 -4.6535760E-4
3.9971830E-2 -4.6523580E-4
5.0003530E-2 -4.6510820E-4
5.9989930E-2 -4.6487050E-4
7.0010190E-2 -4.6466760E-4
8.0042360E-2 -4.6444720E-4
8.9982990E-2 -4.6420940E-4
1.0001470E-1 -4.6395430E-4
1.0997820E-1 -4.6361210E-4
1.1999890E-1 -4.6320620E-4
1.2998490E-1 -4.6263220E-4
1.3999410E-1 -4.6202330E-4
1.5002580E-1 -4.6114180E-4
1.6000080E-1 -4.5999940E-4
1.7002150E-1 -4.5849170E-4
1.7996220E-1 -4.5643320E-4
1.9000530E-1 -4.5370780E-4
1.9996880E-1 -4.5003710E-4
2.0997810E-1 -4.4489360E-4
2.1997790E-1 -4.3796980E-4
2.2994140E-1 -4.2850040E-4
2.3996210E-1 -4.1560960E-4
2.4993710E-1 -3.9779570E-4
2.5993490E-1 -3.7315650E-4
2.6994370E-1 -3.3901320E-4
2.7995300E-1 -2.9241970E-4
2.8995080E-1 -2.2909670E-4
2.9997110E-1 -1.4301910E-4
3.0998040E-1 -2.5871750E-5
3.1855340E-1 1.0137470E-4
3.2994170E-1 3.4228900E-4
3.3995100E-1 6.1629900E-4
3.4996030E-1 9.6974240E-4
3.5993530E-1 1.4293680E-3
3.6989880E-1 1.9929110E-3
3.7999920E-1 2.6971510E-3
3.8995120E-1 3.5196060E-3
3.9996000E-1 4.5052990E-3
4.0999220E-1 5.6475680E-3
4.1994430E-1 6.9464710E-3
4.2995360E-1 8.3982400E-3
4.3995140E-1 9.9796970E-3
4.4994930E-1 1.1716130E-2
4.5994660E-1 1.3571660E-2
4.7000170E-1 1.5535530E-2
4.8001050E-1 1.7618160E-2
4.8999690E-1 1.9816650E-2
5.0001760E-1 2.2118270E-2
