-9.0033050E-2 -4.4568940E-4
-5.9982780E-2 -4.4542850E-4
-3.0001160E-2 -4.4520230E-4
4.6514870E-3 -4.4039510E-4
1.4217230E-2 -4.4241300E-4
1.5528230E-2 -4.4940070E-4
3.0179500E-2 -4.4530090E-4
3.9824010E-2 -4.4521400E-4
5.0129410E-2 -4.4516170E-4
5.9876440E-2 -4.4474420E-4
6.9999690E-2 -4.4463980E-4
8.0031870E-2 -4.4446590E-4
9.0029720E-2 -4.4421650E-4
1.0001610E-1 -4.4388600E-4
1.0999110E-1 -4.4350330E-4
1.2002330E-1 -4.4302200E-4
1.2998680E-1 -4.4247680E-4
1.4003040E-1 -4.4169410E-4
1.5005110E-1 -4.4083570E-4
1.6000320E-1 -4.3964700E-4
1.7003540E-1 -4.3801750E-4
1.7998740E-1 -4.3597630E-4
1.8999670E-1 -4.3311170E-4
1.9997170E-1 -4.2936560E-4
2.1000390E-1 -4.2421030E-4
2.1996970E-1 -4.1722260E-4
2.2996760E-1 -4.0755000E-4
2.3997690E-1 -3.9438080E-4
2.4995230E-1 -3.7633450E-4
2.5995020E-1 -3.5166600E-4
2.6997090E-1 -3.1772500E-4
2.7996870E-1 -2.7102650E-4
2.8997800E-1 -2.0697180E-4
2.9996440E-1 -1.1918230E-4
3.0998520E-1 -1.3166100E-6
3.1996060E-1 1.5717880E-4
3.2998130E-1 3.7044870E-4
3.3996770E-1 6.5155540E-4
3.4997700E-1 1.0149850E-3
3.5994050E-1 1.4741850E-3
3.7000700E-1 2.0738390E-3
3.7999340E-1 2.7954760E-3
3.9001420E-1 3.6782120E-3
3.9996670E-1 4.7071520E-3
4.1003270E-1 5.9359560E-3
4.1995100E-1 7.2936970E-3
4.3002840E-1 8.8841620E-3
4.3998100E-1 1.0588360E-2
4.4999030E-1 1.2467120E-2
4.5996520E-1 1.4509220E-2
4.7002030E-1 1.6672420E-2
4.8001810E-1 1.8953200E-2
4.9002740E-1 2.1358550E-2
