-9.0043070E-2 -4.5948360E-4
-5.9959410E-2 -4.5917630E-4
-2.9966350E-2 -4.5897900E-4
4.3074790E-3 -4.5331370E-4
8.3240570E-3 -4.6507360E-4
2.0544590E-2 -4.5344700E-4
3.0030730E-2 -4.5910080E-4
3.9993760E-2 -4.5899650E-4
5.0014500E-2 -4.5886890E-4
6.0012340E-2 -4.5869500E-4
7.0009710E-2 -4.5837600E-4
8.0030440E-2 -4.5823690E-4
8.9993950E-2 -4.5798170E-4
1.0002570E-1 -4.5770920E-4
1.0998920E-1 -4.5725680E-4
1.2010100E-1 -4.5686250E-4
1.2985900E-1 -4.5634060E-4
1.4016490E-1 -4.5567960E-4
1.4991140E-1 -4.5451410E-4
1.6004610E-1 -4.5352240E-4
1.7002110E-1 -4.5184080E-4
1.7991590E-1 -4.4968950E-4
1.9008490E-1 -4.4690600E-4
1.9995690E-1 -4.4314830E-4
2.1005730E-1 -4.3799900E-4
2.1997790E-1 -4.3093610E-4
2.2991850E-1 -4.2135640E-4
2.3999640E-1 -4.0813510E-4
2.4991420E-1 -3.9049520E-4
2.5999160E-1 -3.6495710E-4
2.6994370E-1 -3.3173000E-4
2.7996440E-1 -2.8438850E-4
2.8997370E-1 -2.2058420E-4
2.9997160E-1 -1.3399640E-4
3.0999180E-1 -1.5908750E-5
3.1994390E-1 1.4342690E-4
3.2998750E-1 3.5628750E-4
3.3997390E-1 6.3502950E-4
3.4997180E-1 9.9569260E-4
3.5996910E-1 1.4619920E-3
3.6993270E-1 2.0502790E-3
3.7999920E-1 2.7753230E-3
3.8996270E-1 3.6450050E-3
3.9996050E-1 4.6750870E-3
4.0996930E-1 5.8839950E-3
4.1995570E-1 7.2654750E-3
4.2999940E-1 8.8227650E-3
4.3998580E-1 1.0521580E-2
4.4998310E-1 1.2402610E-2
4.5996950E-1 1.4428470E-2
4.7001310E-1 1.6571920E-2
4.8002200E-1 1.8838780E-2
4.9003120E-1 2.1250460E-2
