0.000E+0 0
1.000E-2 8.25271268E-13
2.000E-2 2.00240968E-12
3.000E-2 3.6816594E-12
4.000E-2 6.0774152E-12
5.000E-2 9.49561293E-12
6.000E-2 1.43728167E-11
7.000E-2 2.13319996E-11
8.000E-2 3.12621506E-11
9.000E-2 4.54318919E-11
1.000E-1 6.56516437E-11
1.100E-1 9.45050952E-11
1.200E-1 1.35679618E-10
1.300E-1 1.94437938E-10
1.400E-1 2.78291472E-10
1.500E-1 3.97961577E-10
1.600E-1 5.68751789E-10
1.700E-1 8.12506717E-10
1.800E-1 1.16040818E-9
1.900E-1 1.656966E-9
2.000E-1 2.36571282E-9
2.100E-1 3.37732858E-9
2.200E-1 4.821227E-9
2.300E-1 6.88207089E-9
2.400E-1 9.82329554E-9
2.500E-1 1.40205791E-8
2.600E-1 2.00093962E-8
2.700E-1 2.85524386E-8
2.800E-1 4.07349244E-8
2.900E-1 5.80987841E-8
3.000E-1 8.28305202E-8
3.100E-1 1.18022226E-7
3.200E-1 1.68030664E-7
3.300E-1 2.38965153E-7
3.400E-1 3.3934124E-7
3.500E-1 4.80945215E-7
3.600E-1 6.79971263E-7
3.700E-1 9.58535501E-7
3.800E-1 1.34676982E-6
3.900E-1 1.88588085E-6
4.000E-1 2.63280131E-6
4.100E-1 3.66723456E-6
4.200E-1 5.10182374E-6
4.300E-1 7.09584996E-6
4.400E-1 9.87254442E-6
4.500E-1 1.37398508E-5
