0.000E+0 0
1.000E-2 4.54796039E-12
2.000E-2 1.10328036E-11
3.000E-2 2.02809451E-11
4.000E-2 3.3471392E-11
5.000E-2 5.22861746E-11
6.000E-2 7.91249703E-11
7.000E-2 1.17411326E-10
8.000E-2 1.72029592E-10
9.000E-2 2.49948416E-10
1.000E-1 3.61110484E-10
1.100E-1 5.19702353E-10
1.200E-1 7.45966787E-10
1.300E-1 1.06878963E-9
1.400E-1 1.52939232E-9
1.500E-1 2.18660284E-9
1.600E-1 3.12437986E-9
1.700E-1 4.46255304E-9
1.800E-1 6.37215366E-9
1.900E-1 9.09729557E-9
2.000E-1 1.29864013E-8
2.100E-1 1.85367566E-8
2.200E-1 2.64580649E-8
2.300E-1 3.77630714E-8
2.400E-1 5.38967147E-8
2.500E-1 7.6920046E-8
2.600E-1 1.09771855E-7
2.700E-1 1.5664026E-7
2.800E-1 2.23489351E-7
2.900E-1 3.18803307E-7
3.000E-1 4.54633409E-7
3.100E-1 6.48062826E-7
3.200E-1 9.23240195E-7
3.300E-1 1.31417512E-6
3.400E-1 1.86853511E-6
3.500E-1 2.65273589E-6
3.600E-1 3.75869129E-6
3.700E-1 5.31274027E-6
3.800E-1 7.4876359E-6
3.900E-1 1.05191132E-5
4.000E-1 1.47299207E-5
4.100E-1 2.05649676E-5
4.200E-1 2.86414396E-5
4.300E-1 3.98152207E-5
4.400E-1 5.52608501E-5
4.500E-1 7.65583059E-5
