-8.9997770E-2 -6.3995030E-6
-5.9959410E-2 -4.5916170E-6
-3.0012130E-2 -2.5146200E-6
2.8383730E-4 1.3619430E-8
1.0110880E-2 9.2598660E-7
2.0073410E-2 2.0305980E-6
3.0087950E-2 3.2247080E-6
4.0005680E-2 4.3004580E-6
5.0037860E-2 5.7319180E-6
5.9830190E-2 7.1969790E-6
7.0021630E-2 9.0324540E-6
7.9985140E-2 1.0793260E-5
8.9982990E-2 1.2813590E-5
1.0003760E-1 1.5477590E-5
1.1002400E-1 1.8124790E-5
1.2004420E-1 2.1339100E-5
1.2999630E-1 2.4801050E-5
1.3998270E-1 2.9153100E-5
1.5000340E-1 3.4355860E-5
1.6003510E-1 4.0507890E-5
1.6990760E-1 4.7787220E-5
1.7993930E-1 5.5861590E-5
1.8991420E-1 6.7026780E-5
1.9999170E-1 8.0011040E-5
2.0996670E-1 9.7955680E-5
2.1995500E-1 1.1304070E-4
2.2992990E-1 1.3798170E-4
2.3997350E-1 1.6487720E-4
2.4986840E-1 2.0243670E-4
2.6003740E-1 2.3707930E-4
2.6996660E-1 2.8237470E-4
2.8002120E-1 3.2373240E-4
2.9001900E-1 3.8187230E-4
2.9990290E-1 4.3957140E-4
3.0991220E-1 5.1230700E-4
3.1997820E-1 5.7894250E-4
3.3002140E-1 6.5466460E-4
3.3995100E-1 7.2684350E-4
3.5002850E-1 8.1019130E-4
3.5993530E-1 8.9689060E-4
3.6993270E-1 9.8601980E-4
3.8005590E-1 1.0673090E-3
3.8987110E-1 1.1651260E-3
4.0002870E-1 1.2588840E-3
4.0992400E-1 1.3665520E-3
4.1999010E-1 1.4615860E-3
4.3006750E-1 1.5643280E-3
4.3994000E-1 1.6609260E-3
4.4998310E-1 1.7658710E-3
4.5995810E-1 1.8757970E-3
4.7004700E-1 1.9815530E-3
4.8001050E-1 2.0879450E-3
4.8999690E-1 2.1850650E-3
4.9994900E-1 2.3023520E-3
5.0995830E-1 2.4123380E-3
5.2002430E-1 2.5394750E-3
5.2996540E-1 2.6404780E-3
5.4004290E-1 2.7556790E-3
5.5002930E-1 2.8523930E-3
5.5993560E-1 2.9758230E-3
5.7004740E-1 3.0864460E-3
5.8005670E-1 3.2165390E-3
5.8992910E-1 3.3257120E-3
6.0005240E-1 3.4456070E-3
