-9.0123650E-2 -6.5291330E-6
-5.9982780E-2 -4.6255060E-6
-3.0115130E-2 -2.5114060E-6
-3.2985210E-4 8.9193580E-9
1.0003810E-2 1.0195840E-6
1.9944010E-2 1.9111160E-6
3.0019280E-2 3.1477720E-6
3.9982800E-2 4.4362240E-6
5.0060270E-2 5.7910510E-6
5.9898850E-2 7.2972670E-6
6.9919110E-2 8.7945450E-6
8.0042360E-2 1.0871630E-5
9.0005870E-2 1.2966790E-5
1.0001520E-1 1.5139070E-5
1.0995580E-1 1.7969520E-5
1.1996510E-1 2.1101530E-5
1.2996290E-1 2.5228630E-5
1.3990350E-1 2.9184070E-5
1.5002680E-1 3.4306840E-5
1.5996740E-1 3.9395990E-5
1.7010210E-1 4.7210050E-5
1.7997460E-1 5.5677640E-5
1.9004060E-1 6.8025310E-5
1.9991300E-1 7.9958350E-5
2.1001340E-1 9.6164610E-5
2.1995690E-1 1.1316920E-4
2.2997760E-1 1.3932820E-4
2.3994110E-1 1.6498870E-4
2.4995040E-1 1.9839640E-4
2.5991390E-1 2.3140990E-4
2.6995750E-1 2.7618950E-4
2.7990960E-1 3.2353800E-4
2.8985070E-1 3.8079100E-4
2.9993960E-1 4.3920960E-4
3.0997180E-1 5.0141500E-4
3.2009510E-1 5.7062550E-4
3.3000140E-1 6.4431880E-4
3.3995390E-1 7.2889080E-4
3.4990600E-1 8.0558770E-4
3.5990380E-1 8.9009570E-4
3.6986730E-1 9.6564460E-4
3.7999060E-1 1.0635500E-3
3.8993170E-1 1.1609030E-3
3.9996340E-1 1.2540850E-3
4.0999560E-1 1.3461650E-3
4.1998200E-1 1.4467630E-3
4.2994550E-1 1.5478820E-3
4.3997760E-1 1.6607080E-3
4.4990730E-1 1.7564970E-3
4.5996190E-1 1.8620210E-3
4.6999410E-1 1.9523630E-3
4.8010590E-1 2.0693020E-3
4.8998980E-1 2.1753480E-3
4.9997620E-1 2.3001120E-3
5.1008800E-1 2.4009400E-3
5.1986930E-1 2.5147520E-3
5.3003790E-1 2.6094970E-3
5.4007010E-1 2.7296820E-3
5.5012510E-1 2.8393790E-3
5.5980350E-1 2.9674450E-3
5.7015470E-1 3.0744750E-3
5.8002710E-1 3.1913570E-3
5.8995680E-1 3.2974590E-3
6.0001130E-1 3.4166020E-3
