-9.0111730E-2 -6.0241440E-6
-6.0039040E-2 -4.3807670E-6
-3.0091760E-2 -2.3867520E-6
-9.9062920E-4 -1.0324650E-8
1.0082630E-2 1.0235040E-6
1.9953310E-2 1.9237140E-6
3.0098920E-2 3.0263440E-6
4.0119170E-2 4.0740110E-6
4.9900530E-2 5.3535130E-6
5.9920790E-2 6.7670970E-6
6.9998260E-2 8.3794240E-6
7.9973220E-2 1.0111120E-5
8.9959620E-2 1.1899680E-5
1.0004850E-1 1.4301590E-5
1.1002350E-1 1.6681440E-5
1.2002130E-1 1.9496800E-5
1.3005300E-1 2.2527300E-5
1.4001660E-1 2.6217710E-5
1.5003680E-1 3.0689230E-5
1.6006900E-1 3.5476800E-5
1.7000960E-1 4.1112730E-5
1.7991590E-1 4.6905810E-5
1.9002770E-1 5.4990010E-5
1.9999120E-1 6.3564850E-5
2.1001200E-1 7.4884260E-5
2.2000070E-1 8.5072900E-5
2.3011260E-1 9.8051370E-5
2.4000790E-1 1.1065740E-4
2.4995990E-1 1.2841940E-4
2.5978660E-1 1.4373430E-4
2.6996660E-1 1.6226760E-4
2.7994160E-1 1.7831920E-4
2.8984830E-1 2.0025620E-4
2.9992580E-1 2.2067430E-4
3.1001470E-1 2.4610830E-4
3.1997820E-1 2.6826580E-4
3.2998750E-1 2.9313750E-4
3.3990530E-1 3.1574750E-4
3.4996030E-1 3.4222520E-4
3.5996910E-1 3.6866240E-4
3.6993270E-1 3.9654360E-4
3.7995340E-1 4.2378110E-4
3.8990550E-1 4.5020670E-4
3.9993760E-1 4.7966510E-4
4.0999220E-1 5.0857270E-4
4.1996720E-1 5.4193380E-4
4.2986250E-1 5.6968160E-4
4.3988280E-1 6.0028820E-4
4.4996070E-1 6.2624990E-4
4.5991280E-1 6.6042300E-4
4.7001310E-1 6.9107580E-4
4.7999950E-1 7.2792220E-4
4.8991730E-1 7.5752570E-4
5.0005200E-1 7.9103160E-4
5.0995830E-1 8.1891870E-4
5.2005860E-1 8.5434990E-4
5.2987430E-1 8.8608730E-4
5.4006580E-1 9.2407600E-4
5.5010890E-1 9.5609180E-4
5.5999280E-1 9.9116940E-4
5.7002500E-1 1.0222920E-3
5.8005670E-1 1.0604710E-3
5.9006600E-1 1.0910670E-3
6.0002950E-1 1.1287910E-3
