-9.0055940E-2 -6.4367560E-6
-6.0040000E-2 -4.7319210E-6
-3.0069350E-2 -2.5344380E-6
-3.9932130E-4 1.1334070E-8
1.0041560E-2 9.3299060E-7
1.9984250E-2 2.0492700E-6
3.0099390E-2 3.2506890E-6
4.0029050E-2 4.3374890E-6
5.0038340E-2 5.7737270E-6
5.9819220E-2 7.2535820E-6
6.9976810E-2 9.0630970E-6
7.9974650E-2 1.0840410E-5
8.9972500E-2 1.2852080E-5
9.9958900E-2 1.5531200E-5
1.0997960E-1 1.8168580E-5
1.2000040E-1 2.1373660E-5
1.3007780E-1 2.4810720E-5
1.4003040E-1 2.9156480E-5
1.4999390E-1 3.4355830E-5
1.5996890E-1 4.0433730E-5
1.7002390E-1 4.7578080E-5
1.7995310E-1 5.5526750E-5
1.8984840E-1 6.6403310E-5
1.9993730E-1 7.9141920E-5
2.0991280E-1 9.6444900E-5
2.1992440E-1 1.1116940E-4
2.2983120E-1 1.3491630E-4
2.3996590E-1 1.6057120E-4
2.4994130E-1 1.9562030E-4
2.5981380E-1 2.2785690E-4
2.6995990E-1 2.6904140E-4
2.7992340E-1 3.0654950E-4
2.8985310E-1 3.5987120E-4
2.9990820E-1 4.1164480E-4
3.1004290E-1 4.7789260E-4
3.1994920E-1 5.3597540E-4
3.3002710E-1 6.0398020E-4
3.3989950E-1 6.6464370E-4
3.4995460E-1 7.3959560E-4
3.5991810E-1 8.1279640E-4
3.6999610E-1 8.9450440E-4
3.7998250E-1 9.7259970E-4
3.8995740E-1 1.0509840E-3
3.9994430E-1 1.1308980E-3
4.0994220E-1 1.2282510E-3
4.1994000E-1 1.3081040E-3
4.3000600E-1 1.3996640E-3
4.3995860E-1 1.4778930E-3
4.4997930E-1 1.5714820E-3
4.5994280E-1 1.6617090E-3
4.6995210E-1 1.7600470E-3
4.8003010E-1 1.8502730E-3
4.8999360E-1 1.9428170E-3
4.9996900E-1 2.0368700E-3
5.1000120E-1 2.1320790E-3
5.2001050E-1 2.2367930E-3
5.2990580E-1 2.3284670E-3
5.3994890E-1 2.4262850E-3
5.4998110E-1 2.5115270E-3
5.5991080E-1 2.6183850E-3
5.7002260E-1 2.7162620E-3
5.8007760E-1 2.8299560E-3
5.9001870E-1 2.9214580E-3
6.0003950E-1 3.0239110E-3
