-9.0089320E-2 -6.4894480E-6
-5.9993740E-2 -4.7200280E-6
-2.9955390E-2 -2.4932110E-6
3.1328200E-4 -7.0048150E-9
1.0201690E-2 1.0109170E-6
2.0054760E-2 2.0133080E-6
3.0053620E-2 3.2951030E-6
3.9959910E-2 4.4545450E-6
5.0083160E-2 5.8787260E-6
5.9864520E-2 7.1723130E-6
6.9942000E-2 8.9500540E-6
7.9985620E-2 1.0980660E-5
8.9926240E-2 1.2783540E-5
1.0003810E-1 1.5326950E-5
1.0993290E-1 1.7908050E-5
1.1990830E-1 2.1455840E-5
1.2999730E-1 2.4922440E-5
1.4001750E-1 2.9302360E-5
1.5004970E-1 3.3925270E-5
1.5995600E-1 3.9970650E-5
1.6995380E-1 4.7131180E-5
1.7989490E-1 5.5938000E-5
1.8996100E-1 6.6198640E-5
1.9992450E-1 7.7835340E-5
2.1000190E-1 9.3225710E-5
2.2004800E-1 1.1210800E-4
2.2990890E-1 1.3377870E-4
2.3995260E-1 1.5594810E-4
2.4993900E-1 1.8799890E-4
2.5991390E-1 2.2175470E-4
2.6994610E-1 2.6687630E-4
2.7997830E-1 3.0676740E-4
2.8993030E-1 3.5664420E-4
2.9987140E-1 4.0149900E-4
3.0984640E-1 4.6257950E-4
3.1991240E-1 5.2129970E-4
3.3001280E-1 5.9481290E-4
3.3996530E-1 6.5816080E-4
3.4999700E-1 7.3151170E-4
3.5996100E-1 7.9640790E-4
3.6989020E-1 8.7532590E-4
3.7988810E-1 9.5232440E-4
3.8985160E-1 1.0368500E-3
3.9990660E-1 1.1077080E-3
4.1007520E-1 1.1981650E-3
4.1994760E-1 1.2799870E-3
4.3003700E-1 1.3789630E-3
4.3994330E-1 1.4606710E-3
4.4997550E-1 1.5525180E-3
4.5999620E-1 1.6330670E-3
4.6999410E-1 1.7276390E-3
4.8001480E-1 1.8179230E-3
4.8995540E-1 1.9153340E-3
5.0004430E-1 2.0075870E-3
5.1000830E-1 2.0978130E-3
5.1996040E-1 2.1941810E-3
5.3003790E-1 2.2899690E-3
5.4000190E-1 2.3956090E-3
5.4997680E-1 2.4863570E-3
5.6000850E-1 2.5829560E-3
5.7002930E-1 2.6678520E-3
5.8001570E-1 2.7749990E-3
5.9002490E-1 2.8711910E-3
6.0004570E-1 2.9855240E-3
