-9.0031620E-2 -1.8093200E-4
-6.0016160E-2 -1.7882700E-4
-3.0000690E-2 -1.7664080E-4
9.3013050E-5 -1.7371250E-4
1.0015520E-2 -1.7266290E-4
2.0061670E-2 -1.7159600E-4
3.0019280E-2 -1.7017520E-4
4.0005210E-2 -1.6864440E-4
5.0025940E-2 -1.6707290E-4
6.0000900E-2 -1.6532160E-4
7.0021150E-2 -1.6351230E-4
7.9973220E-2 -1.6110590E-4
8.9971070E-2 -1.5847320E-4
1.0004850E-1 -1.5505760E-4
1.1003490E-1 -1.5192060E-4
1.1995270E-1 -1.4782660E-4
1.2996200E-1 -1.4372680E-4
1.4003940E-1 -1.3770190E-4
1.5003680E-1 -1.3132320E-4
1.5996650E-1 -1.2205660E-4
1.6997530E-1 -1.1308580E-4
1.7998460E-1 -1.0092580E-4
1.9014170E-1 -8.6829210E-5
1.9997980E-1 -7.1739460E-5
2.1001200E-1 -5.1260260E-5
2.2001220E-1 -2.4913780E-5
2.3070530E-1 1.6490590E-7
2.4011040E-1 3.0907850E-5
2.4990270E-1 6.9202520E-5
2.5998020E-1 1.0855820E-4
2.7005770E-1 1.4875040E-4
2.8003260E-1 1.9770490E-4
2.8992800E-1 2.4934420E-4
2.9997160E-1 3.0631830E-4
3.0995750E-1 3.6363470E-4
3.1998970E-1 4.2059160E-4
3.2989650E-1 4.8654850E-4
3.3996250E-1 5.5264450E-4
3.4997180E-1 6.2899850E-4
3.5999200E-1 6.9376660E-4
3.6988740E-1 7.6639210E-4
3.8003300E-1 8.3018580E-4
3.8986020E-1 9.1162580E-4
3.9992620E-1 9.8585170E-4
4.1000370E-1 1.0682940E-3
4.2000150E-1 1.1398590E-3
4.2995360E-1 1.2241730E-3
4.3995140E-1 1.3050680E-3
4.4998310E-1 1.3968570E-3
4.6006110E-1 1.4730020E-3
4.7002460E-1 1.5565620E-3
4.7999950E-1 1.6285930E-3
4.9000840E-1 1.7204970E-3
5.0000620E-1 1.8027260E-3
5.1002690E-1 1.9013530E-3
5.1999040E-1 1.9807980E-3
5.2998830E-1 2.0707340E-3
5.3995180E-1 2.1471680E-3
5.4997210E-1 2.2391300E-3
5.5998130E-1 2.3244300E-3
5.7017280E-1 2.4213190E-3
5.7991980E-1 2.5070240E-3
5.9015700E-1 2.5968440E-3
5.9993840E-1 2.6831850E-3
