-9.0057370E-2 -2.3503100E-5
-5.9972290E-2 -1.6594150E-5
-3.0001640E-2 -9.1099180E-6
1.8134710E-4 -4.2348800E-8
9.9133550E-3 3.0755130E-6
1.9948040E-2 6.8972190E-6
3.0031680E-2 1.1175770E-5
3.9995670E-2 1.5064620E-5
4.9993520E-2 2.0019930E-5
5.9934620E-2 2.5149220E-5
6.9966790E-2 3.1329870E-5
8.0021860E-2 3.7610840E-5
9.0042590E-2 4.4769210E-5
1.0001800E-1 5.2679140E-5
1.0999300E-1 6.1922280E-5
1.2000270E-1 7.2916170E-5
1.2995480E-1 8.4469080E-5
1.3997550E-1 9.7966420E-5
1.5001920E-1 1.1342110E-4
1.5997170E-1 1.3112580E-4
1.6998100E-1 1.5342330E-4
1.7997930E-1 1.7727520E-4
1.9001150E-1 2.0534270E-4
1.9997550E-1 2.3836270E-4
2.0999620E-1 2.7817930E-4
2.2000790E-1 3.2982020E-4
2.2992610E-1 3.8191930E-4
2.3999260E-1 4.4996010E-4
2.4991080E-1 5.1875480E-4
2.5993160E-1 6.1622610E-4
2.6986120E-1 7.2366580E-4
2.7996210E-1 8.6649760E-4
2.8993750E-1 1.0125020E-3
2.9992390E-1 1.1843440E-3
3.0993370E-1 1.3829380E-3
3.1995440E-1 1.6432480E-3
3.2997510E-1 1.8828720E-3
3.3992770E-1 2.1757500E-3
3.4994840E-1 2.4536180E-3
3.5996960E-1 2.8114580E-3
3.6992170E-1 3.1688340E-3
3.7999960E-1 3.5965050E-3
3.8992930E-1 3.9963000E-3
3.9996190E-1 4.4373550E-3
4.0994830E-1 4.8753970E-3
4.1993520E-1 5.3659440E-3
4.2995600E-1 5.8802480E-3
4.3995430E-1 6.3997100E-3
4.4994070E-1 6.9333110E-3
4.5990470E-1 7.4470940E-3
4.6998260E-1 8.0475120E-3
4.8000340E-1 8.6373240E-3
4.9001260E-1 9.3090780E-3
4.9999950E-1 9.8850990E-3
5.0995210E-1 1.0521920E-2
5.2003000E-1 1.1166720E-2
5.2997110E-1 1.1825410E-2
5.4003760E-1 1.2451100E-2
5.5003550E-1 1.3174680E-2
5.5999950E-1 1.3873930E-2
5.7006600E-1 1.4668780E-2
5.8000710E-1 1.5341970E-2
5.9001640E-1 1.6080600E-2
6.0002610E-1 1.6738730E-2
