0.000E+0 -0.110335517
1.000E-2 -0.110333113
2.000E-2 -0.110330698
3.000E-2 -0.110328271
4.000E-2 -0.110325828
5.000E-2 -0.110323369
6.000E-2 -0.11032089
7.000E-2 -0.110318386
8.000E-2 -0.11031585
9.000E-2 -0.110313272
1.000E-1 -0.110310638
1.100E-1 -0.110307928
1.200E-1 -0.110305112
1.300E-1 -0.110302147
1.400E-1 -0.110298969
1.500E-1 -0.110295489
1.600E-1 -0.110291572
1.700E-1 -0.110287024
1.800E-1 -0.110281564
1.900E-1 -0.110274778
2.000E-1 -0.110266066
2.100E-1 -0.110254546
2.200E-1 -0.110238938
2.300E-1 -0.110217368
2.400E-1 -0.1101871
2.500E-1 -0.110144142
2.600E-1 -0.110082658
2.700E-1 -0.109994124
2.800E-1 -0.10986609
2.900E-1 -0.109680365
3.000E-1 -0.10941037
3.100E-1 -0.10901727
3.200E-1 -0.108444319
3.300E-1 -0.107608596
3.400E-1 -0.106388925
3.500E-1 -0.104608226
3.600E-1 -0.10200771
3.700E-1 -0.0982091678
3.800E-1 -0.0926598589
3.900E-1 -0.0845519454
4.000E-1 -0.0727047519
4.100E-1 -0.0553926674
4.200E-1 -0.0300936205
4.300E-1 0.006878535
