0.000E+0 0
1.000E-2 1.12013497E-14
2.000E-2 2.71834296E-14
3.000E-2 5.00405105E-14
4.000E-2 8.27824515E-14
5.000E-2 1.29734702E-13
6.000E-2 1.97041989E-13
7.000E-2 2.93715237E-13
8.000E-2 4.32560623E-13
9.000E-2 6.32080963E-13
1.000E-1 9.18874557E-13
1.100E-1 1.33128487E-12
1.200E-1 1.92462789E-12
1.300E-1 2.77890923E-12
1.400E-1 4.00981305E-12
1.500E-1 5.78324948E-12
1.600E-1 8.34344421E-12
1.700E-1 1.20433189E-11
1.800E-1 1.73940405E-11
1.900E-1 2.51483956E-11
2.000E-1 3.63899126E-11
2.100E-1 5.27056126E-11
2.200E-1 7.64083298E-11
2.300E-1 1.10872313E-10
2.400E-1 1.61022057E-10
2.500E-1 2.3404616E-10
2.600E-1 3.40441521E-10
2.700E-1 4.9553824E-10
2.800E-1 7.21728761E-10
2.900E-1 1.05172578E-9
3.000E-1 1.53332405E-9
3.100E-1 2.2363605E-9
3.200E-1 3.26288793E-9
3.300E-1 4.76204614E-9
3.400E-1 6.95180023E-9
3.500E-1 1.01507172E-8
3.600E-1 1.48244175E-8
3.700E-1 2.16534792E-8
3.800E-1 3.16327026E-8
3.900E-1 4.62143156E-8
4.000E-1 6.75296333E-8
4.100E-1 9.86801137E-8
4.200E-1 1.44209746E-7
4.300E-1 2.10758252E-7
4.400E-1 3.08031804E-7
4.500E-1 4.50219299E-7
