-8.9838030E-2 -5.4182120E-8
-6.0198780E-2 -4.6826400E-8
-3.0422690E-2 -2.1558240E-8
4.9442050E-5 -7.5712170E-9
9.7398760E-3 1.0202260E-9
2.0233630E-2 1.1624560E-8
3.0782700E-2 7.6348460E-8
4.0187840E-2 3.2481170E-8
5.0356390E-2 5.4754120E-8
5.9978010E-2 7.3320550E-8
6.9644930E-2 8.3146050E-8
7.9996110E-2 1.0422720E-7
8.9971070E-2 1.2862370E-7
9.9991320E-2 1.6003420E-7
1.1001210E-1 2.0455510E-7
1.1999850E-1 2.6078940E-7
1.2996200E-1 3.3365380E-7
1.4000510E-1 4.2624060E-7
1.5003680E-1 5.4386810E-7
1.5998890E-1 6.9069980E-7
1.6997530E-1 8.8398450E-7
1.7995020E-1 1.1301340E-6
1.8998190E-1 1.5048630E-6
1.9995690E-1 1.9721480E-6
2.0998910E-1 2.6056550E-6
2.1997790E-1 3.4820280E-6
2.2995280E-1 4.6860900E-6
2.3999640E-1 6.3597840E-6
2.4991420E-1 8.6723070E-6
2.5994630E-1 1.1908970E-5
2.6996660E-1 1.6428620E-5
2.7995300E-1 2.2686770E-5
2.8995080E-1 3.1458740E-5
2.9996010E-1 4.3840510E-5
3.0995750E-1 6.1215700E-5
3.1993250E-1 8.5634810E-5
3.2997610E-1 1.1920510E-4
3.3996250E-1 1.6661100E-4
3.4994890E-1 2.3304350E-4
3.5998060E-1 3.2491540E-4
3.6993270E-1 4.5054290E-4
3.7998770E-1 6.2096700E-4
3.8993980E-1 8.4973410E-4
3.9996050E-1 1.1572430E-3
4.1000370E-1 1.5542450E-3
4.1993280E-1 2.0554360E-3
4.2999940E-1 2.6810410E-3
4.3994000E-1 3.4419560E-3
4.4993780E-1 4.3503470E-3
4.5996950E-1 5.4059250E-3
4.7001310E-1 6.5973350E-3
4.7999950E-1 7.9204590E-3
4.9001980E-1 9.3824840E-3
5.0001760E-1 1.0983870E-2
5.0998120E-1 1.2677210E-2
5.2002480E-1 1.4499140E-2
5.2998830E-1 1.6423050E-2
5.4002000E-1 1.8442530E-2
5.5002930E-1 2.0526320E-2
