-9.0544700E-2 -5.4200070E-8
-6.0061930E-2 -3.1938360E-8
-2.9613020E-2 -1.6384390E-8
3.0383470E-4 4.4438480E-9
1.0301710E-2 5.7268320E-9
2.0197090E-2 2.3404970E-8
3.1432630E-2 7.9691380E-8
4.0278910E-2 4.4503030E-8
4.9820900E-2 5.5749550E-8
5.9727190E-2 6.1961120E-8
7.0135120E-2 7.9095510E-8
8.0064770E-2 1.1124120E-7
8.9993950E-2 1.4158700E-7
1.0001420E-1 1.7570780E-7
1.0997770E-1 2.1697660E-7
1.1999850E-1 2.6689170E-7
1.2997340E-1 3.3252510E-7
1.3998220E-1 4.1918820E-7
1.5008260E-1 5.3208420E-7
1.6000030E-1 6.8138390E-7
1.7003250E-1 8.7966120E-7
1.7998460E-1 1.1462380E-6
1.8999340E-1 1.5212830E-6
1.9997980E-1 1.9776000E-6
2.0998910E-1 2.6076200E-6
2.2000070E-1 3.4872260E-6
2.2996430E-1 4.6945860E-6
2.3997350E-1 6.3680250E-6
2.4992560E-1 8.6842260E-6
2.5994630E-1 1.1885770E-5
2.6994420E-1 1.6397880E-5
2.7995300E-1 2.2694890E-5
2.8997370E-1 3.1545730E-5
2.9996010E-1 4.3921130E-5
3.0996890E-1 6.1126990E-5
3.1997820E-1 8.5245690E-5
3.2999900E-1 1.1943120E-4
3.3997390E-1 1.6686040E-4
3.4996030E-1 2.3257940E-4
3.5999200E-1 3.2334400E-4
3.6993310E-1 4.4857710E-4
3.7998770E-1 6.2034670E-4
3.8996270E-1 8.5106190E-4
3.9997200E-1 1.1523760E-3
4.1001510E-1 1.5474070E-3
4.1996720E-1 2.0522490E-3
4.3001080E-1 2.6841700E-3
4.3997430E-1 3.4465320E-3
4.4997220E-1 4.3460000E-3
4.5996950E-1 5.3927710E-3
4.7000170E-1 6.5859180E-3
4.8003340E-1 7.9248640E-3
4.9001980E-1 9.4040990E-3
5.0005200E-1 1.0992560E-2
5.0999260E-1 1.2710790E-2
5.2004720E-1 1.4537360E-2
5.2998830E-1 1.6446780E-2
5.4004290E-1 1.8453520E-2
5.5005220E-1 2.0547170E-2
