-9.0430740E-2 -5.9834260E-8
-6.0369490E-2 -3.6302680E-8
-2.9807090E-2 -1.2518040E-8
-3.1217930E-4 5.1399240E-10
9.9236370E-3 2.3333940E-9
1.9655290E-2 1.3278940E-8
3.1033520E-2 8.8836470E-8
3.9618020E-2 3.6135030E-8
4.9991610E-2 4.4251140E-8
6.0331340E-2 6.7019200E-8
7.0146560E-2 9.2651320E-8
8.0019000E-2 1.1453790E-7
8.9993950E-2 1.4181020E-7
1.0001420E-1 1.7408820E-7
1.0997770E-1 2.1230880E-7
1.1999850E-1 2.6337190E-7
1.2995050E-1 3.2919020E-7
1.3999370E-1 4.1802760E-7
1.4995720E-1 5.3186750E-7
1.5997790E-1 6.8695680E-7
1.7005540E-1 8.8866480E-7
1.7997310E-1 1.1443350E-6
1.8998190E-1 1.5196970E-6
1.9995690E-1 1.9789310E-6
2.0996620E-1 2.6067960E-6
2.1997790E-1 3.4831060E-6
2.2992990E-1 4.6920490E-6
2.3997350E-1 6.3661230E-6
2.4992560E-1 8.6724340E-6
2.5993490E-1 1.1903740E-5
2.6995520E-1 1.6386290E-5
2.7995300E-1 2.2664740E-5
2.8997370E-1 3.1507460E-5
2.9994870E-1 4.3905470E-5
3.0994650E-1 6.1178590E-5
3.1993250E-1 8.5294410E-5
3.2997610E-1 1.1918760E-4
3.3997390E-1 1.6677920E-4
3.4998270E-1 2.3286370E-4
3.5998060E-1 3.2358760E-4
3.6994410E-1 4.4794520E-4
3.7997630E-1 6.1896650E-4
3.8992830E-1 8.4920620E-4
3.9996050E-1 1.1529550E-3
4.0999220E-1 1.5465380E-3
4.1994430E-1 2.0475560E-3
4.2996500E-1 2.6780270E-3
4.3995140E-1 3.4428830E-3
4.4996070E-1 4.3456540E-3
4.5996950E-1 5.3914390E-3
4.7000170E-1 6.5774000E-3
4.7999950E-1 7.9082330E-3
4.9000840E-1 9.3869470E-3
5.0001760E-1 1.0972290E-2
5.0998120E-1 1.2685310E-2
5.2001330E-1 1.4518260E-2
5.2997680E-1 1.6434620E-2
5.4003140E-1 1.8440220E-2
5.5004070E-1 2.0523430E-2
