-9.0555670E-2 -5.2435270E-8
-6.0084340E-2 -3.0759150E-8
-2.9624460E-2 -1.5327500E-8
-2.9921530E-4 1.0891480E-9
9.8328590E-3 2.0417450E-9
1.9651590E-2 1.4280600E-8
3.1159400E-2 8.8956200E-8
3.9674760E-2 3.7193840E-8
4.9877640E-2 4.2712230E-8
6.0308460E-2 6.2189910E-8
7.0317750E-2 8.9157710E-8
8.0041410E-2 1.1006070E-7
9.0004920E-2 1.4055310E-7
1.0005950E-1 1.7330880E-7
1.0998870E-1 2.1240290E-7
1.1999800E-1 2.6256630E-7
1.2996100E-1 3.2716000E-7
1.3998170E-1 4.1162250E-7
1.5001340E-1 5.2519340E-7
1.5999940E-1 6.7558220E-7
1.7000870E-1 8.7327130E-7
1.7999460E-1 1.1373520E-6
1.9000390E-1 1.5066890E-6
1.9996740E-1 1.9630020E-6
2.1002200E-1 2.5948560E-6
2.1997590E-1 3.4726800E-6
2.2993950E-1 4.6764160E-6
2.3998310E-1 6.3485730E-6
2.4990080E-1 8.6716050E-6
2.5988720E-1 1.1915240E-5
2.7004430E-1 1.6333960E-5
2.7987100E-1 2.2743410E-5
2.9001670E-1 3.1659120E-5
2.9990050E-1 4.3907440E-5
3.0994370E-1 6.1282480E-5
3.1994150E-1 8.5315170E-5
3.2998470E-1 1.1983610E-4
3.3997110E-1 1.6754910E-4
3.4995750E-1 2.3376060E-4
3.5998920E-1 3.2483160E-4
3.6994120E-1 4.5041180E-4
3.8000730E-1 6.2275400E-4
3.8993640E-1 8.5434880E-4
3.9995720E-1 1.1570600E-3
4.0998890E-1 1.5520880E-3
4.1997530E-1 2.0560570E-3
4.2999550E-1 2.6872210E-3
4.3997050E-1 3.4477800E-3
4.4996830E-1 4.3418520E-3
4.5996570E-1 5.3795170E-3
4.7002030E-1 6.5595000E-3
4.8001810E-1 7.8826710E-3
4.9001600E-1 9.3392380E-3
5.0003620E-1 1.0902110E-2
5.0998830E-1 1.2594830E-2
5.2003150E-1 1.4388960E-2
5.2999500E-1 1.6262440E-2
5.4005000E-1 1.8230930E-2
5.5002450E-1 2.0281690E-2
