-9.0066430E-2 -3.6432790E-4
-5.9993740E-2 -3.6414810E-4
-3.0012130E-2 -3.6399150E-4
3.8021800E-3 -3.5970040E-4
1.4877920E-2 -3.5874360E-4
2.1054770E-2 -3.6184010E-4
3.0007840E-2 -3.6403210E-4
4.0028570E-2 -3.6395100E-4
4.9980640E-2 -3.6407860E-4
5.9978490E-2 -3.6398580E-4
6.9976330E-2 -3.6376540E-4
8.0008510E-2 -3.6398000E-4
8.9972020E-2 -3.6356240E-4
9.9980830E-2 -3.6385820E-4
1.0995580E-1 -3.6357980E-4
1.1999940E-1 -3.6342330E-4
1.3000870E-1 -3.6329570E-4
1.4001750E-1 -3.6314490E-4
1.5000390E-1 -3.6297100E-4
1.5997890E-1 -3.6277960E-4
1.6999960E-1 -3.6257660E-4
1.7997460E-1 -3.6218230E-4
1.8999530E-1 -3.6174730E-4
1.9998170E-1 -3.6124290E-4
2.0996810E-1 -3.6056440E-4
2.1995690E-1 -3.5963660E-4
2.2993180E-1 -3.5836080E-4
2.3997550E-1 -3.5671970E-4
2.4995040E-1 -3.5435380E-4
2.5995970E-1 -3.5107750E-4
2.6994610E-1 -3.4653700E-4
2.7996680E-1 -3.4011760E-4
2.8996470E-1 -3.3123950E-4
2.9995110E-1 -3.1877790E-4
3.0996040E-1 -3.0128860E-4
3.1994680E-1 -2.7650420E-4
3.2996750E-1 -2.4167620E-4
3.3998820E-1 -1.9300650E-4
3.4996320E-1 -1.2531060E-4
3.5998390E-1 -3.1129820E-5
3.6945720E-1 7.9855120E-5
3.7999060E-1 2.7449030E-4
3.8994310E-1 5.1229400E-4
3.9994100E-1 8.2481700E-4
4.0998410E-1 1.2326430E-3
4.1989090E-1 1.7475150E-3
4.3000270E-1 2.3995490E-3
4.3995520E-1 3.1732770E-3
4.4995260E-1 4.0917010E-3
4.5997330E-1 5.1452590E-3
4.6993730E-1 6.3675640E-3
4.8007150E-1 7.7053030E-3
4.8998980E-1 9.2068040E-3
5.0001050E-1 1.0800880E-2
5.0998540E-1 1.2520880E-2
5.2001760E-1 1.4345150E-2
5.2998110E-1 1.6251680E-2
5.4002480E-1 1.8263090E-2
5.5002260E-1 2.0361360E-2
