-9.0035440E-2 -6.3344450E-4
-5.9973240E-2 -5.8406570E-4
-2.9979230E-2 -5.3319650E-4
3.5166740E-6 -4.8051800E-4
1.0005330E-2 -4.6178700E-4
1.9994170E-2 -4.4275460E-4
3.0009270E-2 -4.2335680E-4
3.9995670E-2 -4.0347760E-4
5.0005440E-2 -3.8267070E-4
5.9980390E-2 -3.6150410E-4
6.9978710E-2 -3.3947930E-4
8.0033780E-2 -3.1726900E-4
8.9997770E-2 -2.9427580E-4
1.0000710E-1 -2.7068530E-4
1.0997100E-1 -2.4630020E-4
1.2000320E-1 -2.2093530E-4
1.2996720E-1 -1.9530350E-4
1.3998790E-1 -1.6894680E-4
1.5002060E-1 -1.4239880E-4
1.5998410E-1 -1.1480110E-4
1.7000530E-1 -8.6343290E-5
1.7995790E-1 -5.7706270E-5
1.9001290E-1 -2.8076450E-5
1.9991970E-1 1.6062970E-6
2.0998620E-1 3.2181430E-5
2.1996360E-1 6.3244980E-5
2.2993900E-1 9.4787570E-5
2.3996020E-1 1.2700380E-4
2.4994660E-1 1.5989060E-4
2.5994490E-1 1.9371140E-4
2.6994320E-1 2.2826250E-4
2.7996400E-1 2.6370700E-4
2.8995080E-1 3.0076920E-4
2.9997160E-1 3.3984400E-4
3.0995850E-1 3.8212540E-4
3.1994530E-1 4.2724280E-4
3.2995510E-1 4.7727790E-4
3.3993010E-1 5.3307130E-4
3.4996270E-1 5.9938450E-4
3.5997200E-1 6.7852550E-4
3.6997030E-1 7.7663550E-4
3.7998010E-1 8.9944970E-4
3.8995500E-1 1.0575600E-3
3.9994190E-1 1.2651370E-3
4.0997460E-1 1.5461370E-3
4.1996100E-1 1.9133110E-3
4.2999360E-1 2.4020630E-3
4.3994620E-1 3.0298960E-3
4.4995550E-1 3.8513410E-3
4.5997670E-1 4.8902150E-3
4.7000890E-1 6.1739290E-3
4.8001860E-1 7.6939070E-3
4.9000500E-1 9.4889160E-3
5.0003770E-1 1.1581030E-2
5.1000170E-1 1.3913440E-2
5.1999950E-1 1.6488580E-2
5.2997490E-1 1.9338920E-2
5.4004140E-1 2.2426220E-2
