-9.0034010E-2 -6.7052420E-4
-5.9926510E-2 -6.2107070E-4
-3.0001640E-2 -5.6990080E-4
8.1956390E-6 -5.1741450E-4
1.0000440E-2 -4.9893330E-4
2.0003260E-2 -4.7992440E-4
3.0031200E-2 -4.6053260E-4
3.9983750E-2 -4.4045090E-4
5.0004480E-2 -4.1958620E-4
5.9990880E-2 -3.9844330E-4
7.0011620E-2 -3.7655220E-4
8.0043790E-2 -3.5451620E-4
8.9996340E-2 -3.3138420E-4
1.0001710E-1 -3.0766650E-4
1.0999200E-1 -2.8311950E-4
1.2000130E-1 -2.5823620E-4
1.2997630E-1 -2.3274400E-4
1.3999700E-1 -2.0676480E-4
1.5000680E-1 -1.7970680E-4
1.5999320E-1 -1.5217350E-4
1.7001390E-1 -1.2393830E-4
1.8000030E-1 -9.5022400E-5
1.8996430E-1 -6.6197380E-5
1.9999600E-1 -3.6581380E-5
2.0996000E-1 -6.3244080E-6
2.1998360E-1 2.4979670E-5
2.2994710E-1 5.5963280E-5
2.3996780E-1 8.8252840E-5
2.4995470E-1 1.2134780E-4
2.5994110E-1 1.5493020E-4
2.6996180E-1 1.8893000E-4
2.7996020E-1 2.2458820E-4
2.8993510E-1 2.6158620E-4
2.9995580E-1 3.0084580E-4
3.0997660E-1 3.4199000E-4
3.1997490E-1 3.8664860E-4
3.2998420E-1 4.3538960E-4
3.3993670E-1 4.9153600E-4
3.4999180E-1 5.5648530E-4
3.5998960E-1 6.3427370E-4
3.6995320E-1 7.2753410E-4
3.7999680E-1 8.4574170E-4
3.8993790E-1 9.9506740E-4
3.9994720E-1 1.1953450E-3
4.1002510E-1 1.4518850E-3
4.1988610E-1 1.7860220E-3
4.3000980E-1 2.2253360E-3
4.3996190E-1 2.7861690E-3
4.4991450E-1 3.5152290E-3
4.5995810E-1 4.4072440E-3
4.6994500E-1 5.4783780E-3
4.8007970E-1 6.7349500E-3
4.8992920E-1 8.2075020E-3
5.0012110E-1 9.8895370E-3
5.1000500E-1 1.1751740E-2
5.2003720E-1 1.3835000E-2
5.2998970E-1 1.6071780E-2
5.4003330E-1 1.8488730E-2
5.5004260E-1 2.0996650E-2
