0.000E+0 -0.253498894
1.000E-2 -0.253498181
2.000E-2 -0.253497403
3.000E-2 -0.253496533
4.000E-2 -0.253495537
5.000E-2 -0.253494361
6.000E-2 -0.253492935
7.000E-2 -0.253491155
8.000E-2 -0.253488878
9.000E-2 -0.253485898
1.000E-1 -0.253481929
1.100E-1 -0.253476562
1.200E-1 -0.253469223
1.300E-1 -0.253459099
1.400E-1 -0.253445041
1.500E-1 -0.253425427
1.600E-1 -0.253397964
1.700E-1 -0.253359415
1.800E-1 -0.253305202
1.900E-1 -0.253228859
2.000E-1 -0.25312125
2.100E-1 -0.252969466
2.200E-1 -0.252755268
2.300E-1 -0.252452881
2.400E-1 -0.25202589
2.500E-1 -0.251422839
2.600E-1 -0.250571024
2.700E-1 -0.249367711
2.800E-1 -0.247667744
2.900E-1 -0.245266016
3.000E-1 -0.241872714
3.100E-1 -0.23707834
3.200E-1 -0.230304279
3.300E-1 -0.220732964
3.400E-1 -0.207209196
3.500E-1 -0.188100726
3.600E-1 -0.161101277
3.700E-1 -0.122952248
3.800E-1 -0.0690495702
3.900E-1 0.00711165086
