0.000E+0 -28.5059735
1.000E-2 -28.5018769
2.000E-2 -28.4977591
3.000E-2 -28.4935994
4.000E-2 -28.489401
5.000E-2 -28.4851615
6.000E-2 -28.4808771
7.000E-2 -28.4765481
8.000E-2 -28.4721731
9.000E-2 -28.4677494
1.000E-1 -28.4632759
1.100E-1 -28.4587498
1.200E-1 -28.4541685
1.300E-1 -28.4495312
1.400E-1 -28.4448327
1.500E-1 -28.4400712
1.600E-1 -28.4352425
1.700E-1 -28.4303429
1.800E-1 -28.4253644
1.900E-1 -28.4203016
2.000E-1 -28.415146
2.100E-1 -28.4098864
2.200E-1 -28.4045051
2.300E-1 -28.3989822
2.400E-1 -28.3932882
2.500E-1 -28.3873804
2.600E-1 -28.3811987
2.700E-1 -28.3746557
2.800E-1 -28.3676241
2.900E-1 -28.3599181
3.000E-1 -28.3512645
3.100E-1 -28.3412613
3.200E-1 -28.3293167
3.300E-1 -28.3145546
3.400E-1 -28.2956822
3.500E-1 -28.2707899
3.600E-1 -28.2370576
3.700E-1 -28.1903269
3.800E-1 -28.1244864
3.900E-1 -28.0305879
4.000E-1 -27.8956189
4.100E-1 -27.7008353
4.200E-1 -27.4196047
4.300E-1 -27.0148178
4.400E-1 -26.4361227
4.500E-1 -25.6175493
4.600E-1 -24.4763753
4.700E-1 -22.9140272
4.800E-1 -20.8191079
4.900E-1 -18.0713138
5.000E-1 -14.54382
5.100E-1 -10.1015923
5.200E-1 -4.59425575
5.300E-1 2.15675238
