0.000E+0 0
1.000E-2 5.20637551E-13
2.000E-2 1.24111777E-12
3.000E-2 2.24012936E-12
4.000E-2 3.62733502E-12
5.000E-2 5.55558727E-12
6.000E-2 8.23799623E-12
7.000E-2 1.19718039E-11
8.000E-2 1.71718209E-11
9.000E-2 2.44173179E-11
1.000E-1 3.45178728E-11
1.100E-1 4.86059515E-11
1.200E-1 6.82672179E-11
1.300E-1 9.57241206E-11
1.400E-1 1.3409472E-10
1.500E-1 1.87757781E-10
1.600E-1 2.62867941E-10
1.700E-1 3.68082822E-10
1.800E-1 5.1558941E-10
1.900E-1 7.22553067E-10
2.000E-1 1.01316333E-9
2.100E-1 1.4215226E-9
2.200E-1 1.99572516E-9
2.300E-1 2.80361769E-9
2.400E-1 3.94093476E-9
2.500E-1 5.54278934E-9
2.600E-1 7.79990289E-9
2.700E-1 1.09815308E-8
2.800E-1 1.54678468E-8
2.900E-1 2.17956896E-8
3.000E-1 3.0723187E-8
3.100E-1 4.33210472E-8
3.200E-1 6.11015193E-8
3.300E-1 8.62005616E-8
3.400E-1 1.21635157E-7
3.500E-1 1.71666741E-7
3.600E-1 2.4231443E-7
3.700E-1 3.42079571E-7
3.800E-1 4.82968949E-7
3.900E-1 6.81937441E-7
4.000E-1 9.62923401E-7
4.100E-1 1.35971591E-6
4.200E-1 1.91998993E-6
4.300E-1 2.71097528E-6
4.400E-1 3.82740406E-6
4.500E-1 5.40260864E-6
