-9.0055470E-2 -1.9939690E-4
-5.9982780E-2 -1.9799350E-4
-3.0012610E-2 -1.9650910E-4
-9.8973510E-5 -1.9505350E-4
1.0348920E-2 -1.9475200E-4
2.0223200E-2 -1.9374870E-4
3.0042170E-2 -1.9370240E-4
4.0108200E-2 -1.9326750E-4
5.0037860E-2 -1.9276880E-4
5.9989930E-2 -1.9214830E-4
7.0033070E-2 -1.9129590E-4
8.0042360E-2 -1.9063470E-4
9.0017320E-2 -1.8976490E-4
9.9992280E-2 -1.8925460E-4
1.0997870E-1 -1.8829200E-4
1.2002230E-1 -1.8723660E-4
1.3000870E-1 -1.8596670E-4
1.4005180E-1 -1.8445900E-4
1.5001540E-1 -1.8261490E-4
1.5992210E-1 -1.8000540E-4
1.7006780E-1 -1.7689150E-4
1.7999740E-1 -1.7242050E-4
1.9007490E-1 -1.6737550E-4
1.9997020E-1 -1.6038210E-4
2.0996760E-1 -1.5216520E-4
2.1992250E-1 -1.3867110E-4
2.2994330E-1 -1.2198790E-4
2.3980430E-1 -9.8270550E-5
2.4997330E-1 -6.4435180E-5
2.5992540E-1 -2.1416680E-5
2.7025410E-1 3.7212680E-5
2.7989820E-1 1.1485090E-4
2.9004430E-1 2.4043300E-4
2.9997400E-1 3.8482130E-4
3.1014250E-1 5.9506810E-4
3.1998110E-1 8.4003340E-4
3.2996750E-1 1.2581400E-3
3.3991960E-1 1.6966950E-3
3.4998560E-1 2.3214930E-3
3.5992670E-1 2.9774120E-3
3.6994740E-1 3.9643890E-3
3.7989950E-1 5.0481390E-3
3.9002280E-1 6.5433220E-3
3.9992950E-1 7.9999720E-3
4.1010950E-1 9.7869240E-3
4.1985650E-1 1.1692460E-2
4.2999120E-1 1.3870700E-2
4.4004630E-1 1.5847920E-2
4.4994120E-1 1.8446730E-2
4.5992760E-1 2.0955180E-2
4.6999410E-1 2.3994860E-2
4.8001480E-1 2.6704330E-2
4.9001260E-1 2.9720840E-2
4.9999900E-1 3.2527060E-2
