-9.0046410E-2 -1.9208920E-4
-5.9972760E-2 -1.9072070E-4
-3.0001640E-2 -1.8932310E-4
-8.6039300E-5 -1.8801830E-4
1.0284390E-2 -1.8760080E-4
2.0173040E-2 -1.8687010E-4
3.0031680E-2 -1.8634240E-4
3.9961340E-2 -1.8582050E-4
5.0016400E-2 -1.8521170E-4
5.9968470E-2 -1.8456790E-4
7.0000650E-2 -1.8391840E-4
8.0021860E-2 -1.8337920E-4
8.9985370E-2 -1.8267170E-4
1.0002900E-1 -1.8172060E-4
1.1000440E-1 -1.8075210E-4
1.2002520E-1 -1.7916900E-4
1.2994340E-1 -1.7788170E-4
1.3999840E-1 -1.7625220E-4
1.5003060E-1 -1.7442540E-4
1.5999410E-1 -1.7161290E-4
1.7000390E-1 -1.6854530E-4
1.7995600E-1 -1.6374370E-4
1.9001100E-1 -1.5829270E-4
1.9998650E-1 -1.5055680E-4
2.0998430E-1 -1.4130740E-4
2.1996210E-1 -1.2718680E-4
2.2991470E-1 -1.0713400E-4
2.4001550E-1 -8.1526490E-5
2.4992230E-1 -4.9356360E-5
2.6039930E-1 -2.5928060E-6
2.7014640E-1 6.4973170E-5
2.7995060E-1 1.3822410E-4
2.8996040E-1 2.5988910E-4
2.9996970E-1 4.1783900E-4
3.0999090E-1 6.5336940E-4
3.1992050E-1 9.2277210E-4
3.2994130E-1 1.2843650E-3
3.3993910E-1 1.7711430E-3
3.4996030E-1 2.4262650E-3
3.6001540E-1 3.1812360E-3
3.6992220E-1 4.1255840E-3
3.7996580E-1 5.1646830E-3
3.8994120E-1 6.5653290E-3
3.9997340E-1 8.0957820E-3
4.0998270E-1 1.0008470E-2
4.1996960E-1 1.1768060E-2
4.3000170E-1 1.4007180E-2
4.3998860E-1 1.6209800E-2
4.4995210E-1 1.8622710E-2
4.5995040E-1 2.0970170E-2
4.7001700E-1 2.3834960E-2
4.8001480E-1 2.6647610E-2
4.9001310E-1 2.9892460E-2
5.0003390E-1 3.2721910E-2
