0.000E+0 0
1.000E-2 5.32208033E-14
2.000E-2 1.29933415E-13
3.000E-2 2.40640358E-13
4.000E-2 4.00511885E-13
5.000E-2 6.31444877E-13
6.000E-2 9.65025112E-13
7.000E-2 1.44678987E-12
8.000E-2 2.1423649E-12
9.000E-2 3.14630818E-12
1.000E-1 4.59487244E-12
1.100E-1 6.68445604E-12
1.200E-1 9.69833592E-12
1.300E-1 1.4045492E-11
1.400E-1 2.03171282E-11
1.500E-1 2.93691438E-11
1.600E-1 4.24427024E-11
1.700E-1 6.13407751E-11
1.800E-1 8.86869334E-11
1.900E-1 1.28305002E-10
2.000E-1 1.85776283E-10
2.100E-1 2.69257665E-10
2.200E-1 3.90682994E-10
2.300E-1 5.67527599E-10
2.400E-1 8.25400309E-10
2.500E-1 1.20185163E-9
2.600E-1 1.75196939E-9
2.700E-1 2.55660173E-9
2.800E-1 3.73444195E-9
2.900E-1 5.45978955E-9
3.000E-1 7.98865293E-9
3.100E-1 1.16971085E-8
3.200E-1 1.71376615E-8
3.300E-1 2.51220328E-8
3.400E-1 3.68427087E-8
3.500E-1 5.40512845E-8
3.600E-1 7.93198884E-8
3.700E-1 1.16423868E-7
3.800E-1 1.70900959E-7
3.900E-1 2.50866339E-7
4.000E-1 3.68197219E-7
4.100E-1 5.40249015E-7
4.200E-1 7.92334989E-7
4.300E-1 1.16130525E-6
4.400E-1 1.70072165E-6
4.500E-1 2.4883723E-6
