-8.9953420E-2 -2.1375670E-5
-5.9857850E-2 -1.5184140E-5
-3.0012610E-2 -8.3451560E-6
1.5899540E-4 -2.8823510E-8
1.0129930E-2 3.0847170E-6
1.9924190E-2 6.4416040E-6
2.9871940E-2 1.0151350E-5
3.9949420E-2 1.4020000E-5
5.0163750E-2 1.8732240E-5
5.9990880E-2 2.3598740E-5
7.0056920E-2 2.9628510E-5
8.0031870E-2 3.5512170E-5
9.0041160E-2 4.2578790E-5
1.0006190E-1 4.9750960E-5
1.1009410E-1 5.8886680E-5
1.1995510E-1 6.8776830E-5
1.2997580E-1 8.1000500E-5
1.3999650E-1 9.3884650E-5
1.4997150E-1 1.0884390E-4
1.6001510E-1 1.2603220E-4
1.7002440E-1 1.4838740E-4
1.7993070E-1 1.7104410E-4
1.9002010E-1 1.9906480E-4
1.9994930E-1 2.2857590E-4
2.1002670E-1 2.6744670E-4
2.1997020E-1 3.1541610E-4
2.2993370E-1 3.6496270E-4
2.3996590E-1 4.2611900E-4
2.4992940E-1 4.9126500E-4
2.5988200E-1 5.7947940E-4
2.6993700E-1 6.7650250E-4
2.8002600E-1 8.0053160E-4
2.8996710E-1 9.2403290E-4
2.9995350E-1 1.0679050E-3
3.1003090E-1 1.2399550E-3
3.1990390E-1 1.4375620E-3
3.3006100E-1 1.6382950E-3
3.3993390E-1 1.8623270E-3
3.4995460E-1 2.0865870E-3
3.5999770E-1 2.3641050E-3
3.6996170E-1 2.6413890E-3
3.8000540E-1 2.9671790E-3
3.8996890E-1 3.2624860E-3
3.9997820E-1 3.5962130E-3
4.0998740E-1 3.9085580E-3
4.1999670E-1 4.2766480E-3
4.2998310E-1 4.6372060E-3
4.3999240E-1 5.0410520E-3
4.5001320E-1 5.4168500E-3
4.6000000E-1 5.8188420E-3
4.6994070E-1 6.2116180E-3
4.8007540E-1 6.6361520E-3
4.9002790E-1 7.0705360E-3
5.0004860E-1 7.5052680E-3
5.0998930E-1 7.9424920E-3
5.1999860E-1 8.3648250E-3
5.2995110E-1 8.8395980E-3
5.4006290E-1 9.3056220E-3
5.5003830E-1 9.8131970E-3
5.5995610E-1 1.0259580E-2
5.7007980E-1 1.0748270E-2
5.8004330E-1 1.1227950E-2
5.9001830E-1 1.1716890E-2
6.0003900E-1 1.2179780E-2
