0.000E+0 -0.239264095
1.000E-2 -0.239260185
2.000E-2 -0.239256133
3.000E-2 -0.239251892
4.000E-2 -0.239247393
5.000E-2 -0.239242541
6.000E-2 -0.239237199
7.000E-2 -0.239231176
8.000E-2 -0.239224202
9.000E-2 -0.239215893
1.000E-1 -0.239205709
1.100E-1 -0.239192884
1.200E-1 -0.239176333
1.300E-1 -0.239154521
1.400E-1 -0.239125274
1.500E-1 -0.239085507
1.600E-1 -0.23903085
1.700E-1 -0.238955107
1.800E-1 -0.238849486
1.900E-1 -0.238701514
2.000E-1 -0.238493496
2.100E-1 -0.238200315
2.200E-1 -0.237786323
2.300E-1 -0.237200917
2.400E-1 -0.236372262
2.500E-1 -0.235198379
2.600E-1 -0.233534493
2.700E-1 -0.231175076
2.800E-1 -0.227828369
2.900E-1 -0.223080246
3.000E-1 -0.216342993
3.100E-1 -0.206782749
3.200E-1 -0.19321687
3.300E-1 -0.17396895
3.400E-1 -0.146664552
3.500E-1 -0.107944338
3.600E-1 -0.0530631592
3.700E-1 0.0246663705
