6.596E-4 -2.335E-4
1.048E-2 -2.318E-4
2.031E-2 -2.304E-4
3.004E-2 -2.288E-4
3.995E-2 -2.269E-4
4.977E-2 -2.249E-4
6.074E-2 -2.231E-4
7.057E-2 -2.210E-4
8.036E-2 -2.190E-4
9.037E-2 -2.171E-4
1.000E-1 -2.151E-4
1.110E-1 -2.127E-4
1.210E-1 -2.104E-4
1.307E-1 -2.082E-4
1.407E-1 -2.058E-4
1.507E-1 -2.031E-4
1.615E-1 -2.003E-4
1.715E-1 -1.974E-4
1.812E-1 -1.947E-4
1.912E-1 -1.915E-4
2.009E-1 -1.881E-4
2.107E-1 -1.844E-4
2.217E-1 -1.803E-4
2.317E-1 -1.760E-4
2.414E-1 -1.716E-4
2.512E-1 -1.674E-4
2.611E-1 -1.626E-4
2.719E-1 -1.566E-4
2.818E-1 -1.511E-4
2.919E-1 -1.456E-4
3.015E-1 -1.395E-4
3.114E-1 -1.334E-4
3.225E-1 -1.261E-4
3.324E-1 -1.192E-4
3.422E-1 -1.122E-4
3.518E-1 -1.053E-4
3.616E-1 -9.775E-5
3.729E-1 -9.005E-5
3.829E-1 -8.185E-5
3.927E-1 -7.345E-5
4.023E-1 -6.605E-5
4.221E-1 -4.920E-5
4.430E-1 -3.129E-5
4.625E-1 -1.409E-5
4.835E-1 3.169E-6
5.033E-1 1.876E-5
5.534E-1 5.524E-5
6.039E-1 8.753E-5
6.544E-1 1.165E-4
7.049E-1 1.432E-4
7.552E-1 1.689E-4
8.054E-1 1.929E-4
8.560E-1 2.155E-4
9.064E-1 2.373E-4
9.567E-1 2.580E-4
1.006E+0 2.768E-4
