0.000E+0 -0.24147951
1.000E-2 -0.241472101
2.000E-2 -0.241464346
3.000E-2 -0.241456123
4.000E-2 -0.241447263
5.000E-2 -0.241437528
6.000E-2 -0.241426586
7.000E-2 -0.241413971
8.000E-2 -0.241399031
9.000E-2 -0.241380854
1.000E-1 -0.24135816
1.100E-1 -0.241329151
1.200E-1 -0.241291307
1.300E-1 -0.241241082
1.400E-1 -0.241173493
1.500E-1 -0.24108153
1.600E-1 -0.240955325
1.700E-1 -0.240780978
1.800E-1 -0.240538902
1.900E-1 -0.240201484
2.000E-1 -0.239729787
2.100E-1 -0.239068884
2.200E-1 -0.238141275
2.300E-1 -0.236837589
2.400E-1 -0.235003457
2.500E-1 -0.232420964
2.600E-1 -0.228782468
2.700E-1 -0.223653625
2.800E-1 -0.216421189
2.900E-1 -0.206219325
3.000E-1 -0.191825638
3.100E-1 -0.171514511
3.200E-1 -0.142850392
3.300E-1 -0.102396664
3.400E-1 -0.0453062168
3.500E-1 0.0352533376
