0.000E+0 0
1.000E-2 1.08162329E-12
2.000E-2 2.60528753E-12
3.000E-2 4.75342475E-12
4.000E-2 7.78528959E-12
5.000E-2 1.20620127E-11
6.000E-2 1.80985572E-11
7.000E-2 2.66206966E-11
8.000E-2 3.86536438E-11
9.000E-2 5.56458325E-11
1.000E-1 7.96440711E-11
1.100E-1 1.13541516E-10
1.200E-1 1.61428915E-10
1.300E-1 2.29092349E-10
1.400E-1 3.24718832E-10
1.500E-1 4.59896877E-10
1.600E-1 6.51035542E-10
1.700E-1 9.21377136E-10
1.800E-1 1.30385174E-9
1.900E-1 1.84512486E-9
2.000E-1 2.61133503E-9
2.100E-1 3.69622248E-9
2.200E-1 5.23263679E-9
2.300E-1 7.40880956E-9
2.400E-1 1.0491329E-8
2.500E-1 1.48575034E-8
2.600E-1 2.10408056E-8
2.700E-1 2.97944014E-8
2.800E-1 4.21794111E-8
2.900E-1 5.96864917E-8
3.000E-1 8.44014152E-8
3.100E-1 1.19227208E-7
3.200E-1 1.68176711E-7
3.300E-1 2.36750057E-7
3.400E-1 3.32413422E-7
3.500E-1 4.65205097E-7
3.600E-1 6.48527682E-7
3.700E-1 9.00267549E-7
3.800E-1 1.24448468E-6
3.900E-1 1.71415189E-6
4.000E-1 2.35534122E-6
4.100E-1 3.23322611E-6
4.200E-1 4.440131E-6
4.300E-1 6.10524612E-6
4.400E-1 8.4061452E-6
4.500E-1 1.15822601E-5
