0.000E+0 0
1.000E-2 1.82620913E-12
2.000E-2 4.38975807E-12
3.000E-2 7.98887646E-12
4.000E-2 1.30424037E-11
5.000E-2 2.01385603E-11
6.000E-2 3.0103438E-11
7.000E-2 4.40971875E-11
8.000E-2 6.37491054E-11
9.000E-2 9.13473414E-11
1.000E-1 1.30105338E-10
1.100E-1 1.84535998E-10
1.200E-1 2.60977133E-10
1.300E-1 3.68329255E-10
1.400E-1 5.19091316E-10
1.500E-1 7.30814248E-10
1.600E-1 1.02813981E-9
1.700E-1 1.44565826E-9
1.800E-1 2.03190951E-9
1.900E-1 2.85497627E-9
2.000E-1 4.0102857E-9
2.100E-1 5.63145685E-9
2.200E-1 7.90531544E-9
2.300E-1 1.10925435E-8
2.400E-1 1.55558164E-8
2.500E-1 2.1797631E-8
2.600E-1 3.05101596E-8
2.700E-1 4.26390127E-8
2.800E-1 5.94610241E-8
2.900E-1 8.26718677E-8
3.000E-1 1.14470607E-7
3.100E-1 1.57612993E-7
3.200E-1 2.15382452E-7
3.300E-1 2.91401491E-7
3.400E-1 3.89191032E-7
3.500E-1 5.11421716E-7
3.600E-1 6.5891474E-7
3.700E-1 8.29679409E-7
3.800E-1 1.01847629E-6
3.900E-1 1.21740392E-6
4.000E-1 1.41758645E-6
4.100E-1 1.61142376E-6
4.200E-1 1.79448682E-6
4.300E-1 1.96638862E-6
4.400E-1 2.13051955E-6
4.500E-1 2.29309184E-6
4.600E-1 2.46200368E-6
4.700E-1 2.64588392E-6
4.800E-1 2.85348955E-6
4.900E-1 3.09339024E-6
5.000E-1 3.37394347E-6
5.100E-1 3.7035227E-6
5.200E-1 4.09063146E-6
5.300E-1 4.54420194E-6
5.400E-1 5.07376623E-6
5.500E-1 5.68953952E-6
5.600E-1 6.40267401E-6
5.700E-1 7.22339517E-6
5.800E-1 8.16365062E-6
5.900E-1 9.23258368E-6
6.000E-1 1.04373114E-5
6.100E-1 1.17796608E-5
6.200E-1 1.32537954E-5
