0.000E+0 0
1.000E-2 5.03800834E-14
2.000E-2 1.22187402E-13
3.000E-2 2.24590422E-13
4.000E-2 3.70676262E-13
5.000E-2 5.79123565E-13
6.000E-2 8.76589715E-13
7.000E-2 1.30111837E-12
8.000E-2 1.90700523E-12
9.000E-2 2.77174936E-12
1.000E-1 4.00598959E-12
1.100E-1 5.76771641E-12
1.200E-1 8.28261218E-12
1.300E-1 1.18731799E-11
1.400E-1 1.70004816E-11
1.500E-1 2.43239726E-11
1.600E-1 3.47873097E-11
1.700E-1 4.97414384E-11
1.800E-1 7.11211855E-11
1.900E-1 1.01698633E-10
2.000E-1 1.4544666E-10
2.100E-1 2.08060525E-10
2.200E-1 2.97706113E-10
2.300E-1 4.26093122E-10
2.400E-1 6.10013868E-10
2.500E-1 8.73548704E-10
2.600E-1 1.25122477E-9
2.700E-1 1.79253581E-9
2.800E-1 2.56840063E-9
2.900E-1 3.68037148E-9
3.000E-1 5.27374226E-9
3.100E-1 7.55609556E-9
3.200E-1 1.08234723E-8
3.300E-1 1.54969993E-8
3.400E-1 2.21737495E-8
3.500E-1 3.16976502E-8
3.600E-1 4.52501269E-8
3.700E-1 6.4489277E-8
3.800E-1 9.17171521E-8
3.900E-1 1.30136732E-7
4.000E-1 1.8418871E-7
4.100E-1 2.60126175E-7
4.200E-1 3.66770501E-7
4.300E-1 5.16684865E-7
4.400E-1 7.27766258E-7
4.500E-1 1.02534281E-6
