0.000E+0 0
1.000E-2 3.72025598E-13
2.000E-2 9.0440981E-13
3.000E-2 1.66654783E-12
4.000E-2 2.75785744E-12
5.000E-2 4.32076359E-12
6.000E-2 6.55929866E-12
7.000E-2 9.7657485E-12
8.000E-2 1.43588258E-11
9.000E-2 2.09383671E-11
1.000E-1 3.03637133E-11
1.100E-1 4.38660463E-11
1.200E-1 6.32094288E-11
1.300E-1 9.09216976E-11
1.400E-1 1.30625595E-10
1.500E-1 1.87513719E-10
1.600E-1 2.69029884E-10
1.700E-1 3.85846676E-10
1.800E-1 5.53268033E-10
1.900E-1 7.93241505E-10
2.000E-1 1.13724481E-9
2.100E-1 1.63042542E-9
2.200E-1 2.33753436E-9
2.300E-1 3.35142653E-9
2.400E-1 4.80522556E-9
2.500E-1 6.8897087E-9
2.600E-1 9.87810118E-9
2.700E-1 1.41613334E-8
2.800E-1 2.02979647E-8
2.900E-1 2.90844146E-8
3.000E-1 4.16529086E-8
3.100E-1 5.96061575E-8
3.200E-1 8.51988479E-8
3.300E-1 1.21574576E-7
3.400E-1 1.7305983E-7
3.500E-1 2.45497938E-7
3.600E-1 3.46566235E-7
3.700E-1 4.8594803E-7
3.800E-1 6.75121398E-7
3.900E-1 9.26414072E-7
4.000E-1 1.25092957E-6
4.100E-1 1.65517106E-6
4.200E-1 2.13733844E-6
4.300E-1 2.68378642E-6
4.400E-1 3.27004829E-6
4.500E-1 3.86570532E-6
4.600E-1 4.4429112E-6
4.700E-1 4.98439967E-6
4.800E-1 5.48743715E-6
4.900E-1 5.96309385E-6
5.000E-1 6.4324971E-6
5.100E-1 6.92243838E-6
5.200E-1 7.46188062E-6
5.300E-1 8.07981827E-6
5.400E-1 8.8043814E-6
5.500E-1 9.66303251E-6
5.600E-1 1.06830578E-5
5.700E-1 1.18923579E-5
5.800E-1 1.33208109E-5
5.900E-1 1.49994382E-5
6.000E-1 1.69615788E-5
6.100E-1 1.9241378E-5
6.200E-1 2.18719063E-5
