0.000E+0 -0.192563484
1.000E-2 -0.192559728
2.000E-2 -0.192555729
3.000E-2 -0.192551397
4.000E-2 -0.192546604
5.000E-2 -0.192541176
6.000E-2 -0.192534865
7.000E-2 -0.192527329
8.000E-2 -0.192518086
9.000E-2 -0.192506463
1.000E-1 -0.192491516
1.100E-1 -0.192471924
1.200E-1 -0.192445836
1.300E-1 -0.192410657
1.400E-1 -0.192362745
1.500E-1 -0.192296996
1.600E-1 -0.192206243
1.700E-1 -0.192080431
1.800E-1 -0.191905442
1.900E-1 -0.191661458
2.000E-1 -0.191320646
2.100E-1 -0.19084392
2.200E-1 -0.19017638
2.300E-1 -0.189240906
2.400E-1 -0.187929158
2.500E-1 -0.186088923
2.600E-1 -0.183506335
2.700E-1 -0.179880884
2.800E-1 -0.174790296
2.900E-1 -0.167641164
3.000E-1 -0.157599575
3.100E-1 -0.143493591
3.200E-1 -0.123676209
3.300E-1 -0.0958327673
3.400E-1 -0.0567103018
3.500E-1 -0.00173727253
3.600E-1 0.0755106722
