0.000E+0 -28.69056
1.000E-2 -28.6869733
2.000E-2 -28.6833981
3.000E-2 -28.6797628
4.000E-2 -28.6760866
5.000E-2 -28.6723825
6.000E-2 -28.6686435
7.000E-2 -28.6648575
8.000E-2 -28.6610216
9.000E-2 -28.6571368
1.000E-1 -28.6531961
1.100E-1 -28.6491828
1.200E-1 -28.645098
1.300E-1 -28.6409162
1.400E-1 -28.6366244
1.500E-1 -28.6321992
1.600E-1 -28.6276056
1.700E-1 -28.6227784
1.800E-1 -28.6176707
1.900E-1 -28.6121596
2.000E-1 -28.606127
2.100E-1 -28.5993736
2.200E-1 -28.5916234
2.300E-1 -28.5824837
2.400E-1 -28.5713874
2.500E-1 -28.5575507
2.600E-1 -28.5398332
2.700E-1 -28.5166083
2.800E-1 -28.4855707
2.900E-1 -28.443412
3.000E-1 -28.38542
3.100E-1 -28.3048674
3.200E-1 -28.1921974
3.300E-1 -28.0338203
3.400E-1 -27.8105093
3.500E-1 -27.4951916
3.600E-1 -27.0500228
3.700E-1 -26.4226359
3.800E-1 -25.5416049
3.900E-1 -24.3114131
4.000E-1 -22.6077201
4.100E-1 -20.2743998
4.200E-1 -17.1242664
4.300E-1 -12.9473237
4.400E-1 -7.52466113
4.500E-1 -0.650265715
4.600E-1 7.84411764
