0.000E+0 0
1.000E-2 1.07150953E-12
2.000E-2 2.5730384E-12
3.000E-2 4.68178963E-12
4.000E-2 7.64878687E-12
5.000E-2 1.18248237E-11
6.000E-2 1.77073281E-11
7.000E-2 2.5999118E-11
8.000E-2 3.76900893E-11
9.000E-2 5.4178048E-11
1.000E-1 7.74379068E-11
1.100E-1 1.10257782E-10
1.200E-1 1.56597036E-10
1.300E-1 2.2205419E-10
1.400E-1 3.1457805E-10
1.500E-1 4.45463813E-10
1.600E-1 6.30783505E-10
1.700E-1 8.93435449E-10
1.800E-1 1.26608188E-9
1.900E-1 1.79536078E-9
2.000E-1 2.5479258E-9
2.100E-1 3.61910885E-9
2.200E-1 5.14534578E-9
2.300E-1 7.32200235E-9
2.400E-1 1.04289494E-8
2.500E-1 1.48672615E-8
2.600E-1 2.12118804E-8
2.700E-1 3.02871973E-8
2.800E-1 4.32755335E-8
2.900E-1 6.18728516E-8
3.000E-1 8.85122679E-8
3.100E-1 1.26684904E-7
3.200E-1 1.81400474E-7
3.300E-1 2.59848474E-7
3.400E-1 3.72347318E-7
3.500E-1 5.33706794E-7
3.600E-1 7.65183671E-7
3.700E-1 1.09728841E-6
3.800E-1 1.57381267E-6
3.900E-1 2.25760732E-6
4.000E-1 3.23886858E-6
4.100E-1 4.64661094E-6
4.200E-1 6.6676981E-6
4.300E-1 9.56631167E-6
4.400E-1 1.37269384E-5
4.500E-1 1.96935682E-5
