0.000E+0 -33.4796298
1.000E-2 -33.4793329
2.000E-2 -33.4790051
3.000E-2 -33.4787041
4.000E-2 -33.4784014
5.000E-2 -33.4780967
6.000E-2 -33.47779
7.000E-2 -33.4774812
8.000E-2 -33.4771702
9.000E-2 -33.4768569
1.000E-1 -33.4765411
1.100E-1 -33.4762226
1.200E-1 -33.4759011
1.300E-1 -33.4755761
1.400E-1 -33.4752166
1.500E-1 -33.474883
1.600E-1 -33.4745437
1.700E-1 -33.4741971
1.800E-1 -33.4738413
1.900E-1 -33.4734732
2.000E-1 -33.4730888
2.100E-1 -33.4726822
2.200E-1 -33.472245
2.300E-1 -33.4717653
2.400E-1 -33.4712261
2.500E-1 -33.4706033
2.600E-1 -33.4698623
2.700E-1 -33.4689539
2.800E-1 -33.467808
2.900E-1 -33.4663242
3.000E-1 -33.4643596
3.100E-1 -33.4617099
3.200E-1 -33.4580835
3.300E-1 -33.4530641
3.400E-1 -33.4460573
3.500E-1 -33.4362144
3.600E-1 -33.4223235
3.700E-1 -33.4026542
3.800E-1 -33.3747356
3.900E-1 -33.3350396
4.000E-1 -33.278529
4.100E-1 -33.1980121
4.200E-1 -33.083222
4.300E-1 -32.9195043
4.400E-1 -32.6859458
4.500E-1 -32.3527104
4.600E-1 -31.8772494
4.700E-1 -31.1989211
4.800E-1 -30.2313704
4.900E-1 -28.8517737
5.000E-1 -26.8857368
5.100E-1 -24.0862409
5.200E-1 -20.104592
5.300E-1 -14.450925
5.400E-1 -6.44162613
5.500E-1 4.86850985
