-9.0078830E-2 -2.0135280E-4
-5.9983250E-2 -1.9992050E-4
-3.0012610E-2 -1.9834900E-4
-2.2441150E-5 -1.9659770E-4
1.0294820E-2 -1.9624980E-4
2.0329360E-2 -1.9526390E-4
2.9985900E-2 -1.9496820E-4
3.9972310E-2 -1.9434770E-4
5.0004480E-2 -1.9372720E-4
5.9945110E-2 -1.9296760E-4
6.9977280E-2 -1.9195860E-4
8.0020430E-2 -1.9102500E-4
8.9938640E-2 -1.9017830E-4
1.0000510E-1 -1.8929110E-4
1.0998010E-1 -1.8832840E-4
1.2002330E-1 -1.8703530E-4
1.2996440E-1 -1.8564360E-4
1.4001890E-1 -1.8364880E-4
1.5000580E-1 -1.8160760E-4
1.5999220E-1 -1.7862690E-4
1.6999010E-1 -1.7567530E-4
1.7997650E-1 -1.7129710E-4
1.8998580E-1 -1.6586920E-4
1.9998360E-1 -1.5795380E-4
2.1000430E-1 -1.4877990E-4
2.1997020E-1 -1.3717050E-4
2.2992230E-1 -1.1890400E-4
2.3997740E-1 -9.5258220E-5
2.4990700E-1 -6.3939890E-5
2.6007560E-1 -1.5877110E-5
2.6995940E-1 3.9711770E-5
2.7993490E-1 1.1823840E-4
2.8997800E-1 2.2710300E-4
2.9997630E-1 3.9141760E-4
3.0992840E-1 5.8061020E-4
3.1992630E-1 8.4881970E-4
3.2995840E-1 1.1927860E-3
3.3991100E-1 1.6748030E-3
3.4995410E-1 2.2538860E-3
3.5994100E-1 2.9889680E-3
3.6991600E-1 3.8232560E-3
3.7997100E-1 4.9709920E-3
3.8995740E-1 6.2584990E-3
3.9994380E-1 7.8972350E-3
4.0997600E-1 9.4763990E-3
4.1991710E-1 1.1394200E-2
4.2998310E-1 1.3400410E-2
4.3994710E-1 1.5589090E-2
4.4993350E-1 1.7731990E-2
4.5995430E-1 2.0382400E-2
4.7000930E-1 2.2985880E-2
4.8000720E-1 2.6008780E-2
4.9000500E-1 2.8655130E-2
5.0000290E-1 3.1618940E-2
