0.000E+0 -0.0893331757
1.000E-2 -0.0893241612
2.000E-2 -0.0893147294
3.000E-2 -0.0893047356
4.000E-2 -0.0892939802
5.000E-2 -0.0892821862
6.000E-2 -0.0892689704
7.000E-2 -0.089253803
8.000E-2 -0.0892359505
9.000E-2 -0.0892143964
1.000E-1 -0.0891877327
1.100E-1 -0.0891540052
1.200E-1 -0.0891104977
1.300E-1 -0.089053427
1.400E-1 -0.088977513
1.500E-1 -0.0888753654
1.600E-1 -0.0887366205
1.700E-1 -0.0885467044
1.800E-1 -0.0882850836
1.900E-1 -0.0879227657
2.000E-1 -0.0874187471
2.100E-1 -0.0867149515
2.200E-1 -0.0857290177
2.300E-1 -0.0843440282
2.400E-1 -0.0823938603
2.500E-1 -0.0796423151
2.600E-1 -0.0757533483
2.700E-1 -0.0702486272
2.800E-1 -0.0624469902
2.900E-1 -0.0513781017
3.000E-1 -0.0356592844
3.100E-1 -0.0133198415
3.200E-1 0.0184495108
