-9.0076920E-2 -4.1765380E-6
-6.0016160E-2 -2.8626960E-6
-2.9989240E-2 -1.3856130E-6
-2.6622410E-4 1.8662890E-8
1.0262790E-2 4.9963660E-7
2.0070910E-2 1.0127240E-6
3.0007840E-2 1.5070070E-6
3.9925580E-2 1.9983780E-6
5.0003050E-2 2.5878200E-6
5.9920790E-2 3.1585620E-6
6.9998260E-2 3.8564090E-6
8.0041410E-2 4.4374830E-6
9.0004920E-2 5.1596740E-6
1.0000230E-1 5.8486460E-6
1.0996580E-1 6.8102140E-6
1.1996360E-1 7.8221160E-6
1.3005210E-1 9.2294140E-6
1.3999270E-1 1.0580940E-5
1.5000200E-1 1.2393080E-5
1.6002230E-1 1.5041410E-5
1.6984890E-1 1.7844560E-5
1.7997170E-1 2.1804590E-5
1.8999240E-1 2.6244760E-5
2.0008130E-1 3.3351810E-5
2.0993040E-1 4.2086020E-5
2.1996450E-1 5.4980320E-5
2.2991660E-1 7.1401460E-5
2.3990300E-1 9.2410640E-5
2.4990080E-1 1.2248030E-4
2.5994400E-1 1.6815800E-4
2.6995280E-1 2.2356030E-4
2.8000780E-1 3.0228570E-4
2.8992560E-1 4.0279720E-4
2.9995730E-1 5.4747310E-4
3.0988650E-1 7.4552160E-4
3.1982760E-1 1.0079950E-3
3.2990500E-1 1.3194870E-3
3.3994820E-1 1.7893820E-3
3.4988880E-1 2.3526310E-3
3.6000060E-1 3.1495820E-3
3.6994120E-1 4.0270800E-3
3.8003020E-1 5.1288920E-3
3.8993640E-1 6.3621290E-3
3.9996810E-1 7.8719500E-3
4.0987490E-1 9.6100250E-3
4.1992950E-1 1.1437370E-2
4.2997260E-1 1.3467850E-2
4.3993620E-1 1.5887050E-2
4.4996790E-1 1.8228610E-2
4.5994280E-1 2.0772350E-2
4.6999740E-1 2.3352010E-2
4.8000670E-1 2.6174980E-2
4.8998170E-1 2.9201280E-2
5.0001340E-1 3.2151130E-2
