-9.0008740E-2 -4.3647910E-6
-6.0039040E-2 -2.9120400E-6
-2.9898170E-2 -1.5451880E-6
-8.9555980E-5 -2.8824300E-9
1.0074380E-2 4.8603940E-7
1.9913230E-2 1.0031550E-6
3.0030730E-2 1.5720620E-6
4.0085320E-2 2.1588460E-6
4.9980160E-2 2.7296560E-6
5.9989450E-2 3.3864290E-6
6.9998740E-2 4.0082700E-6
8.0019000E-2 4.7006710E-6
9.0005400E-2 5.3848310E-6
9.9934580E-2 6.2792080E-6
1.1000060E-1 7.2243020E-6
1.1997560E-1 8.4383790E-6
1.2995050E-1 9.6481490E-6
1.3999370E-1 1.1165550E-5
1.4995720E-1 1.3235170E-5
1.6002320E-1 1.5493830E-5
1.7002110E-1 1.8515640E-5
1.7995020E-1 2.2003660E-5
1.8994810E-1 2.7330520E-5
1.9994540E-1 3.3955160E-5
2.1004580E-1 4.3960560E-5
2.1995500E-1 5.5344350E-5
2.3003290E-1 7.1476840E-5
2.4008750E-1 9.3128110E-5
2.4995990E-1 1.2590850E-4
2.5993490E-1 1.6516140E-4
2.6997800E-1 2.2251250E-4
2.7991870E-1 2.9207040E-4
2.9000810E-1 3.9718720E-4
2.9984620E-1 5.3498660E-4
3.0996890E-1 7.2985330E-4
3.1989860E-1 9.7584860E-4
3.2993030E-1 1.2945220E-3
3.3995100E-1 1.7036930E-3
3.4991460E-1 2.2970210E-3
3.5995820E-1 2.9375180E-3
3.6998990E-1 3.7620010E-3
3.7995340E-1 4.6648890E-3
3.8989400E-1 5.8186320E-3
3.9989190E-1 7.0971340E-3
4.1000370E-1 8.5800220E-3
4.1994430E-1 1.0146700E-2
4.3001080E-1 1.1957110E-2
4.3984890E-1 1.3740230E-2
4.4996070E-1 1.5714530E-2
4.5993570E-1 1.7674920E-2
4.7000170E-1 1.9864740E-2
4.7998810E-1 2.2132160E-2
4.9000840E-1 2.4492280E-2
5.0001760E-1 2.6862830E-2
5.0998120E-1 2.9176030E-2
5.2000190E-1 3.1771350E-2
