0.000E+0 -0.174420608
1.000E-2 -0.174405844
2.000E-2 -0.174390964
3.000E-2 -0.174375957
4.000E-2 -0.174360809
5.000E-2 -0.174345501
6.000E-2 -0.174330007
7.000E-2 -0.174314289
8.000E-2 -0.174298299
9.000E-2 -0.174281967
1.000E-1 -0.174265195
1.100E-1 -0.174247848
1.200E-1 -0.174229734
1.300E-1 -0.174210586
1.400E-1 -0.17419002
1.500E-1 -0.174167496
1.600E-1 -0.174142242
1.700E-1 -0.174113151
1.800E-1 -0.174078634
1.900E-1 -0.174036397
2.000E-1 -0.173983126
2.100E-1 -0.173914008
2.200E-1 -0.173822047
2.300E-1 -0.173697052
2.400E-1 -0.173524153
2.500E-1 -0.173281627
2.600E-1 -0.172937702
2.700E-1 -0.172445876
2.800E-1 -0.171738028
2.900E-1 -0.170714317
3.000E-1 -0.169228335
3.100E-1 -0.167065311
3.200E-1 -0.163910089
3.300E-1 -0.159300112
3.400E-1 -0.152556412
3.500E-1 -0.142682351
3.600E-1 -0.128215203
3.700E-1 -0.107008864
3.800E-1 -0.075916374
3.900E-1 -0.0303273884
4.000E-1 0.0365027948
