0.000E+0 0
1.000E-2 1.88181595E-13
2.000E-2 4.47827276E-13
3.000E-2 8.07031305E-13
4.000E-2 1.30564923E-12
5.000E-2 1.99965983E-12
6.000E-2 2.96285779E-12
7.000E-2 4.30282674E-12
8.000E-2 6.16656052E-12
9.000E-2 8.75842768E-12
1.000E-1 1.23637755E-11
1.100E-1 1.73776141E-11
1.200E-1 2.43532411E-11
1.300E-1 3.40653065E-11
1.400E-1 4.76027432E-11
1.500E-1 6.65023523E-11
1.600E-1 9.29397684E-11
1.700E-1 1.29978003E-10
1.800E-1 1.82138569E-10
1.900E-1 2.55632333E-10
2.000E-1 3.59552231E-10
2.100E-1 5.06925303E-10
2.200E-1 7.16498552E-10
2.300E-1 1.01531197E-9
2.400E-1 1.44109175E-9
2.500E-1 2.0195119E-9
2.600E-1 2.90058155E-9
2.700E-1 4.1560617E-9
2.800E-1 5.98888718E-9
2.900E-1 8.60593692E-9
3.000E-1 1.23873157E-8
3.100E-1 1.78404208E-8
3.200E-1 2.57419286E-8
3.300E-1 3.71704595E-8
3.400E-1 5.37362612E-8
3.500E-1 7.77355816E-8
3.600E-1 1.12532E-7
3.700E-1 1.62980157E-7
3.800E-1 2.36127101E-7
3.900E-1 3.42329073E-7
4.000E-1 4.96354863E-7
4.100E-1 7.19901402E-7
4.200E-1 1.04440973E-6
4.300E-1 1.51551488E-6
4.400E-1 2.19953463E-6
4.500E-1 3.19278222E-6
