-9.0042590E-2 -5.1572440E-6
-5.9981350E-2 -3.6914460E-6
-3.0023100E-2 -1.9619290E-6
-4.5984980E-5 -9.2852300E-10
1.0000110E-2 7.2844930E-7
1.9984930E-2 1.4788580E-6
2.9995920E-2 2.3074260E-6
3.9982320E-2 3.1800520E-6
5.0002570E-2 4.1050410E-6
5.9977530E-2 5.1002720E-6
7.0009230E-2 6.1916730E-6
7.9995630E-2 7.3910340E-6
8.9981560E-2 8.7250460E-6
9.9967960E-2 1.0218050E-5
1.0997680E-1 1.1914090E-5
1.1999750E-1 1.3885120E-5
1.2994960E-1 1.6201170E-5
1.3999270E-1 1.8938210E-5
1.5000150E-1 2.2230220E-5
1.5997650E-1 2.6261560E-5
1.6997390E-1 3.1249730E-5
1.7997170E-1 3.7556540E-5
1.8999200E-1 4.5587920E-5
1.9997840E-1 5.5923770E-5
2.0995280E-1 6.9257050E-5
2.1996500E-1 8.6570620E-5
2.2992850E-1 1.0972840E-4
2.3997160E-1 1.4016100E-4
2.4993520E-1 1.8014990E-4
2.5992110E-1 2.3307600E-4
2.6994180E-1 3.0367730E-4
2.7992820E-1 3.9771730E-4
2.8995990E-1 5.2265960E-4
2.9995780E-1 6.8763130E-4
3.0994370E-1 9.0150510E-4
3.1996440E-1 1.1802970E-3
3.2995080E-1 1.5430490E-3
3.3997110E-1 2.0014120E-3
3.4996890E-1 2.5739330E-3
3.5996630E-1 3.2733590E-3
3.6994120E-1 4.1175950E-3
3.7996200E-1 5.1236210E-3
3.8991400E-1 6.3111950E-3
4.0000250E-1 7.6349450E-3
4.0988640E-1 9.1398410E-3
4.1994090E-1 1.0798390E-2
4.2999550E-1 1.2599470E-2
4.3995900E-1 1.4529140E-2
4.4995690E-1 1.6584530E-2
4.5995470E-1 1.8782420E-2
4.7000930E-1 2.1089230E-2
