-9.0065960E-2 -7.1635340E-4
-5.9970380E-2 -7.1437600E-4
-3.0000690E-2 -7.1208550E-4
3.7670140E-5 -7.1040380E-4
9.9565980E-3 -7.0945280E-4
1.9872010E-2 -7.0859460E-4
3.0019280E-2 -7.0769580E-4
3.9994240E-2 -7.0638520E-4
4.9991610E-2 -7.0546910E-4
5.9932230E-2 -7.0407730E-4
6.9998740E-2 -7.0281320E-4
8.0019000E-2 -7.0130550E-4
9.0005400E-2 -6.9976310E-4
9.9991800E-2 -6.9800020E-4
1.0997770E-1 -6.9601690E-4
1.1998700E-1 -6.9380760E-4
1.2998490E-1 -6.9120400E-4
1.4000510E-1 -6.8816540E-4
1.5002580E-1 -6.8463970E-4
1.6000080E-1 -6.8027900E-4
1.7000960E-1 -6.7495570E-4
1.7997310E-1 -6.6848430E-4
1.9001630E-1 -6.6016300E-4
1.9997980E-1 -6.4948740E-4
2.0998910E-1 -6.3573250E-4
2.1997790E-1 -6.1789540E-4
2.2993040E-1 -5.9454360E-4
2.3996210E-1 -5.6349680E-4
2.4993710E-1 -5.2234840E-4
2.5992350E-1 -4.6728880E-4
2.6994420E-1 -3.9394540E-4
2.7996440E-1 -2.9707050E-4
2.8996230E-1 -1.6885300E-4
2.9997160E-1 2.9173060E-6
3.0998040E-1 2.2992350E-4
3.1994440E-1 5.2380650E-4
3.2995320E-1 9.0041660E-4
3.3998540E-1 1.3937280E-3
3.4990310E-1 2.0036310E-3
3.6002640E-1 2.7639640E-3
3.6988740E-1 3.6683570E-3
3.7998770E-1 4.7687310E-3
3.8993980E-1 6.0466550E-3
3.9988040E-1 7.5357430E-3
4.0996930E-1 9.1858100E-3
4.1994430E-1 1.1033100E-2
4.2999940E-1 1.3056650E-2
4.3996290E-1 1.5220960E-2
4.4994930E-1 1.7533000E-2
4.5995860E-1 1.9993340E-2
4.7000170E-1 2.2585760E-2
