-9.0042590E-2 -7.0644320E-4
-5.9969900E-2 -7.0525450E-4
-2.9977800E-2 -7.0382810E-4
5.2988530E-5 -7.0295820E-4
9.9223850E-3 -7.0205940E-4
1.9823580E-2 -7.0165920E-4
3.0030250E-2 -7.0078950E-4
3.9982320E-2 -6.9994860E-4
5.0025460E-2 -6.9904410E-4
5.9977530E-2 -6.9806400E-4
7.0009230E-2 -6.9692170E-4
8.0041410E-2 -6.9570390E-4
9.0004440E-2 -6.9428900E-4
1.0002520E-1 -6.9274660E-4
1.0998820E-1 -6.9096060E-4
1.1999750E-1 -6.8896000E-4
1.2998340E-1 -6.8654770E-4
1.3998130E-1 -6.8372950E-4
1.5001300E-1 -6.8030820E-4
1.5999940E-1 -6.7615640E-4
1.7001960E-1 -6.7102440E-4
1.8000600E-1 -6.6457040E-4
1.9000340E-1 -6.5639420E-4
1.9998980E-1 -6.4589840E-4
2.0999860E-1 -6.3217850E-4
2.1997640E-1 -6.1413860E-4
2.2996230E-1 -5.9056080E-4
2.3998310E-1 -5.5938090E-4
2.4994660E-1 -5.1812840E-4
2.5995540E-1 -4.6273290E-4
2.6996470E-1 -3.8834640E-4
2.7997350E-1 -2.8957600E-4
2.8995990E-1 -1.5916190E-4
2.9998060E-1 1.4551990E-5
3.0995510E-1 2.4011010E-4
3.1995300E-1 5.4038670E-4
3.2996230E-1 9.2223010E-4
3.3997110E-1 1.4056540E-3
3.4995750E-1 2.0174640E-3
3.5997770E-1 2.7732140E-3
3.6995270E-1 3.6852490E-3
3.7999580E-1 4.7644620E-3
3.8993640E-1 6.0075500E-3
3.9995720E-1 7.4299280E-3
4.0997740E-1 9.0369270E-3
4.1995240E-1 1.0809410E-2
4.2998460E-1 1.2744870E-2
4.3995900E-1 1.4835010E-2
4.4996830E-1 1.7065930E-2
4.5996620E-1 1.9412130E-2
4.6999790E-1 2.1855070E-2
