0.000E+0 0
1.000E-2 8.14207086E-13
2.000E-2 1.95551807E-12
3.000E-2 3.55571994E-12
4.000E-2 5.79968454E-12
5.000E-2 8.9467488E-12
6.000E-2 1.33607103E-11
7.000E-2 1.95519144E-11
8.000E-2 2.82363155E-11
9.000E-2 4.04183694E-11
1.000E-1 5.75073905E-11
1.100E-1 8.14809023E-11
1.200E-1 1.15113982E-10
1.300E-1 1.62301265E-10
1.400E-1 2.28509022E-10
1.500E-1 3.21409733E-10
1.600E-1 4.51772536E-10
1.700E-1 6.34712084E-10
1.800E-1 8.91438674E-10
1.900E-1 1.25170811E-9
2.000E-1 1.75724554E-9
2.100E-1 2.46651959E-9
2.200E-1 3.4613781E-9
2.300E-1 4.8562301E-9
2.400E-1 6.81067125E-9
2.500E-1 9.54669231E-9
2.600E-1 1.33718487E-8
2.700E-1 1.87099321E-8
2.800E-1 2.6140641E-8
2.900E-1 3.64493186E-8
3.000E-1 5.06868658E-8
3.100E-1 7.02386589E-8
3.200E-1 9.69009069E-8
3.300E-1 1.32966571E-7
3.400E-1 1.81336216E-7
3.500E-1 2.45695981E-7
3.600E-1 3.30843191E-7
3.700E-1 4.43262274E-7
3.800E-1 5.92035391E-7
3.900E-1 7.90105269E-7
4.000E-1 1.05583434E-6
4.100E-1 1.4147946E-6
4.200E-1 1.90174691E-6
4.300E-1 2.56285085E-6
4.400E-1 3.45800425E-6
4.500E-1 4.66340593E-6
