0.000E+0 0
1.000E-2 1.23479334E-12
2.000E-2 2.96582361E-12
3.000E-2 5.39306828E-12
4.000E-2 8.79707745E-12
5.000E-2 1.35714335E-11
6.000E-2 2.02682932E-11
7.000E-2 2.96622938E-11
8.000E-2 4.28402364E-11
9.000E-2 6.13269669E-11
1.000E-1 8.72620831E-11
1.100E-1 1.23648024E-10
1.200E-1 1.74698401E-10
1.300E-1 2.46327094E-10
1.400E-1 3.4683494E-10
1.500E-1 4.87873702E-10
1.600E-1 6.85798827E-10
1.700E-1 9.63566886E-10
1.800E-1 1.35339498E-9
1.900E-1 1.90048412E-9
2.000E-1 2.66822415E-9
2.100E-1 3.74545411E-9
2.200E-1 5.25655861E-9
2.300E-1 7.37544818E-9
2.400E-1 1.0344802E-8
2.500E-1 1.45023332E-8
2.600E-1 2.03162254E-8
2.700E-1 2.84321836E-8
2.800E-1 3.97345588E-8
2.900E-1 5.54234873E-8
3.000E-1 7.71087364E-8
3.100E-1 1.06919269E-7
3.200E-1 1.47627211E-7
3.300E-1 2.02790608E-7
3.400E-1 2.76942787E-7
3.500E-1 3.75872151E-7
3.600E-1 5.07154206E-7
3.700E-1 6.81074531E-7
3.800E-1 9.1203281E-7
3.900E-1 1.22047145E-6
4.000E-1 1.63548805E-6
4.100E-1 2.19757235E-6
4.200E-1 2.96195569E-6
4.300E-1 4.00237335E-6
4.400E-1 5.41527904E-6
4.500E-1 7.32474715E-6
