0.000E+0 -0.264715554
1.000E-2 -0.264714828
2.000E-2 -0.264714097
3.000E-2 -0.264713361
4.000E-2 -0.264712619
5.000E-2 -0.264711872
6.000E-2 -0.264711118
7.000E-2 -0.264710355
8.000E-2 -0.264709583
9.000E-2 -0.264708797
1.000E-1 -0.264707993
1.100E-1 -0.264707167
1.200E-1 -0.264706307
1.300E-1 -0.264705402
1.400E-1 -0.264704433
1.500E-1 -0.264703371
1.600E-1 -0.264702174
1.700E-1 -0.264700782
1.800E-1 -0.264699107
1.900E-1 -0.264697016
2.000E-1 -0.264694317
2.100E-1 -0.264690726
2.200E-1 -0.264685826
2.300E-1 -0.264679004
2.400E-1 -0.264669357
2.500E-1 -0.264655557
2.600E-1 -0.264635653
2.700E-1 -0.264606771
2.800E-1 -0.264564687
2.900E-1 -0.264503183
3.000E-1 -0.264413115
3.100E-1 -0.26428103
3.200E-1 -0.264087137
3.300E-1 -0.263802321
3.400E-1 -0.263383748
3.500E-1 -0.262768404
3.600E-1 -0.261863588
3.700E-1 -0.26053292
3.800E-1 -0.258575766
3.900E-1 -0.255696964
4.000E-1 -0.251462289
4.100E-1 -0.245232935
4.200E-1 -0.236069137
4.300E-1 -0.222588395
4.400E-1 -0.202756922
4.500E-1 -0.173582891
4.600E-1 -0.130665279
4.700E-1 -0.0675304021
4.800E-1 0.0253435696
