-9.0065000E-2 -1.9398340E-4
-5.9878830E-2 -1.9262650E-4
-3.0045990E-2 -1.9123490E-4
-9.6619130E-5 -1.8980250E-4
1.0448900E-2 -1.8928640E-4
2.0163980E-2 -1.8837610E-4
3.0030250E-2 -1.8826010E-4
4.0107730E-2 -1.8812090E-4
5.0139430E-2 -1.8741920E-4
5.9875010E-2 -1.8692050E-4
7.0020680E-2 -1.8634650E-4
7.9858780E-2 -1.8533750E-4
9.0073110E-2 -1.8481560E-4
1.0008190E-1 -1.8400960E-4
1.1011360E-1 -1.8301220E-4
1.2007710E-1 -1.8191030E-4
1.3004060E-1 -1.8101160E-4
1.4007230E-1 -1.7966050E-4
1.4993330E-1 -1.7762510E-4
1.6007900E-1 -1.7556070E-4
1.6995140E-1 -1.7237720E-4
1.7993740E-1 -1.6819630E-4
1.8996910E-1 -1.6319200E-4
1.9998980E-1 -1.5543320E-4
2.0991900E-1 -1.4659020E-4
2.1997640E-1 -1.3370530E-4
2.2988270E-1 -1.1846030E-4
2.3994870E-1 -9.4852310E-5
2.4998040E-1 -6.2674780E-5
2.5965930E-1 -1.9916760E-5
2.7001000E-1 4.1216180E-5
2.7981420E-1 1.1306280E-4
2.8986880E-1 2.2639010E-4
2.9983230E-1 3.6817230E-4
3.0989840E-1 5.8471320E-4
3.1990720E-1 8.3526460E-4
3.2993940E-1 1.1611750E-3
3.3995960E-1 1.5810040E-3
3.4991170E-1 2.1961740E-3
3.6000060E-1 2.8260030E-3
3.6997560E-1 3.6585350E-3
3.7990470E-1 4.4898480E-3
3.8993640E-1 5.6402800E-3
3.9984320E-1 6.8407770E-3
4.0989780E-1 8.3526820E-3
4.1990710E-1 9.8166090E-3
4.3001840E-1 1.1568290E-2
4.3998190E-1 1.3195570E-2
4.4995690E-1 1.5092220E-2
4.5994330E-1 1.6800030E-2
4.7010040E-1 1.8930150E-2
4.7999570E-1 2.0979170E-2
4.8997020E-1 2.3358370E-2
5.0002530E-1 2.5511090E-2
5.1002260E-1 2.7807470E-2
5.2010010E-1 3.0047660E-2
