9.524E-4 -2.323E-4
1.078E-2 -2.309E-4
2.048E-2 -2.292E-4
3.042E-2 -2.276E-4
4.014E-2 -2.261E-4
4.970E-2 -2.243E-4
6.092E-2 -2.223E-4
7.061E-2 -2.205E-4
8.061E-2 -2.186E-4
9.045E-2 -2.168E-4
1.003E-1 -2.148E-4
1.114E-1 -2.125E-4
1.213E-1 -2.104E-4
1.308E-1 -2.082E-4
1.410E-1 -2.057E-4
1.506E-1 -2.032E-4
1.618E-1 -2.002E-4
1.716E-1 -1.974E-4
1.815E-1 -1.941E-4
1.911E-1 -1.910E-4
2.011E-1 -1.875E-4
2.108E-1 -1.841E-4
2.221E-1 -1.796E-4
2.318E-1 -1.757E-4
2.417E-1 -1.706E-4
2.516E-1 -1.662E-4
2.611E-1 -1.611E-4
2.723E-1 -1.549E-4
2.822E-1 -1.492E-4
2.920E-1 -1.433E-4
3.018E-1 -1.374E-4
3.118E-1 -1.298E-4
3.225E-1 -1.222E-4
3.326E-1 -1.152E-4
3.425E-1 -1.074E-4
3.522E-1 -9.926E-5
3.619E-1 -9.116E-5
3.731E-1 -8.185E-5
3.829E-1 -7.269E-5
3.930E-1 -6.309E-5
4.028E-1 -5.317E-5
4.223E-1 -3.431E-5
4.433E-1 -1.067E-5
4.628E-1 1.258E-5
4.836E-1 3.642E-5
5.035E-1 6.092E-5
5.538E-1 1.250E-4
6.042E-1 1.859E-4
6.547E-1 2.446E-4
7.049E-1 3.003E-4
7.553E-1 3.530E-4
8.059E-1 4.017E-4
8.562E-1 4.485E-4
9.067E-1 4.931E-4
9.570E-1 5.363E-4
1.006E+0 5.755E-4
