-9.0046880E-2 -4.2242900E-6
-5.9950350E-2 -2.8821720E-6
-2.9990670E-2 -1.4321520E-6
-9.3102460E-5 -1.5054700E-9
1.0017100E-2 4.8117480E-7
1.9897580E-2 9.8117060E-7
3.0008790E-2 1.4916750E-6
3.9949890E-2 2.0968050E-6
4.9948220E-2 2.6690320E-6
6.0003280E-2 3.3695120E-6
6.9978710E-2 4.0019040E-6
8.0033780E-2 4.7653390E-6
8.9940550E-2 5.5069650E-6
9.9984170E-2 6.4687700E-6
1.0989090E-1 7.5368300E-6
1.2000320E-1 8.9217500E-6
1.2997870E-1 1.0403420E-5
1.3998790E-1 1.2234780E-5
1.4999770E-1 1.4870490E-5
1.5996120E-1 1.7801940E-5
1.7000530E-1 2.1817250E-5
1.7998030E-1 2.6638050E-5
1.8997860E-1 3.3642220E-5
1.9989680E-1 4.2845440E-5
2.0998620E-1 5.5641750E-5
2.1996400E-1 7.2520660E-5
2.2985980E-1 9.2792640E-5
2.3996020E-1 1.2776950E-4
2.4991320E-1 1.6932610E-4
2.5991110E-1 2.2723640E-4
2.6994370E-1 2.9957480E-4
2.7991870E-1 4.1175940E-4
2.8998570E-1 5.5720190E-4
2.9997210E-1 7.7628180E-4
3.0990170E-1 1.0231860E-3
3.1994580E-1 1.3607540E-3
3.2995510E-1 1.8075500E-3
3.3993050E-1 2.4185780E-3
3.4996320E-1 3.1064470E-3
3.5994960E-1 3.9774380E-3
3.6989070E-1 4.9220290E-3
3.7996860E-1 6.2167530E-3
3.8993260E-1 7.6242500E-3
3.9998820E-1 9.3889500E-3
4.0995220E-1 1.1017340E-2
4.1991570E-1 1.3121490E-2
4.2998270E-1 1.5137570E-2
4.3993520E-1 1.7404510E-2
4.4995590E-1 1.9581660E-2
4.5997710E-1 2.2282530E-2
4.6998640E-1 2.4945740E-2
4.8003010E-1 2.8023180E-2
4.8998260E-1 3.0729850E-2
