5.48850000E+4 2.46167841E-1 3.40199812E+2 2.46167841E-1
5.49110000E+4 2.47073525E-1 3.40081836E+2 2.47073525E-1
5.49320000E+4 2.47491240E-1 3.40028210E+2 2.47491240E-1
5.49530000E+4 2.48254415E-1 3.39996035E+2 2.48254415E-1
5.49740000E+4 2.48400657E-1 3.39963860E+2 2.48400657E-1
5.49950000E+4 2.49032439E-1 3.39942410E+2 2.49032439E-1
5.50160000E+4 2.49384128E-1 3.39931685E+2 2.49384128E-1
5.50370000E+4 2.50436779E-1 3.39920959E+2 2.50436779E-1
5.50580000E+4 2.49780455E-1 3.39942410E+2 2.49780455E-1
5.50790000E+4 2.50114655E-1 3.39920959E+2 2.50114655E-1
5.51000000E+4 2.51148216E-1 3.39931685E+2 2.51148216E-1
5.51210000E+4 2.50939265E-1 3.39942410E+2 2.50939265E-1
5.51410000E+4 2.51836030E-1 3.39942410E+2 2.51836030E-1
5.51630000E+4 2.51909570E-1 3.39963860E+2 2.51909570E-1
5.51840000E+4 2.52067286E-1 3.39963860E+2 2.52067286E-1
5.52050000E+4 2.52482452E-1 3.39974585E+2 2.52482452E-1
5.52250000E+4 2.52964845E-1 3.39974585E+2 2.52964845E-1
5.52470000E+4 2.53378692E-1 3.39974585E+2 2.53378692E-1
5.52680000E+4 2.53169585E-1 3.39985310E+2 2.53169585E-1
5.52890000E+4 2.53296773E-1 3.39996035E+2 2.53296773E-1
5.53100000E+4 2.54273667E-1 3.40006760E+2 2.54273667E-1
5.53310000E+4 2.54565682E-1 3.40028210E+2 2.54565682E-1
5.53520000E+4 2.54468403E-1 3.40017485E+2 2.54468403E-1
5.53730000E+4 2.55227563E-1 3.40028210E+2 2.55227563E-1
5.53940000E+4 2.55007575E-1 3.40017485E+2 2.55007575E-1
5.54150000E+4 2.55289127E-1 3.40028210E+2 2.55289127E-1
5.54360000E+4 2.55917509E-1 3.40028210E+2 2.55917509E-1
5.54570000E+4 2.56517595E-1 3.40049661E+2 2.56517595E-1
5.54780000E+4 2.56041081E-1 3.40028210E+2 2.56041081E-1
5.54990000E+4 2.56489844E-1 3.40028210E+2 2.56489844E-1
5.55200000E+4 2.56818146E-1 3.40028210E+2 2.56818146E-1
5.55410000E+4 2.57580274E-1 3.40038936E+2 2.57580274E-1
5.55620000E+4 2.57713995E-1 3.40038936E+2 2.57713995E-1
5.55830000E+4 2.57631685E-1 3.40038936E+2 2.57631685E-1
5.56040000E+4 2.58263370E-1 3.40028210E+2 2.58263370E-1
5.56250000E+4 2.58131895E-1 3.40038936E+2 2.58131895E-1
5.56460000E+4 2.58911533E-1 3.40028210E+2 2.58911533E-1
5.56670000E+4 2.59018436E-1 3.40038936E+2 2.59018436E-1
5.56880000E+4 2.59346681E-1 3.40017485E+2 2.59346681E-1
5.57090000E+4 2.59699241E-1 3.40028210E+2 2.59699241E-1
5.57300000E+4 2.59464279E-1 3.40028210E+2 2.59464279E-1
5.57510000E+4 2.59723906E-1 3.40017485E+2 2.59723906E-1
5.57720000E+4 2.60192648E-1 3.40028210E+2 2.60192648E-1
5.57930000E+4 2.61146939E-1 3.40017485E+2 2.61146939E-1
5.58140000E+4 2.60033971E-1 3.40017485E+2 2.60033971E-1
5.58350000E+4 2.61248524E-1 3.40006760E+2 2.61248524E-1
5.58560000E+4 2.60301890E-1 3.40006760E+2 2.60301890E-1
5.58770000E+4 2.60435968E-1 3.40017485E+2 2.60435968E-1
5.58980000E+4 2.61696184E-1 3.40017485E+2 2.61696184E-1
5.59190000E+4 2.61208614E-1 3.40017485E+2 2.61208614E-1
5.59400000E+4 2.61920993E-1 3.40006760E+2 2.61920993E-1
5.59610000E+4 2.61716029E-1 3.40017485E+2 2.61716029E-1
5.59820000E+4 2.62309046E-1 3.40017485E+2 2.62309046E-1
5.60030000E+4 2.62034465E-1 3.40017485E+2 2.62034465E-1
5.60240000E+4 2.61689629E-1 3.40006760E+2 2.61689629E-1
5.60450000E+4 2.62010490E-1 3.40017485E+2 2.62010490E-1
5.60660000E+4 2.62114891E-1 3.40006760E+2 2.62114891E-1
5.60870000E+4 2.61975298E-1 3.40006760E+2 2.61975298E-1
5.61080000E+4 2.62549609E-1 3.40017485E+2 2.62549609E-1
5.61290000E+4 2.62777814E-1 3.40006760E+2 2.62777814E-1
5.61500000E+4 2.62561545E-1 3.40017485E+2 2.62561545E-1
5.61710000E+4 2.63148981E-1 3.40017485E+2 2.63148981E-1
5.61920000E+4 2.62806228E-1 3.40017485E+2 2.62806228E-1
5.62130000E+4 2.62867109E-1 3.40006760E+2 2.62867109E-1
5.62340000E+4 2.63251147E-1 3.40017485E+2 2.63251147E-1
5.62550000E+4 2.63148912E-1 3.40017485E+2 2.63148912E-1
5.62760000E+4 2.63011344E-1 3.40017485E+2 2.63011344E-1
5.62970000E+4 2.62952503E-1 3.40006760E+2 2.62952503E-1
5.63180000E+4 2.63524995E-1 3.40017485E+2 2.63524995E-1
5.63390000E+4 2.63549850E-1 3.40006760E+2 2.63549850E-1
5.63600000E+4 2.63279295E-1 3.40017485E+2 2.63279295E-1
5.63810000E+4 2.63579007E-1 3.40017485E+2 2.63579007E-1
5.64020000E+4 2.63617578E-1 3.40006760E+2 2.63617578E-1
5.64230000E+4 2.63384285E-1 3.40017485E+2 2.63384285E-1
5.64440000E+4 2.63878746E-1 3.40006760E+2 2.63878746E-1
5.64650000E+4 2.63560834E-1 3.40028210E+2 2.63560834E-1
5.64860000E+4 2.63866812E-1 3.40017485E+2 2.63866812E-1
5.65070000E+4 2.64119097E-1 3.40017485E+2 2.64119097E-1
5.65280000E+4 2.63801343E-1 3.40028210E+2 2.63801343E-1
5.65490000E+4 2.64163501E-1 3.40028210E+2 2.64163501E-1
5.65700000E+4 2.63807601E-1 3.40028210E+2 2.63807601E-1
5.65910000E+4 2.63675806E-1 3.40038936E+2 2.63675806E-1
5.66120000E+4 2.63892043E-1 3.40028210E+2 2.63892043E-1
5.66330000E+4 2.63916849E-1 3.40028210E+2 2.63916849E-1
5.66540000E+4 2.64541695E-1 3.40028210E+2 2.64541695E-1
5.66750000E+4 2.63969802E-1 3.40028210E+2 2.63969802E-1
5.66960000E+4 2.64361046E-1 3.40028210E+2 2.64361046E-1
5.67170000E+4 2.64650900E-1 3.40017485E+2 2.64650900E-1
5.67380000E+4 2.64286134E-1 3.40017485E+2 2.64286134E-1
5.67590000E+4 2.64296496E-1 3.40017485E+2 2.64296496E-1
5.67800000E+4 2.64695854E-1 3.40028210E+2 2.64695854E-1
5.68010000E+4 2.64392494E-1 3.40006760E+2 2.64392494E-1
5.68220000E+4 2.64217913E-1 3.40017485E+2 2.64217913E-1
5.68430000E+4 2.64332850E-1 3.40006760E+2 2.64332850E-1
5.68640000E+4 2.64469327E-1 3.39996035E+2 2.64469327E-1
5.68850000E+4 2.65101850E-1 3.40006760E+2 2.65101850E-1
5.69060000E+4 2.65053775E-1 3.40017485E+2 2.65053775E-1
5.69270000E+4 2.64787720E-1 3.40017485E+2 2.64787720E-1
5.69480000E+4 2.64467073E-1 3.40006760E+2 2.64467073E-1
5.69690000E+4 2.64529947E-1 3.40028210E+2 2.64529947E-1
5.69900000E+4 2.64579131E-1 3.40006760E+2 2.64579131E-1
5.70110000E+4 2.64771324E-1 3.40028210E+2 2.64771324E-1
5.70320000E+4 2.65358696E-1 3.40017485E+2 2.65358696E-1
5.70530000E+4 2.65305141E-1 3.40017485E+2 2.65305141E-1
5.70740000E+4 2.64625274E-1 3.40017485E+2 2.64625274E-1
5.69610000E+4 2.64689581E-1 3.40006760E+2 2.64689581E-1
5.69820000E+4 2.64648808E-1 3.40017485E+2 2.64648808E-1
5.70030000E+4 2.64581443E-1 3.40017485E+2 2.64581443E-1
5.70240000E+4 2.64739102E-1 3.40017485E+2 2.64739102E-1
5.70450000E+4 2.65140062E-1 3.40006760E+2 2.65140062E-1
5.70660000E+4 2.65366857E-1 3.39996035E+2 2.65366857E-1
5.70870000E+4 2.64701613E-1 3.40017485E+2 2.64701613E-1
5.71080000E+4 2.64795296E-1 3.40017485E+2 2.64795296E-1
5.71290000E+4 2.64836013E-1 3.39996035E+2 2.64836013E-1
5.71500000E+4 2.64877018E-1 3.40006760E+2 2.64877018E-1
5.71710000E+4 2.64722519E-1 3.40017485E+2 2.64722519E-1
5.71920000E+4 2.64719819E-1 3.40017485E+2 2.64719819E-1
5.72130000E+4 2.65237159E-1 3.40006760E+2 2.65237159E-1
5.72340000E+4 2.64835215E-1 3.40006760E+2 2.64835215E-1
5.72550000E+4 2.65517591E-1 3.39996035E+2 2.65517591E-1
5.72760000E+4 2.65513859E-1 3.40028210E+2 2.65513859E-1
5.72970000E+4 2.64722133E-1 3.40006760E+2 2.64722133E-1
5.73180000E+4 2.65469160E-1 3.40017485E+2 2.65469160E-1
5.73390000E+4 2.65471197E-1 3.40006760E+2 2.65471197E-1
5.73600000E+4 2.65590920E-1 3.40006760E+2 2.65590920E-1
5.73810000E+4 2.65610595E-1 3.40006760E+2 2.65610595E-1
5.74020000E+4 2.64924168E-1 3.40028210E+2 2.64924168E-1
5.74230000E+4 2.65573638E-1 3.40006760E+2 2.65573638E-1
5.74440000E+4 2.65496626E-1 3.40006760E+2 2.65496626E-1
5.74650000E+4 2.64831232E-1 3.40006760E+2 2.64831232E-1
5.74860000E+4 2.65403509E-1 3.40017485E+2 2.65403509E-1
5.75070000E+4 2.65610245E-1 3.40028210E+2 2.65610245E-1
5.75280000E+4 2.65008262E-1 3.40017485E+2 2.65008262E-1
5.75490000E+4 2.64851211E-1 3.40017485E+2 2.64851211E-1
5.75700000E+4 2.65712434E-1 3.40006760E+2 2.65712434E-1
5.75910000E+4 2.64950494E-1 3.40017485E+2 2.64950494E-1
5.76130000E+4 2.64993924E-1 3.40017485E+2 2.64993924E-1
5.76330000E+4 2.65336023E-1 3.40017485E+2 2.65336023E-1
5.76540000E+4 2.65713704E-1 3.40006760E+2 2.65713704E-1
5.76750000E+4 2.64990889E-1 3.40017485E+2 2.64990889E-1
5.76960000E+4 2.65551079E-1 3.40017485E+2 2.65551079E-1
5.77170000E+4 2.65610822E-1 3.40006760E+2 2.65610822E-1
5.77380000E+4 2.65269624E-1 3.40017485E+2 2.65269624E-1
5.77590000E+4 2.65083669E-1 3.40006760E+2 2.65083669E-1
5.77800000E+4 2.65679605E-1 3.40017485E+2 2.65679605E-1
5.78010000E+4 2.64876510E-1 3.40017485E+2 2.64876510E-1
5.78220000E+4 2.65579140E-1 3.40006760E+2 2.65579140E-1
5.78430000E+4 2.65053886E-1 3.40006760E+2 2.65053886E-1
5.78640000E+4 2.65590513E-1 3.40017485E+2 2.65590513E-1
5.78850000E+4 2.65038041E-1 3.40017485E+2 2.65038041E-1
