fname time Tem kT_1 A1 A2 m1 m2 dev 
01RV 1rv.dat 293.5 39.5 3.915E-008 0.000E+000 4.270E+000 0.000E+000 1.657E-002 
03RV 3rv.dat 297.3 39 4.973E-008 0.000E+000 4.244E+000 0.000E+000 1.668E-002 
05RV 5rv.dat 300.6 38.57 6.093E-008 0.000E+000 4.191E+000 0.000E+000 1.662E-002 
07RV 7rv.dat 305.6 37.94 8.217E-008 0.000E+000 4.097E+000 0.000E+000 1.554E-002 
09RV 9rv.dat 311.4 37.23 1.149E-007 0.000E+000 3.982E+000 0.000E+000 7.734E-003 
11RV 11rv.dat 315.8 36.71 1.469E-007 0.000E+000 3.918E+000 0.000E+000 3.395E-003 
13RV 13rv.dat 320 36.23 1.846E-007 0.000E+000 3.854E+000 0.000E+000 3.793E-003 
15RV 15rv.dat 326.7 35.49 2.625E-007 0.000E+000 3.763E+000 0.000E+000 1.965E-003 
17RV 17rv.dat 330.8 35.05 3.234E-007 0.000E+000 3.779E+000 0.000E+000 1.826E-003 
