0.000E+0 -36.538488
1.000E-2 -36.5380328
2.000E-2 -36.5375662
3.000E-2 -36.5370951
4.000E-2 -36.5366191
5.000E-2 -36.5361374
6.000E-2 -36.5356498
7.000E-2 -36.5351569
8.000E-2 -36.5346575
9.000E-2 -36.5341513
1.000E-1 -36.5336382
1.100E-1 -36.5331168
1.200E-1 -36.5325868
1.300E-1 -36.532047
1.400E-1 -36.5314952
1.500E-1 -36.5309299
1.600E-1 -36.5303478
1.700E-1 -36.5297439
1.800E-1 -36.529114
1.900E-1 -36.5284475
2.000E-1 -36.527734
2.100E-1 -36.5269552
2.200E-1 -36.5260867
2.300E-1 -36.5250931
2.400E-1 -36.5239232
2.500E-1 -36.5225037
2.600E-1 -36.5207286
2.700E-1 -36.5184461
2.800E-1 -36.5154365
2.900E-1 -36.5113843
3.000E-1 -36.5058321
3.100E-1 -36.4981236
3.200E-1 -36.4873117
3.300E-1 -36.4720311
3.400E-1 -36.4503169
3.500E-1 -36.4193429
3.600E-1 -36.3750489
3.700E-1 -36.3116139
3.800E-1 -36.2207099
3.900E-1 -36.0904602
4.000E-1 -35.9039912
4.100E-1 -35.6374401
4.200E-1 -35.2572594
4.300E-1 -34.7166585
4.400E-1 -33.9510818
4.500E-1 -32.8728506
4.600E-1 -31.3652552
4.700E-1 -29.2773244
4.800E-1 -26.4200725
4.900E-1 -22.5653954
5.000E-1 -17.4467311
5.100E-1 -10.7634291
5.200E-1 -2.17532064
5.300E-1 8.70343003
