-9.0034960E-2 -1.6562260E-4
-5.9972760E-2 -1.1285160E-4
-2.9990200E-2 -5.7540530E-5
-6.1273570E-5 -1.0014880E-7
1.0031130E-2 1.9665020E-5
1.9986930E-2 3.9627750E-5
3.0008790E-2 6.0110060E-5
3.9972780E-2 8.1234930E-5
4.9970630E-2 1.0226060E-4
5.9991360E-2 1.2355810E-4
7.0000650E-2 1.4553680E-4
8.0021860E-2 1.6799660E-4
8.9985370E-2 1.9063060E-4
1.0000610E-1 2.1375740E-4
1.0999300E-1 2.3694220E-4
1.2001370E-1 2.6103160E-4
1.2998910E-1 2.8561380E-4
1.3998700E-1 3.1128640E-4
1.4999630E-1 3.3743470E-4
1.6000560E-1 3.6463820E-4
1.7000390E-1 3.9293200E-4
1.8000170E-1 4.2338880E-4
1.9000010E-1 4.5606680E-4
1.9996360E-1 4.9187620E-4
2.0998430E-1 5.3084620E-4
2.1996210E-1 5.7500040E-4
2.2994850E-1 6.2628770E-4
2.3999210E-1 6.8657500E-4
2.4993320E-1 7.6047280E-4
2.5994300E-1 8.4940200E-4
2.6994090E-1 9.6138850E-4
2.7996160E-1 1.1010690E-3
2.8994850E-1 1.2810620E-3
2.9994680E-1 1.5125700E-3
3.0997900E-1 1.8083470E-3
3.1995390E-1 2.1816590E-3
3.2996370E-1 2.6632790E-3
3.3995010E-1 3.2656680E-3
3.4997130E-1 4.0307790E-3
3.5998060E-1 4.9490520E-3
3.6996750E-1 6.0573980E-3
3.7998820E-1 7.3470720E-3
3.8994070E-1 8.8548660E-3
3.9995000E-1 1.0558990E-2
4.0993690E-1 1.2466730E-2
4.1996910E-1 1.4547690E-2
4.3000130E-1 1.6848800E-2
4.3993090E-1 1.9269240E-2
4.4996310E-1 2.1839740E-2
4.5996140E-1 2.4530160E-2
4.7000500E-1 2.7364840E-2
4.8002580E-1 3.0317690E-2
