0.000E+0 -0.169005979
1.000E-2 -0.168985488
2.000E-2 -0.168964825
3.000E-2 -0.168943956
4.000E-2 -0.168922837
5.000E-2 -0.168901438
6.000E-2 -0.168879695
7.000E-2 -0.168857537
8.000E-2 -0.168834847
9.000E-2 -0.168811483
1.000E-1 -0.168787235
1.100E-1 -0.168761816
1.200E-1 -0.168734826
1.300E-1 -0.168705703
1.400E-1 -0.168673665
1.500E-1 -0.16863761
1.600E-1 -0.168595984
1.700E-1 -0.168546575
1.800E-1 -0.168486245
1.900E-1 -0.168410492
2.000E-1 -0.168312854
2.100E-1 -0.168184007
2.200E-1 -0.16801046
2.300E-1 -0.167772654
2.400E-1 -0.167442146
2.500E-1 -0.166977517
2.600E-1 -0.166318356
2.700E-1 -0.165376443
2.800E-1 -0.164022812
2.900E-1 -0.16206877
3.000E-1 -0.159238045
3.100E-1 -0.155125887
3.200E-1 -0.149139057
3.300E-1 -0.140407744
3.400E-1 -0.127656306
3.500E-1 -0.109013733
3.600E-1 -0.0817358614
3.700E-1 -0.0417988033
3.800E-1 0.0166950657
