-9.0204240E-2 -2.0032050E-4
-5.9982780E-2 -1.9894040E-4
-3.0024050E-2 -1.9731660E-4
-9.4264750E-5 -1.9587860E-4
1.0405540E-2 -1.9555380E-4
2.0200970E-2 -1.9488110E-4
2.9951100E-2 -1.9441720E-4
3.9960380E-2 -1.9408670E-4
4.9992560E-2 -1.9347200E-4
5.9944630E-2 -1.9287470E-4
6.9953920E-2 -1.9231800E-4
7.9997540E-2 -1.9133800E-4
8.9983940E-2 -1.9061890E-4
1.0006190E-1 -1.8973750E-4
1.0997960E-1 -1.8882120E-4
1.1997750E-1 -1.8779490E-4
1.2997530E-1 -1.8663510E-4
1.4001890E-1 -1.8490700E-4
1.4999390E-1 -1.8296440E-4
1.5999170E-1 -1.8049990E-4
1.6997810E-1 -1.7747280E-4
1.8001030E-1 -1.7300190E-4
1.8998530E-1 -1.6785820E-4
2.0000600E-1 -1.5975720E-4
2.1000390E-1 -1.5081520E-4
2.1999310E-1 -1.3788370E-4
2.2995660E-1 -1.2180910E-4
2.3993210E-1 -9.7902540E-5
2.5004390E-1 -6.5948640E-5
2.5985910E-1 -2.0882770E-5
2.6987980E-1 3.7436820E-5
2.7996920E-1 1.1176690E-4
2.9000140E-1 2.2331070E-4
2.9981660E-1 3.6713740E-4
3.0996270E-1 5.7257870E-4
3.1986950E-1 8.2792040E-4
3.2999280E-1 1.1530910E-3
3.3994530E-1 1.5627890E-3
3.4998890E-1 2.1725280E-3
3.5996390E-1 2.8049820E-3
3.7004140E-1 3.6221760E-3
3.8002820E-1 4.4794720E-3
3.8992360E-1 5.5829900E-3
3.9986420E-1 6.7930780E-3
4.0997600E-1 8.1991500E-3
4.1992860E-1 9.6550570E-3
4.3002890E-1 1.1336270E-2
4.3999290E-1 1.2968790E-2
4.4994500E-1 1.4769330E-2
4.5995430E-1 1.6565230E-2
4.7004370E-1 1.8516390E-2
4.8001860E-1 2.0592110E-2
4.8994830E-1 2.2704320E-2
5.0007150E-1 2.4892420E-2
5.0995540E-1 2.6882400E-2
5.2006720E-1 2.9273260E-2
5.2995110E-1 3.1527400E-2
