-9.0031150E-2 -1.9440100E-4
-5.9947490E-2 -1.9330500E-4
-3.0000690E-2 -1.9194810E-4
-7.1883200E-5 -1.9017370E-4
1.0247470E-2 -1.8984310E-4
1.9933130E-2 -1.8918210E-4
3.0007360E-2 -1.8878780E-4
3.9856910E-2 -1.8838190E-4
5.0002570E-2 -1.8794690E-4
5.9977530E-2 -1.8747150E-4
6.9952490E-2 -1.8675820E-4
7.9984190E-2 -1.8589420E-4
8.9981560E-2 -1.8508230E-4
9.9967960E-2 -1.8452570E-4
1.0998820E-1 -1.8351090E-4
1.2003140E-1 -1.8258890E-4
1.2993810E-1 -1.8154520E-4
1.3999270E-1 -1.8009540E-4
1.4994480E-1 -1.7801370E-4
1.5998790E-1 -1.7585650E-4
1.6999670E-1 -1.7248160E-4
1.7989160E-1 -1.6882260E-4
1.9009450E-1 -1.6371390E-4
1.9994400E-1 -1.5668580E-4
2.1004440E-1 -1.4728600E-4
2.1991920E-1 -1.3471440E-4
2.2989420E-1 -1.1980000E-4
2.3982330E-1 -9.6952620E-5
2.4990080E-1 -6.4435870E-5
2.5972750E-1 -2.3279470E-5
2.7002140E-1 4.0070330E-5
2.7987100E-1 1.0791350E-4
2.8994850E-1 2.1981400E-4
2.9988910E-1 3.5864460E-4
3.1001230E-1 5.7416500E-4
3.1996440E-1 8.1170370E-4
3.2995030E-1 1.1269280E-3
3.3999400E-1 1.5424120E-3
3.4997990E-1 2.1098910E-3
3.6001210E-1 2.7089510E-3
3.6989550E-1 3.4722930E-3
3.7989330E-1 4.2610150E-3
3.8990260E-1 5.3280010E-3
3.9991140E-1 6.4455760E-3
4.1002320E-1 7.8380520E-3
4.1994090E-1 9.1309750E-3
4.2991590E-1 1.0710920E-2
4.3998190E-1 1.2184690E-2
4.4995690E-1 1.3850780E-2
4.5997710E-1 1.5396950E-2
4.7014620E-1 1.7303470E-2
4.8000670E-1 1.9142760E-2
4.9000450E-1 2.1274630E-2
5.0000240E-1 2.3135360E-2
5.0996540E-1 2.5209280E-2
5.1995180E-1 2.7075810E-2
5.2996110E-1 2.9265600E-2
5.3996990E-1 3.1387610E-2
