-9.0022560E-2 -4.8456930E-6
-5.9995170E-2 -3.3671040E-6
-3.0001640E-2 -1.7118950E-6
9.9992450E-3 5.7744820E-7
2.0062150E-2 1.2215170E-6
2.9963020E-2 1.8205520E-6
3.9995190E-2 2.4937600E-6
5.0004480E-2 3.2705590E-6
5.9945110E-2 3.9396470E-6
6.9977280E-2 4.7179040E-6
8.0009460E-2 5.4655390E-6
8.9996340E-2 6.4378530E-6
9.9971290E-2 7.4265230E-6
1.1000350E-1 8.7018730E-6
1.2001280E-1 9.9235890E-6
1.2995390E-1 1.1426780E-5
1.3997460E-1 1.3440770E-5
1.5000630E-1 1.5503490E-5
1.5998170E-1 1.8260920E-5
1.6996810E-1 2.1288590E-5
1.7994310E-1 2.5877370E-5
1.8997530E-1 3.1371940E-5
1.9997360E-1 3.9643680E-5
2.0997140E-1 4.9052020E-5
2.1994920E-1 6.1267650E-5
2.2991280E-1 7.9374510E-5
2.4000220E-1 1.0329430E-4
2.4992040E-1 1.3649490E-4
2.5997540E-1 1.8116510E-4
2.6992800E-1 2.3804790E-4
2.7994870E-1 3.2135120E-4
2.8988930E-1 4.3286690E-4
2.9994440E-1 5.8692440E-4
3.0993130E-1 7.8735130E-4
3.1992910E-1 1.0534260E-3
3.2991550E-1 1.3996740E-3
3.3991380E-1 1.9126400E-3
3.4996890E-1 2.4872090E-3
3.6000110E-1 3.2214840E-3
3.6996460E-1 4.1342430E-3
3.7998530E-1 5.2587500E-3
3.8992640E-1 6.6397410E-3
3.9993570E-1 8.1129280E-3
4.0992260E-1 9.8124070E-3
4.1993190E-1 1.1774910E-2
4.2997550E-1 1.3812990E-2
4.3996190E-1 1.6019640E-2
4.4994880E-1 1.8427910E-2
4.5994660E-1 2.1004170E-2
4.7000170E-1 2.3855050E-2
4.7996570E-1 2.6553560E-2
4.8999790E-1 2.9450760E-2
5.0001860E-1 3.2185760E-2
