0.000E+0 0
1.000E-2 6.70370141E-15
2.000E-2 1.63896926E-14
3.000E-2 3.04166841E-14
4.000E-2 5.07600055E-14
5.000E-2 8.02902918E-14
6.000E-2 1.23177882E-13
7.000E-2 1.85479844E-13
8.000E-2 2.75992655E-13
9.000E-2 4.07492027E-13
1.000E-1 5.9853812E-13
1.100E-1 8.76108491E-13
1.200E-1 1.27944595E-12
1.300E-1 1.86569397E-12
1.400E-1 2.71816771E-12
1.500E-1 3.95851767E-12
1.600E-1 5.7646484E-12
1.700E-1 8.39715085E-12
1.800E-1 1.22383315E-11
1.900E-1 1.78498788E-11
2.000E-1 2.60581009E-11
2.100E-1 3.80799509E-11
2.200E-1 5.57093863E-11
2.300E-1 8.15929908E-11
2.400E-1 1.19637664E-10
2.500E-1 1.75613731E-10
2.600E-1 2.58047255E-10
2.700E-1 3.79540308E-10
2.800E-1 5.58724618E-10
2.900E-1 8.23152427E-10
3.000E-1 1.2135741E-9
3.100E-1 1.79026708E-9
3.200E-1 2.64236242E-9
3.300E-1 3.90181653E-9
3.400E-1 5.76370443E-9
3.500E-1 8.51655301E-9
3.600E-1 1.25869156E-8
3.700E-1 1.86050648E-8
3.800E-1 2.75015134E-8
3.900E-1 4.06483037E-8
4.000E-1 6.00646692E-8
4.100E-1 8.8713823E-8
4.200E-1 1.30927248E-7
4.300E-1 1.92989053E-7
4.400E-1 2.83950048E-7
4.500E-1 4.16627727E-7
