-9.0105060E-2 -1.6819580E-4
-6.0008050E-2 -1.6428720E-4
-3.0025010E-2 -1.5955500E-4
-1.2218950E-6 -1.5361680E-4
1.0067910E-2 -1.5113470E-4
2.0003910E-2 -1.4848450E-4
3.0146600E-2 -1.4567190E-4
3.9859770E-2 -1.4222720E-4
5.0120350E-2 -1.3856800E-4
5.9890270E-2 -1.3419540E-4
6.9991110E-2 -1.2997930E-4
8.0035210E-2 -1.2501540E-4
8.9964870E-2 -1.1957580E-4
1.0004280E-1 -1.1337060E-4
1.0996150E-1 -1.0649860E-4
1.2002800E-1 -9.8457440E-5
1.2999200E-1 -9.0318300E-5
1.4001320E-1 -8.1327260E-5
1.4998870E-1 -7.2076420E-5
1.5995260E-1 -6.1086390E-5
1.6997390E-1 -4.9515310E-5
1.8006320E-1 -3.6460780E-5
1.9006160E-1 -2.3858010E-5
2.0021960E-1 -9.8517080E-6
2.0932870E-1 2.4379880E-6
2.1988770E-1 2.0598030E-5
2.2988610E-1 3.6492510E-5
2.3991820E-1 5.4356410E-5
2.4995090E-1 7.2673230E-5
2.5996070E-1 9.2777340E-5
2.6993610E-1 1.1203230E-4
2.7992300E-1 1.3252110E-4
2.9002430E-1 1.5425080E-4
2.9996540E-1 1.7708240E-4
3.0994080E-1 2.0033140E-4
3.1993910E-1 2.2406780E-4
3.2994890E-1 2.4747360E-4
3.3993580E-1 2.7419650E-4
3.4995700E-1 3.0091940E-4
3.6002350E-1 3.2953270E-4
3.6998800E-1 3.5609910E-4
3.7998630E-1 3.8476470E-4
3.8987060E-1 4.1187620E-4
3.9990280E-1 4.4331960E-4
4.0995840E-1 4.7344090E-4
4.1995670E-1 5.0710540E-4
4.2994360E-1 5.3859530E-4
4.3997620E-1 5.7177270E-4
4.5007710E-1 6.0462530E-4
4.5991560E-1 6.4010520E-4
4.6997120E-1 6.7343910E-4
4.7990080E-1 7.1076300E-4
4.9000170E-1 7.4710700E-4
5.0004580E-1 7.8287650E-4
5.0997590E-1 8.1837950E-4
5.1996280E-1 8.5605150E-4
5.3002930E-1 8.9803200E-4
5.4009630E-1 9.3700290E-4
5.5000310E-1 9.7488360E-4
5.6011530E-1 1.0148870E-3
5.7005690E-1 1.0580960E-3
5.8000950E-1 1.1008070E-3
5.9006500E-1 1.1431690E-3
6.0002900E-1 1.1866910E-3
