-9.0043070E-2 -8.1691040E-4
-5.9970860E-2 -7.6515020E-4
-3.0000690E-2 -7.1141850E-4
1.1324880E-6 -6.5631820E-4
1.0017840E-2 -6.3653840E-4
2.0012170E-2 -6.1656730E-4
3.0030730E-2 -5.9605690E-4
3.9982800E-2 -5.7532040E-4
5.0003530E-2 -5.5440990E-4
5.9989930E-2 -5.3274550E-4
7.0021630E-2 -5.1074490E-4
8.0030920E-2 -4.8819320E-4
8.9994430E-2 -4.6549680E-4
1.0001470E-1 -4.4230150E-4
1.0998960E-1 -4.1899030E-4
1.1999890E-1 -3.9473970E-4
1.2997340E-1 -3.7019330E-4
1.4000560E-1 -3.4498000E-4
1.5003730E-1 -3.1977260E-4
1.6001220E-1 -2.9368380E-4
1.7001010E-1 -2.6729340E-4
1.7997360E-1 -2.3959830E-4
1.8998240E-1 -2.1118410E-4
1.9996880E-1 -1.8155230E-4
2.0998950E-1 -1.5088810E-4
2.1995500E-1 -1.1838580E-4
2.2992990E-1 -8.2975300E-5
2.3995070E-1 -4.4357310E-5
2.4984600E-1 -1.5181830E-6
2.5991200E-1 4.6596730E-5
2.6992130E-1 1.0292530E-4
2.7996440E-1 1.7076890E-4
2.8997370E-1 2.5183170E-4
2.9996010E-1 3.5092350E-4
3.0994610E-1 4.7738620E-4
3.1993250E-1 6.3783020E-4
3.2996460E-1 8.4497310E-4
3.3997390E-1 1.1034680E-3
3.4994890E-1 1.4405510E-3
3.5996910E-1 1.8668160E-3
3.6993270E-1 2.4078750E-3
3.7996480E-1 3.0681920E-3
3.8992830E-1 3.8700760E-3
3.9997150E-1 4.8123650E-3
4.0995790E-1 5.9324410E-3
4.1996720E-1 7.2157550E-3
4.3001030E-1 8.6492130E-3
4.3994000E-1 1.0223950E-2
4.4996020E-1 1.1950170E-2
4.5994660E-1 1.3784860E-2
4.7000170E-1 1.5740620E-2
4.7999910E-1 1.7766480E-2
4.8999690E-1 1.9944100E-2
5.0000620E-1 2.2170410E-2
