-9.0019700E-2 -1.8664220E-4
-5.9992790E-2 -1.8506500E-4
-3.0000690E-2 -1.8373120E-4
-7.0929530E-6 -1.8233960E-4
1.0083730E-2 -1.8172490E-4
2.0148660E-2 -1.8094780E-4
3.0018810E-2 -1.8058250E-4
4.0050510E-2 -1.7992140E-4
5.0036910E-2 -1.7935320E-4
6.0000420E-2 -1.7884290E-4
7.0043560E-2 -1.7815860E-4
7.9926970E-2 -1.7739900E-4
9.0106960E-2 -1.7661030E-4
9.9922180E-2 -1.7553180E-4
1.0998820E-1 -1.7473160E-4
1.2002040E-1 -1.7376900E-4
1.2992670E-1 -1.7209320E-4
1.4003800E-1 -1.7048690E-4
1.4996720E-1 -1.6858490E-4
1.6010190E-1 -1.6596960E-4
1.7001960E-1 -1.6291950E-4
1.8001700E-1 -1.5920830E-4
1.8980980E-1 -1.5331090E-4
2.0004650E-1 -1.4664810E-4
2.0985030E-1 -1.3528830E-4
2.1988490E-1 -1.2311110E-4
2.2993950E-1 -1.0649740E-4
2.3993730E-1 -8.3149750E-5
2.4987790E-1 -4.8867250E-5
2.5963640E-1 -4.4197170E-6
2.6982780E-1 5.3153660E-5
2.7992820E-1 1.4678320E-4
2.8995990E-1 2.5550600E-4
2.9993490E-1 4.0949490E-4
3.0996660E-1 5.9418870E-4
3.1985040E-1 8.7911570E-4
3.3000760E-1 1.2475160E-3
3.3998250E-1 1.7000290E-3
3.4994600E-1 2.2593940E-3
3.6004640E-1 2.9802020E-3
3.6994120E-1 3.8493560E-3
3.8000730E-1 4.9573690E-3
3.8997080E-1 6.1064660E-3
3.9991140E-1 7.4664930E-3
4.1000030E-1 8.8543330E-3
4.1991810E-1 1.0675580E-2
4.3004130E-1 1.2428570E-2
4.3994760E-1 1.4418500E-2
4.4997980E-1 1.6501680E-2
4.5998860E-1 1.8880900E-2
4.7000930E-1 2.1057950E-2
4.8001810E-1 2.3448750E-2
4.9006180E-1 2.5706320E-2
5.0000240E-1 2.8407630E-2
5.0997690E-1 3.0995980E-2
