-9.0069770E-2 -1.8357780E-4
-5.9973240E-2 -1.8213960E-4
-3.0161380E-2 -1.8058540E-4
-5.8919190E-5 -1.7898490E-4
1.0209080E-2 -1.7849200E-4
2.0049510E-2 -1.7762800E-4
3.0032160E-2 -1.7729160E-4
3.9984230E-2 -1.7692040E-4
5.0016880E-2 -1.7628260E-4
5.9969430E-2 -1.7570260E-4
6.9978710E-2 -1.7483860E-4
7.9977040E-2 -1.7391660E-4
8.9940550E-2 -1.7289010E-4
1.0007570E-1 -1.7214790E-4
1.0994820E-1 -1.7086630E-4
1.1998080E-1 -1.6975290E-4
1.2997870E-1 -1.6834950E-4
1.3998840E-1 -1.6656340E-4
1.4997480E-1 -1.6402340E-4
1.6000700E-1 -1.6133850E-4
1.7000530E-1 -1.5743570E-4
1.7992350E-1 -1.5312700E-4
1.8994430E-1 -1.4706120E-4
1.9997690E-1 -1.3889020E-4
2.0996330E-1 -1.2804610E-4
2.1986100E-1 -1.1317730E-4
2.3003050E-1 -9.3723200E-5
2.3996020E-1 -7.1009940E-5
2.4985550E-1 -3.4011800E-5
2.5960300E-1 1.1658920E-5
2.6997760E-1 8.4239540E-5
2.7988430E-1 1.6005310E-4
2.8992800E-1 2.8773860E-4
2.9991480E-1 4.4630470E-4
3.1001570E-1 6.9518640E-4
3.1996820E-1 9.6943950E-4
3.3009200E-1 1.3360100E-3
3.3993050E-1 1.8247630E-3
3.4995130E-1 2.5212080E-3
3.5981270E-1 3.2451800E-3
3.6992500E-1 4.1934210E-3
3.7990000E-1 5.1713330E-3
3.9010330E-1 6.5536780E-3
3.9990810E-1 8.0044050E-3
4.1003130E-1 9.8834410E-3
4.1981320E-1 1.1532950E-2
4.3000510E-1 1.3765710E-2
4.3994620E-1 1.5762690E-2
4.5004700E-1 1.8107270E-2
4.5985130E-1 2.0210830E-2
4.7005460E-1 2.2945300E-2
4.8001860E-1 2.5492640E-2
4.9009660E-1 2.8603690E-2
4.9988940E-1 3.1241980E-2
