0.000E+0 3.90720722E-8
1.000E-2 3.90809034E-8
2.000E-2 3.9090167E-8
3.000E-2 3.91000277E-8
4.000E-2 3.91107056E-8
5.000E-2 3.9122511E-8
6.000E-2 3.9135882E-8
7.000E-2 3.91514371E-8
8.000E-2 3.91700506E-8
9.000E-2 3.91929584E-8
1.000E-1 3.9221908E-8
1.100E-1 3.92593721E-8
1.200E-1 3.93088498E-8
1.300E-1 3.9375295E-8
1.400E-1 3.94657237E-8
1.500E-1 3.95900748E-8
1.600E-1 3.9762433E-8
1.700E-1 4.00027626E-8
1.800E-1 4.03393679E-8
1.900E-1 4.08123839E-8
2.000E-1 4.14787258E-8
2.100E-1 4.24191048E-8
2.200E-1 4.37479669E-8
2.300E-1 4.56275566E-8
2.400E-1 4.82877918E-8
2.500E-1 5.20542963E-8
2.600E-1 5.73878275E-8
2.700E-1 6.49395193E-8
2.800E-1 7.56278701E-8
2.900E-1 9.07452526E-8
3.000E-1 1.12103825E-7
3.100E-1 1.42232885E-7
3.200E-1 1.84641677E-7
3.300E-1 2.44163414E-7
3.400E-1 3.27399292E-7
3.500E-1 4.43290516E-7
3.600E-1 6.03873467E-7
3.700E-1 8.25335397E-7
3.800E-1 1.12959474E-6
3.900E-1 1.54675319E-6
