0.000E+0 0
1.000E-2 3.1316785E-13
2.000E-2 7.49313256E-13
3.000E-2 1.35731727E-12
4.000E-2 2.20549778E-12
5.000E-2 3.38934838E-12
6.000E-2 5.04236857E-12
7.000E-2 7.35122779E-12
8.000E-2 1.05770077E-11
9.000E-2 1.50849762E-11
1.000E-1 2.138634E-11
1.100E-1 3.01968255E-11
1.200E-1 4.25189061E-11
1.300E-1 5.97572615E-11
1.400E-1 8.38809467E-11
1.500E-1 1.17651215E-10
1.600E-1 1.64941622E-10
1.700E-1 2.31187824E-10
1.800E-1 3.24019672E-10
1.900E-1 4.54149509E-10
2.000E-1 6.36620554E-10
2.100E-1 8.92561401E-10
2.200E-1 1.25165187E-9
2.300E-1 1.75558867E-9
2.400E-1 2.46295641E-9
2.500E-1 3.45607373E-9
2.600E-1 4.85061547E-9
2.700E-1 6.80913615E-9
2.800E-1 9.56007567E-9
2.900E-1 1.34244676E-8
3.000E-1 1.88534678E-8
3.100E-1 2.6481077E-8
3.200E-1 3.71981923E-8
3.300E-1 5.22565782E-8
3.400E-1 7.34147746E-8
3.500E-1 1.0314271E-7
3.600E-1 1.44908353E-7
3.700E-1 2.03578738E-7
3.800E-1 2.85979855E-7
3.900E-1 4.01676143E-7
4.000E-1 5.64051354E-7
4.100E-1 7.91798567E-7
4.200E-1 1.11095788E-6
4.300E-1 1.55766855E-6
4.400E-1 2.1818219E-6
4.500E-1 3.051782E-6
