0.000E+0 0
1.000E-2 9.52849595E-14
2.000E-2 2.28732106E-13
3.000E-2 4.15735011E-13
4.000E-2 6.78267054E-13
5.000E-2 1.04692456E-12
6.000E-2 1.56431602E-12
7.000E-2 2.28983101E-12
8.000E-2 3.30647159E-12
9.000E-2 4.72948701E-12
1.000E-1 6.71967267E-12
1.100E-1 9.50117965E-12
1.200E-1 1.338757E-11
1.300E-1 1.8818729E-11
1.400E-1 2.64135576E-11
1.500E-1 3.70468401E-11
1.600E-1 5.19600625E-11
1.700E-1 7.29224686E-11
1.800E-1 1.02465072E-10
1.900E-1 1.4422125E-10
2.000E-1 2.03419604E-10
2.100E-1 2.87615543E-10
2.200E-1 4.07726899E-10
2.300E-1 5.79577957E-10
2.400E-1 8.26122866E-10
2.500E-1 1.18071602E-9
2.600E-1 1.69188899E-9
2.700E-1 2.42983559E-9
2.800E-1 3.48490818E-9
2.900E-1 4.98000234E-9
3.000E-1 7.13498491E-9
3.100E-1 1.03569557E-8
3.200E-1 1.5006123E-8
3.300E-1 2.19747445E-8
3.400E-1 3.19116091E-8
3.500E-1 4.64596879E-8
3.600E-1 6.75816347E-8
3.700E-1 9.8552988E-8
3.800E-1 1.43600214E-7
3.900E-1 2.09496075E-7
4.000E-1 3.05535101E-7
4.100E-1 4.45760567E-7
4.200E-1 6.50539372E-7
4.300E-1 9.49634485E-7
4.400E-1 1.3865413E-6
4.500E-1 2.02482528E-6
