-9.0057370E-2 -1.8932890E-4
-5.9972760E-2 -1.8785010E-4
-3.0001640E-2 -1.8642940E-4
-8.0108640E-5 -1.8497380E-4
1.0247860E-2 -1.8464910E-4
2.0190690E-2 -1.8352410E-4
2.9963020E-2 -1.8370970E-4
3.9972780E-2 -1.8322830E-4
4.9947740E-2 -1.8282820E-4
6.0071470E-2 -1.8192350E-4
6.9898130E-2 -1.8120450E-4
8.0078600E-2 -1.8060720E-4
8.9826110E-2 -1.7956910E-4
1.0012010E-1 -1.7912270E-4
1.0986760E-1 -1.7800350E-4
1.2001370E-1 -1.7718570E-4
1.2987470E-1 -1.7564910E-4
1.4000990E-1 -1.7406010E-4
1.5005350E-1 -1.7177530E-4
1.5997170E-1 -1.6904400E-4
1.6999240E-1 -1.6569800E-4
1.7997880E-1 -1.6207930E-4
1.9000010E-1 -1.5600200E-4
1.9997500E-1 -1.4852710E-4
2.0998430E-1 -1.3699290E-4
2.1996210E-1 -1.2396830E-4
2.2996000E-1 -1.0592770E-4
2.3998070E-1 -8.1168110E-5
2.4994470E-1 -4.5062740E-5
2.5992010E-1 2.2418410E-6
2.6989510E-1 6.3345360E-5
2.7992770E-1 1.5921680E-4
2.8988030E-1 2.7992510E-4
2.9991250E-1 4.4652140E-4
3.0997900E-1 6.4983780E-4
3.1993150E-1 9.4919860E-4
3.2996370E-1 1.3665370E-3
3.3992770E-1 1.8451440E-3
3.5003950E-1 2.4870540E-3
3.5996910E-1 3.2281750E-3
3.6995600E-1 4.2040480E-3
3.7992000E-1 5.3779950E-3
3.8991790E-1 6.7275870E-3
3.9989330E-1 8.2562450E-3
4.0994830E-1 9.8679460E-3
4.1995760E-1 1.1912900E-2
4.2998980E-1 1.4018760E-2
4.3993090E-1 1.6147810E-2
4.4997450E-1 1.8583890E-2
4.5996140E-1 2.1191480E-2
4.6999360E-1 2.3842500E-2
4.8002580E-1 2.6608810E-2
4.9000120E-1 2.9260990E-2
4.9999950E-1 3.2372000E-2
