0.000E+0 -37.7597993
1.000E-2 -37.7597503
2.000E-2 -37.7597005
3.000E-2 -37.7596502
4.000E-2 -37.7595993
5.000E-2 -37.7595478
6.000E-2 -37.7594958
7.000E-2 -37.7594431
8.000E-2 -37.7593898
9.000E-2 -37.7593358
1.000E-1 -37.759281
1.100E-1 -37.7592254
1.200E-1 -37.7591689
1.300E-1 -37.7591115
1.400E-1 -37.7590528
1.500E-1 -37.7589928
1.600E-1 -37.7589311
1.700E-1 -37.7588674
1.800E-1 -37.758801
1.900E-1 -37.7587311
2.000E-1 -37.7586566
2.100E-1 -37.7585758
2.200E-1 -37.7584862
2.300E-1 -37.7583843
2.400E-1 -37.758265
2.500E-1 -37.7581208
2.600E-1 -37.7579411
2.700E-1 -37.7577103
2.800E-1 -37.7574059
2.900E-1 -37.756995
3.000E-1 -37.7564303
3.100E-1 -37.7556426
3.200E-1 -37.7545317
3.300E-1 -37.7529523
3.400E-1 -37.7506929
3.500E-1 -37.7474468
3.600E-1 -37.7427689
3.700E-1 -37.736013
3.800E-1 -37.7262419
3.900E-1 -37.7120974
4.000E-1 -37.6916121
4.100E-1 -37.6619407
4.200E-1 -37.6189752
4.300E-1 -37.556799
4.400E-1 -37.4669199
4.500E-1 -37.3372072
4.600E-1 -37.1504457
4.700E-1 -36.882421
4.800E-1 -36.4994616
4.900E-1 -35.9554146
5.000E-1 -35.1878913
5.100E-1 -34.1140231
5.200E-1 -32.6250012
5.300E-1 -30.5790416
5.400E-1 -27.7915888
5.500E-1 -24.021503
5.600E-1 -18.9519059
5.700E-1 -12.1648643
5.800E-1 -3.10834011
5.900E-1 8.94544743
