-8.9938640E-2 -3.8244850E-4
-6.0071950E-2 -2.5615930E-4
-2.9954430E-2 -1.2884960E-4
4.4703480E-5 -2.4185310E-9
9.9834500E-3 4.3345960E-5
1.9880950E-2 8.5176930E-5
3.0030250E-2 1.3005730E-4
3.9993290E-2 1.7411050E-4
5.0002100E-2 2.1867990E-4
5.9988500E-2 2.6323180E-4
6.9997310E-2 3.0801560E-4
8.0006120E-2 3.5301990E-4
8.9980600E-2 3.9907940E-4
1.0001230E-1 4.4578270E-4
1.0998680E-1 4.9354140E-4
1.1998410E-1 5.4163650E-4
1.2999340E-1 5.9097820E-4
1.4000230E-1 6.4171730E-4
1.5001110E-1 6.9500790E-4
1.5998550E-1 7.5056010E-4
1.7000580E-1 8.0930740E-4
1.7999170E-1 8.7103530E-4
1.8998910E-1 9.3754710E-4
1.9997550E-1 1.0098640E-3
2.0998430E-1 1.0913290E-3
2.1996120E-1 1.1807400E-3
2.2993560E-1 1.2823790E-3
2.3997880E-1 1.3996620E-3
2.4993090E-1 1.5367640E-3
2.5993970E-1 1.7002320E-3
2.6997140E-1 1.8956850E-3
2.7995780E-1 2.1312370E-3
2.8996660E-1 2.4180150E-3
2.9994110E-1 2.7757750E-3
3.0998420E-1 3.2205150E-3
3.1995920E-1 3.7774970E-3
3.2995650E-1 4.4637560E-3
3.3996530E-1 5.3171930E-3
3.4996270E-1 6.3730940E-3
3.5997200E-1 7.6864510E-3
3.6994650E-1 9.2842670E-3
3.7997820E-1 1.1212420E-2
3.8996460E-1 1.3516870E-2
3.9996190E-1 1.6236110E-2
4.0997080E-1 1.9352150E-2
4.1995670E-1 2.2889930E-2
4.2998840E-1 2.6869130E-2
4.3996330E-1 3.1323950E-2
