-9.0041160E-2 -3.8250650E-4
-5.9969430E-2 -2.5581140E-4
-2.9977320E-2 -1.2872210E-4
5.7697300E-5 -2.8568370E-9
1.0004670E-2 4.3514710E-5
1.9902170E-2 8.4956580E-5
3.0018810E-2 1.3019660E-4
3.9993290E-2 1.7452820E-4
5.0002100E-2 2.1855810E-4
6.0010910E-2 2.6290700E-4
6.9997310E-2 3.0745330E-4
8.0017570E-2 3.5315330E-4
9.0003490E-2 3.9919560E-4
1.0001230E-1 4.4607860E-4
1.0998680E-1 4.9310080E-4
1.2001850E-1 5.4128840E-4
1.2997060E-1 5.9054910E-4
1.4000230E-1 6.4198420E-4
1.5001110E-1 6.9521670E-4
1.5998550E-1 7.5077480E-4
1.7000580E-1 8.0891330E-4
1.7998030E-1 8.7057730E-4
1.9000050E-1 9.3729790E-4
1.9999840E-1 1.0102410E-3
2.0997290E-1 1.0899980E-3
2.1988150E-1 1.1799890E-3
2.3003860E-1 1.2826120E-3
2.3981950E-1 1.4000700E-3
2.5003340E-1 1.5384460E-3
2.5986000E-1 1.6991910E-3
2.6993700E-1 1.8937740E-3
2.7999160E-1 2.1252710E-3
2.8987550E-1 2.4195800E-3
2.9989580E-1 2.7729960E-3
3.1001850E-1 3.2205750E-3
3.1995920E-1 3.7639380E-3
3.2997940E-1 4.4481140E-3
3.3998820E-1 5.2941330E-3
3.4997420E-1 6.3601150E-3
3.5999490E-1 7.6661150E-3
3.6994650E-1 9.2623080E-3
3.8000110E-1 1.1185780E-2
3.8996460E-1 1.3490810E-2
3.9995050E-1 1.6165440E-2
4.1000510E-1 1.9279750E-2
4.1997960E-1 2.2809420E-2
4.2999980E-1 2.6840760E-2
4.3997480E-1 3.1290930E-2
