0.000E+0 0
1.000E-2 1.09178647E-13
2.000E-2 2.66450778E-13
3.000E-2 4.93198725E-13
4.000E-2 8.20305158E-13
5.000E-2 1.29237192E-12
6.000E-2 1.97381327E-12
7.000E-2 2.95765832E-12
8.000E-2 4.3782714E-12
9.000E-2 6.42974168E-12
1.000E-1 9.39248153E-12
1.100E-1 1.36717192E-11
1.200E-1 1.98532364E-11
1.300E-1 2.87841244E-11
1.400E-1 4.16898502E-11
1.500E-1 6.0344039E-11
1.600E-1 8.73148013E-11
1.700E-1 1.26322209E-10
1.800E-1 1.82757151E-10
1.900E-1 2.64434462E-10
2.000E-1 3.82686059E-10
2.100E-1 5.53947382E-10
2.200E-1 8.02059192E-10
2.300E-1 1.16160606E-9
2.400E-1 1.68275571E-9
2.500E-1 2.43826786E-9
2.600E-1 3.53363259E-9
2.700E-1 5.12170801E-9
2.800E-1 7.42379636E-9
2.900E-1 1.07598679E-8
3.000E-1 1.5591637E-8
3.100E-1 2.25834679E-8
3.200E-1 3.26872038E-8
3.300E-1 4.72581553E-8
3.400E-1 6.82085819E-8
3.500E-1 9.82006119E-8
3.600E-1 1.40867534E-7
3.700E-1 2.01023533E-7
3.800E-1 2.84767725E-7
3.900E-1 3.99303152E-7
4.000E-1 5.52197455E-7
4.100E-1 7.4979077E-7
4.200E-1 9.94690423E-7
4.300E-1 1.28295502E-6
4.400E-1 1.602487E-6
4.500E-1 1.93442885E-6
