0.000E+0 -0.312967923
1.000E-2 -0.312963864
2.000E-2 -0.312959761
3.000E-2 -0.312955606
4.000E-2 -0.31295139
5.000E-2 -0.312947098
6.000E-2 -0.312942712
7.000E-2 -0.312938203
8.000E-2 -0.312933532
9.000E-2 -0.312928642
1.000E-1 -0.312923454
1.100E-1 -0.312917851
1.200E-1 -0.312911667
1.300E-1 -0.312904666
1.400E-1 -0.312896505
1.500E-1 -0.312886693
1.600E-1 -0.312874522
1.700E-1 -0.312858973
1.800E-1 -0.31283858
1.900E-1 -0.312811226
2.000E-1 -0.312773861
2.100E-1 -0.312722086
2.200E-1 -0.312649555
2.300E-1 -0.312547109
2.400E-1 -0.312401532
2.500E-1 -0.312193749
2.600E-1 -0.311896223
2.700E-1 -0.311469204
2.800E-1 -0.310855305
2.900E-1 -0.309971674
3.000E-1 -0.308698696
3.100E-1 -0.306863676
3.200E-1 -0.304217305
3.300E-1 -0.300399699
3.400E-1 -0.294891433
3.500E-1 -0.286942988
3.600E-1 -0.275473202
3.700E-1 -0.258923327
3.800E-1 -0.235047737
3.900E-1 -0.200614759
4.000E-1 -0.150980996
4.100E-1 -0.0794896732
4.200E-1 0.0233714765
