1.7400E-2 6.5000E-8
3.8100E-2 1.5500E-7
5.8200E-2 3.0350E-7
7.8300E-2 5.4230E-7
9.8400E-2 9.3580E-7
1.1860E-1 1.5700E-6
1.3890E-1 2.6380E-6
1.5900E-1 4.3440E-6
1.7920E-1 7.1000E-6
1.9930E-1 1.1473E-5
2.1940E-1 1.8000E-5
2.3960E-1 2.8850E-5
2.5970E-1 4.5190E-5
2.7980E-1 7.0670E-5
2.9990E-1 1.1116E-4
3.1990E-1 1.7600E-4
3.4010E-1 2.8960E-4
3.6030E-1 4.8420E-4
3.8050E-1 8.2590E-4
4.0060E-1 1.4140E-3
4.2090E-1 2.3970E-3
4.4100E-1 3.8900E-3
4.6100E-1 5.9810E-3
4.8100E-1 8.6860E-3
5.0110E-1 1.1970E-2
5.2110E-1 1.5720E-2
5.4130E-1 1.9900E-2
5.6120E-1 2.4360E-2
