5.000E-2 -6.136E-1
5.200E-2 -7.399E-1
5.400E-2 -8.621E-1
5.600E-2 -9.706E-1
5.800E-2 -1.056E+0
6.000E-2 -1.109E+0
6.200E-2 -1.122E+0
6.400E-2 -1.102E+0
6.600E-2 -1.057E+0
6.800E-2 -9.944E-1
7.000E-2 -9.238E-1
7.200E-2 -8.530E-1
7.400E-2 -7.896E-1
7.600E-2 -7.413E-1
7.800E-2 -7.154E-1
8.000E-2 -7.194E-1
8.200E-2 -7.571E-1
8.400E-2 -8.229E-1
8.600E-2 -9.104E-1
8.800E-2 -1.013E+0
9.000E-2 -1.124E+0
9.200E-2 -1.237E+0
9.400E-2 -1.344E+0
9.600E-2 -1.438E+0
9.800E-2 -1.509E+0
1.000E-1 -1.551E+0
1.020E-1 -1.559E+0
1.040E-1 -1.534E+0
1.060E-1 -1.479E+0
1.080E-1 -1.394E+0
1.100E-1 -1.283E+0
1.120E-1 -1.149E+0
1.140E-1 -1.005E+0
1.160E-1 -8.609E-1
1.180E-1 -7.294E-1
1.200E-1 -6.218E-1
1.220E-1 -5.460E-1
1.240E-1 -5.011E-1
1.260E-1 -4.852E-1
1.280E-1 -4.964E-1
1.300E-1 -5.325E-1
1.320E-1 -5.901E-1
1.340E-1 -6.579E-1
1.360E-1 -7.225E-1
1.380E-1 -7.706E-1
1.400E-1 -7.889E-1
1.420E-1 -7.697E-1
1.440E-1 -7.182E-1
1.460E-1 -6.412E-1
1.480E-1 -5.457E-1
1.500E-1 -4.386E-1
1.520E-1 -3.272E-1
1.540E-1 -2.199E-1
1.560E-1 -1.256E-1
1.580E-1 -5.278E-2
1.600E-1 -1.025E-2
1.620E-1 1.630E-4
1.640E-1 -8.246E-3
1.660E-1 -2.014E-2
1.680E-1 -2.018E-2
1.700E-1 6.965E-3
1.720E-1 7.311E-2
1.740E-1 1.823E-1
1.760E-1 3.374E-1
1.780E-1 5.414E-1
1.800E-1 7.972E-1
1.820E-1 1.103E+0
1.840E-1 1.439E+0
1.860E-1 1.786E+0
1.880E-1 2.122E+0
1.900E-1 2.426E+0
1.920E-1 2.680E+0
1.940E-1 2.871E+0
1.960E-1 2.993E+0
1.980E-1 3.036E+0
2.000E-1 2.993E+0
2.020E-1 2.857E+0
2.040E-1 2.640E+0
2.060E-1 2.368E+0
2.080E-1 2.066E+0
2.100E-1 1.762E+0
2.120E-1 1.482E+0
2.140E-1 1.245E+0
2.160E-1 1.068E+0
2.180E-1 9.694E-1
2.200E-1 9.657E-1
2.220E-1 1.064E+0
2.240E-1 1.244E+0
2.260E-1 1.481E+0
2.280E-1 1.752E+0
2.300E-1 2.032E+0
2.320E-1 2.298E+0
2.340E-1 2.536E+0
2.360E-1 2.728E+0
2.380E-1 2.860E+0
2.400E-1 2.916E+0
2.420E-1 2.887E+0
2.440E-1 2.778E+0
2.460E-1 2.594E+0
2.480E-1 2.344E+0
2.500E-1 2.035E+0
2.520E-1 1.674E+0
2.540E-1 1.284E+0
2.560E-1 8.895E-1
2.580E-1 5.149E-1
2.600E-1 1.854E-1
2.620E-1 -8.180E-2
2.640E-1 -2.891E-1
2.660E-1 -4.418E-1
2.680E-1 -5.455E-1
2.700E-1 -6.057E-1
2.720E-1 -6.316E-1
2.740E-1 -6.432E-1
2.760E-1 -6.615E-1
2.780E-1 -7.080E-1
2.800E-1 -8.039E-1
2.820E-1 -9.655E-1
2.840E-1 -1.178E+0
2.860E-1 -1.415E+0
2.880E-1 -1.648E+0
2.900E-1 -1.852E+0
2.920E-1 -2.001E+0
2.940E-1 -2.080E+0
2.960E-1 -2.079E+0
2.980E-1 -1.988E+0
3.000E-1 -1.797E+0
3.020E-1 -1.500E+0
3.040E-1 -1.124E+0
3.060E-1 -7.096E-1
3.080E-1 -2.980E-1
3.100E-1 6.955E-2
3.120E-1 3.529E-1
3.140E-1 5.310E-1
3.160E-1 6.001E-1
3.180E-1 5.564E-1
3.200E-1 3.966E-1
3.220E-1 1.194E-1
3.240E-1 -2.544E-1
3.260E-1 -6.910E-1
3.280E-1 -1.156E+0
3.300E-1 -1.616E+0
3.320E-1 -2.037E+0
3.340E-1 -2.395E+0
3.360E-1 -2.675E+0
3.380E-1 -2.857E+0
3.400E-1 -2.927E+0
3.420E-1 -2.868E+0
3.440E-1 -2.685E+0
3.460E-1 -2.401E+0
3.480E-1 -2.039E+0
3.500E-1 -1.620E+0
3.520E-1 -1.167E+0
3.540E-1 -7.034E-1
3.560E-1 -2.546E-1
3.580E-1 1.553E-1
3.600E-1 5.017E-1
3.620E-1 7.625E-1
3.640E-1 9.353E-1
3.660E-1 1.028E+0
3.680E-1 1.049E+0
3.700E-1 1.005E+0
3.720E-1 9.061E-1
3.740E-1 7.598E-1
3.760E-1 5.762E-1
3.780E-1 3.650E-1
3.800E-1 1.361E-1
3.820E-1 -1.009E-1
3.840E-1 -3.379E-1
3.860E-1 -5.678E-1
3.880E-1 -7.837E-1
3.900E-1 -9.786E-1
3.920E-1 -1.146E+0
3.940E-1 -1.277E+0
3.960E-1 -1.367E+0
3.980E-1 -1.407E+0
4.000E-1 -1.390E+0
4.020E-1 -1.310E+0
4.040E-1 -1.169E+0
4.060E-1 -9.700E-1
4.080E-1 -7.193E-1
4.100E-1 -4.212E-1
4.120E-1 -8.241E-2
4.140E-1 2.803E-1
4.160E-1 6.469E-1
4.180E-1 9.970E-1
4.200E-1 1.310E+0
4.220E-1 1.570E+0
4.240E-1 1.766E+0
4.260E-1 1.888E+0
4.280E-1 1.929E+0
4.300E-1 1.879E+0
4.320E-1 1.738E+0
4.340E-1 1.521E+0
4.360E-1 1.247E+0
4.380E-1 9.341E-1
4.400E-1 6.015E-1
4.420E-1 2.666E-1
4.440E-1 -5.428E-2
4.460E-1 -3.451E-1
4.480E-1 -5.897E-1
4.500E-1 -7.727E-1
4.520E-1 -8.866E-1
4.540E-1 -9.285E-1
4.560E-1 -8.957E-1
4.580E-1 -7.854E-1
4.600E-1 -5.959E-1
4.620E-1 -3.384E-1
4.640E-1 -3.298E-2
4.660E-1 3.001E-1
4.680E-1 6.407E-1
4.700E-1 9.688E-1
4.720E-1 1.266E+0
4.740E-1 1.514E+0
4.760E-1 1.695E+0
4.780E-1 1.792E+0
4.800E-1 1.790E+0
4.820E-1 1.695E+0
4.840E-1 1.519E+0
4.860E-1 1.273E+0
4.880E-1 9.688E-1
4.900E-1 6.176E-1
4.920E-1 2.297E-1
4.940E-1 -1.854E-1
4.960E-1 -6.184E-1
