3.990E-2 2.520E-1
4.910E-2 2.478E-1
5.910E-2 -5.230E-2
6.920E-2 -8.207E-1
7.920E-2 -1.630E+0
8.990E-2 -1.610E+0
9.910E-2 -9.408E-1
1.092E-1 -1.177E+0
1.196E-1 -2.712E+0
1.290E-1 -2.804E+0
1.392E-1 -1.149E+0
1.493E-1 2.125E-1
1.592E-1 1.320E+0
1.692E-1 3.046E+0
1.792E-1 3.714E+0
1.892E-1 1.674E+0
1.990E-1 -2.824E-1
2.092E-1 3.388E-1
2.192E-1 1.896E+0
2.301E-1 3.064E+0
2.392E-1 3.040E+0
2.492E-1 1.854E+0
2.592E-1 5.731E-1
2.688E-1 -4.833E-1
2.789E-1 -1.756E+0
2.893E-1 -2.813E+0
2.991E-1 -2.337E+0
3.091E-1 -1.087E+0
3.198E-1 -5.208E-1
3.294E-1 -3.489E-1
3.398E-1 -6.174E-1
3.499E-1 -1.844E+0
3.599E-1 -2.152E+0
3.700E-1 -1.547E-1
3.805E-1 1.934E+0
3.899E-1 1.702E+0
3.995E-1 9.982E-1
4.098E-1 1.289E+0
4.204E-1 8.134E-1
4.294E-1 -4.370E-1
4.386E-1 -6.963E-1
4.482E-1 -9.926E-2
4.583E-1 -4.960E-1
4.679E-1 -1.575E+0
4.772E-1 -1.111E+0
4.862E-1 4.912E-1
4.971E-1 1.008E+0
