5.000E-2 5.378E-1
5.200E-2 5.993E-1
5.400E-2 6.712E-1
5.600E-2 7.405E-1
5.800E-2 7.940E-1
6.000E-2 8.186E-1
6.200E-2 8.012E-1
6.400E-2 7.285E-1
6.600E-2 5.872E-1
6.800E-2 3.641E-1
7.000E-2 4.591E-2
7.200E-2 -3.754E-1
7.400E-2 -8.864E-1
7.600E-2 -1.469E+0
7.800E-2 -2.103E+0
8.000E-2 -2.772E+0
8.200E-2 -3.452E+0
8.400E-2 -4.111E+0
8.600E-2 -4.709E+0
8.800E-2 -5.208E+0
9.000E-2 -5.572E+0
9.200E-2 -5.768E+0
9.400E-2 -5.799E+0
9.600E-2 -5.686E+0
9.800E-2 -5.449E+0
1.000E-1 -5.111E+0
1.020E-1 -4.693E+0
1.040E-1 -4.223E+0
1.060E-1 -3.732E+0
1.080E-1 -3.250E+0
1.100E-1 -2.807E+0
1.120E-1 -2.426E+0
1.140E-1 -2.104E+0
1.160E-1 -1.831E+0
1.180E-1 -1.593E+0
1.200E-1 -1.381E+0
1.220E-1 -1.184E+0
1.240E-1 -9.994E-1
1.260E-1 -8.272E-1
1.280E-1 -6.665E-1
1.300E-1 -5.165E-1
1.320E-1 -3.768E-1
1.340E-1 -2.483E-1
1.360E-1 -1.318E-1
1.380E-1 -2.829E-2
1.400E-1 6.123E-2
1.420E-1 1.368E-1
1.440E-1 2.017E-1
1.460E-1 2.601E-1
1.480E-1 3.160E-1
1.500E-1 3.735E-1
1.520E-1 4.369E-1
1.540E-1 5.118E-1
1.560E-1 6.039E-1
1.580E-1 7.189E-1
1.600E-1 8.623E-1
1.620E-1 1.039E+0
1.640E-1 1.247E+0
1.660E-1 1.484E+0
1.680E-1 1.747E+0
1.700E-1 2.032E+0
1.720E-1 2.336E+0
1.740E-1 2.644E+0
1.760E-1 2.940E+0
1.780E-1 3.208E+0
1.800E-1 3.431E+0
1.820E-1 3.595E+0
1.840E-1 3.692E+0
1.860E-1 3.715E+0
1.880E-1 3.659E+0
1.900E-1 3.516E+0
1.920E-1 3.284E+0
1.940E-1 2.979E+0
1.960E-1 2.622E+0
1.980E-1 2.231E+0
2.000E-1 1.827E+0
2.020E-1 1.431E+0
2.040E-1 1.066E+0
2.060E-1 7.626E-1
2.080E-1 5.480E-1
2.100E-1 4.514E-1
2.120E-1 4.957E-1
2.140E-1 6.689E-1
2.160E-1 9.448E-1
2.180E-1 1.298E+0
2.200E-1 1.702E+0
2.220E-1 2.130E+0
2.240E-1 2.553E+0
2.260E-1 2.943E+0
2.280E-1 3.268E+0
2.300E-1 3.501E+0
2.320E-1 3.619E+0
2.340E-1 3.625E+0
2.360E-1 3.523E+0
2.380E-1 3.321E+0
2.400E-1 3.024E+0
2.420E-1 2.641E+0
2.440E-1 2.191E+0
2.460E-1 1.697E+0
2.480E-1 1.181E+0
2.500E-1 6.655E-1
2.520E-1 1.712E-1
2.540E-1 -2.841E-1
2.560E-1 -6.837E-1
2.580E-1 -1.011E+0
2.600E-1 -1.250E+0
2.620E-1 -1.386E+0
2.640E-1 -1.426E+0
2.660E-1 -1.383E+0
2.680E-1 -1.267E+0
2.700E-1 -1.092E+0
2.720E-1 -8.700E-1
2.740E-1 -6.209E-1
2.760E-1 -3.650E-1
2.780E-1 -1.231E-1
2.800E-1 8.439E-2
2.820E-1 2.389E-1
2.840E-1 3.341E-1
2.860E-1 3.674E-1
2.880E-1 3.363E-1
2.900E-1 2.384E-1
2.920E-1 7.604E-2
2.940E-1 -1.319E-1
2.960E-1 -3.631E-1
2.980E-1 -5.950E-1
3.000E-1 -8.053E-1
3.020E-1 -9.757E-1
3.040E-1 -1.108E+0
3.060E-1 -1.211E+0
3.080E-1 -1.292E+0
3.100E-1 -1.359E+0
3.120E-1 -1.418E+0
3.140E-1 -1.473E+0
3.160E-1 -1.527E+0
3.180E-1 -1.579E+0
3.200E-1 -1.632E+0
3.220E-1 -1.688E+0
3.240E-1 -1.749E+0
3.260E-1 -1.815E+0
3.280E-1 -1.890E+0
3.300E-1 -1.973E+0
3.320E-1 -2.067E+0
3.340E-1 -2.162E+0
3.360E-1 -2.248E+0
3.380E-1 -2.315E+0
3.400E-1 -2.352E+0
3.420E-1 -2.351E+0
3.440E-1 -2.311E+0
3.460E-1 -2.240E+0
3.480E-1 -2.139E+0
3.500E-1 -2.016E+0
3.520E-1 -1.873E+0
3.540E-1 -1.715E+0
3.560E-1 -1.545E+0
3.580E-1 -1.367E+0
3.600E-1 -1.184E+0
3.620E-1 -9.989E-1
3.640E-1 -8.168E-1
3.660E-1 -6.417E-1
3.680E-1 -4.782E-1
3.700E-1 -3.305E-1
3.720E-1 -2.031E-1
3.740E-1 -9.634E-2
3.760E-1 -4.878E-3
3.780E-1 7.713E-2
3.800E-1 1.555E-1
3.820E-1 2.354E-1
3.840E-1 3.166E-1
3.860E-1 3.965E-1
3.880E-1 4.723E-1
3.900E-1 5.415E-1
3.920E-1 6.014E-1
3.940E-1 6.499E-1
3.960E-1 6.847E-1
3.980E-1 7.039E-1
4.000E-1 7.053E-1
4.020E-1 6.879E-1
4.040E-1 6.569E-1
4.060E-1 6.201E-1
4.080E-1 5.852E-1
4.100E-1 5.600E-1
4.120E-1 5.517E-1
4.140E-1 5.635E-1
4.160E-1 5.971E-1
4.180E-1 6.543E-1
4.200E-1 7.368E-1
4.220E-1 8.446E-1
4.240E-1 9.694E-1
4.260E-1 1.101E+0
4.280E-1 1.228E+0
4.300E-1 1.340E+0
4.320E-1 1.428E+0
4.340E-1 1.482E+0
4.360E-1 1.497E+0
4.380E-1 1.464E+0
4.400E-1 1.375E+0
4.420E-1 1.229E+0
4.440E-1 1.032E+0
4.460E-1 7.926E-1
4.480E-1 5.189E-1
4.500E-1 2.193E-1
4.520E-1 -9.365E-2
4.540E-1 -4.032E-1
4.560E-1 -6.924E-1
4.580E-1 -9.443E-1
4.600E-1 -1.142E+0
4.620E-1 -1.276E+0
4.640E-1 -1.337E+0
4.660E-1 -1.320E+0
4.680E-1 -1.217E+0
4.700E-1 -1.023E+0
4.720E-1 -7.590E-1
4.740E-1 -4.529E-1
4.760E-1 -1.345E-1
4.780E-1 1.669E-1
4.800E-1 4.252E-1
4.820E-1 6.274E-1
4.840E-1 7.636E-1
4.860E-1 8.241E-1
4.880E-1 7.993E-1
4.900E-1 6.908E-1
4.920E-1 5.145E-1
4.940E-1 2.874E-1
4.960E-1 2.646E-2
