9.995E-4 -1.615E-4
1.065E-2 -1.606E-4
2.063E-2 -1.596E-4
3.033E-2 -1.586E-4
4.030E-2 -1.577E-4
5.023E-2 -1.565E-4
6.108E-2 -1.553E-4
7.089E-2 -1.542E-4
8.063E-2 -1.530E-4
9.054E-2 -1.518E-4
1.005E-1 -1.505E-4
1.114E-1 -1.491E-4
1.214E-1 -1.476E-4
1.313E-1 -1.458E-4
1.411E-1 -1.443E-4
1.509E-1 -1.425E-4
1.619E-1 -1.404E-4
1.718E-1 -1.383E-4
1.816E-1 -1.363E-4
1.914E-1 -1.337E-4
2.013E-1 -1.312E-4
2.111E-1 -1.284E-4
2.223E-1 -1.251E-4
2.321E-1 -1.217E-4
2.418E-1 -1.183E-4
2.518E-1 -1.139E-4
2.614E-1 -1.098E-4
2.725E-1 -1.048E-4
2.825E-1 -9.986E-5
2.922E-1 -9.468E-5
3.020E-1 -8.899E-5
3.121E-1 -8.270E-5
3.229E-1 -7.627E-5
3.329E-1 -6.852E-5
3.425E-1 -6.117E-5
3.524E-1 -5.393E-5
3.624E-1 -4.553E-5
3.735E-1 -3.587E-5
3.834E-1 -2.686E-5
3.931E-1 -1.746E-5
4.027E-1 -7.445E-6
4.224E-1 1.414E-5
4.435E-1 3.773E-5
4.632E-1 6.485E-5
4.840E-1 9.402E-5
5.036E-1 1.241E-4
5.543E-1 2.098E-4
6.045E-1 3.071E-4
6.552E-1 4.086E-4
7.055E-1 5.115E-4
7.556E-1 6.123E-4
8.062E-1 7.083E-4
8.567E-1 8.018E-4
9.071E-1 8.904E-4
9.572E-1 9.778E-4
1.006E+0 1.058E-3
