0.000E+0 -27.9009912
1.000E-2 -27.900295
2.000E-2 -27.8995953
3.000E-2 -27.8988921
4.000E-2 -27.8981853
5.000E-2 -27.8974747
6.000E-2 -27.8967603
7.000E-2 -27.896042
8.000E-2 -27.8953197
9.000E-2 -27.8945932
1.000E-1 -27.8938625
1.100E-1 -27.8931014
1.200E-1 -27.8923618
1.300E-1 -27.8916176
1.400E-1 -27.8908686
1.500E-1 -27.8901146
1.600E-1 -27.8893554
1.700E-1 -27.8885907
1.800E-1 -27.8878203
1.900E-1 -27.8870436
2.000E-1 -27.88626
2.100E-1 -27.8854689
2.200E-1 -27.8846415
2.300E-1 -27.8838316
2.400E-1 -27.8830096
2.500E-1 -27.8821725
2.600E-1 -27.881316
2.700E-1 -27.8804341
2.800E-1 -27.879518
2.900E-1 -27.8785546
3.000E-1 -27.8775252
3.100E-1 -27.8764023
3.200E-1 -27.8751456
3.300E-1 -27.8736961
3.400E-1 -27.871967
3.500E-1 -27.8698314
3.600E-1 -27.8671026
3.700E-1 -27.8635066
3.800E-1 -27.8586407
3.900E-1 -27.851913
4.000E-1 -27.8424539
4.100E-1 -27.828985
4.200E-1 -27.8096267
4.300E-1 -27.7816161
4.400E-1 -27.7408907
4.500E-1 -27.6814777
4.600E-1 -27.5945959
4.700E-1 -27.467336
4.800E-1 -27.280723
4.900E-1 -27.006872
5.000E-1 -26.6048198
5.100E-1 -26.0144234
5.200E-1 -25.1474525
5.300E-1 -23.8746279
5.400E-1 -22.0068615
5.500E-1 -19.2683093
5.600E-1 -15.2580797
5.700E-1 -9.39681709
5.800E-1 -0.853805722
5.900E-1 11.5485301
