2.565E-5 -2.591E-4
8.599E-3 -2.561E-4
1.831E-2 -2.533E-4
2.782E-2 -2.501E-4
3.810E-2 -2.471E-4
4.749E-2 -2.433E-4
5.843E-2 -2.396E-4
6.817E-2 -2.358E-4
7.796E-2 -2.311E-4
8.738E-2 -2.271E-4
9.732E-2 -2.220E-4
1.085E-1 -2.166E-4
1.181E-1 -2.108E-4
1.278E-1 -2.057E-4
1.377E-1 -1.991E-4
1.472E-1 -1.933E-4
1.583E-1 -1.856E-4
1.680E-1 -1.796E-4
1.779E-1 -1.722E-4
1.877E-1 -1.647E-4
1.975E-1 -1.574E-4
2.070E-1 -1.497E-4
2.179E-1 -1.402E-4
2.281E-1 -1.325E-4
2.375E-1 -1.232E-4
2.472E-1 -1.155E-4
2.572E-1 -1.062E-4
2.683E-1 -9.698E-5
2.778E-1 -8.669E-5
2.875E-1 -7.812E-5
2.973E-1 -6.893E-5
3.072E-1 -5.990E-5
3.182E-1 -4.892E-5
3.279E-1 -3.938E-5
3.375E-1 -2.855E-5
3.474E-1 -1.982E-5
3.570E-1 -1.028E-5
3.680E-1 2.308E-6
3.776E-1 1.159E-5
3.876E-1 2.248E-5
3.973E-1 3.226E-5
4.166E-1 5.418E-5
4.374E-1 7.556E-5
4.569E-1 9.828E-5
4.776E-1 1.205E-4
4.972E-1 1.413E-4
5.471E-1 1.992E-4
5.973E-1 2.568E-4
6.472E-1 3.165E-4
6.975E-1 3.756E-4
7.470E-1 4.372E-4
7.970E-1 4.971E-4
8.471E-1 5.584E-4
8.970E-1 6.211E-4
9.468E-1 6.851E-4
9.955E-1 7.455E-4
