-1.2000E-3 -1.3230E-4
1.9100E-2 -1.3210E-4
3.8900E-2 -1.3190E-4
5.9500E-2 -1.3190E-4
7.9300E-2 -1.3190E-4
1.0000E-1 -1.3180E-4
1.2000E-1 -1.3180E-4
1.4010E-1 -1.3180E-4
1.6040E-1 -1.3180E-4
1.8050E-1 -1.3160E-4
2.0100E-1 -1.3160E-4
2.2100E-1 -1.3120E-4
2.4130E-1 -1.3060E-4
2.6130E-1 -1.2970E-4
2.8150E-1 -1.2780E-4
3.0160E-1 -1.2380E-4
3.2170E-1 -1.1530E-4
3.4180E-1 -9.8060E-5
3.6200E-1 -6.1190E-5
3.8180E-1 1.4000E-5
4.0250E-1 1.7500E-4
4.2290E-1 5.0890E-4
4.4270E-1 1.1743E-3
4.6290E-1 2.4300E-3
4.8300E-1 4.7010E-3
5.0330E-1 8.4050E-3
5.2360E-1 1.3930E-2
5.4390E-1 2.1400E-2
