0.000E+0 0
1.000E-2 1.8648851E-12
2.000E-2 4.50006532E-12
3.000E-2 8.22839452E-12
4.000E-2 1.35064192E-11
5.000E-2 2.09819362E-11
6.000E-2 3.15710014E-11
7.000E-2 4.6568376E-11
8.000E-2 6.78058337E-11
9.000E-2 9.78738583E-11
1.000E-1 1.40437486E-10
1.100E-1 2.00685484E-10
1.200E-1 2.85970928E-10
1.300E-1 4.0672686E-10
1.400E-1 5.77778049E-10
1.500E-1 8.20223727E-10
1.600E-1 1.16414389E-9
1.700E-1 1.65248444E-9
1.800E-1 2.34669716E-9
1.900E-1 3.334778E-9
2.000E-1 4.74293821E-9
2.100E-1 6.75238691E-9
2.200E-1 9.62353706E-9
2.300E-1 1.37309115E-8
2.400E-1 1.96134875E-8
2.500E-1 2.80473173E-8
2.600E-1 4.01502964E-8
2.700E-1 5.75333267E-8
2.800E-1 8.25184382E-8
2.900E-1 1.18453548E-7
3.000E-1 1.70166683E-7
3.100E-1 2.44621447E-7
3.200E-1 3.51862845E-7
3.300E-1 5.06381891E-7
3.400E-1 7.29021992E-7
3.500E-1 1.0501269E-6
3.600E-1 1.51301399E-6
3.700E-1 2.18048279E-6
3.800E-1 3.14298386E-6
3.900E-1 4.53085533E-6
4.000E-1 6.53118789E-6
4.100E-1 9.41571499E-6
4.200E-1 1.35703783E-5
4.300E-1 1.95514371E-5
4.400E-1 2.81526643E-5
4.500E-1 4.05034472E-5
