-9.0067860E-2 -4.1639940E-6
-5.9892180E-2 -2.8339440E-6
-2.9943940E-2 -1.4318740E-6
1.4364720E-4 5.4532730E-10
1.0046360E-2 4.6209420E-7
1.9916090E-2 9.4699480E-7
2.9985900E-2 1.4254640E-6
4.0018080E-2 1.9973650E-6
4.9970630E-2 2.5142360E-6
6.0116770E-2 3.1590440E-6
7.0034980E-2 3.7334790E-6
8.0044270E-2 4.4051670E-6
8.9973930E-2 5.0440780E-6
9.9948880E-2 5.8516230E-6
1.0992380E-1 6.7486220E-6
1.1991070E-1 7.8678260E-6
1.3006780E-1 9.1162960E-6
1.3997460E-1 1.0562710E-5
1.4997290E-1 1.2689210E-5
1.5997080E-1 1.5045940E-5
1.7003680E-1 1.8195390E-5
1.8006900E-1 2.2084800E-5
1.9004440E-1 2.7516160E-5
1.9996210E-1 3.4807280E-5
2.1001720E-1 4.4663890E-5
2.1996070E-1 5.8082240E-5
2.2987890E-1 7.3367890E-5
2.3989960E-1 9.8764130E-5
2.5000000E-1 1.3292250E-4
2.5996400E-1 1.7770290E-4
2.6990510E-1 2.3189490E-4
2.8011940E-1 3.1980850E-4
2.8998090E-1 4.3042540E-4
2.9997870E-1 6.0599740E-4
3.1001090E-1 7.9934930E-4
3.2004310E-1 1.0632200E-3
3.3001800E-1 1.4208830E-3
3.3994770E-1 1.9343720E-3
3.5003710E-1 2.5010020E-3
3.5994390E-1 3.2374210E-3
3.6988500E-1 4.0301100E-3
3.7992860E-1 5.1718260E-3
3.8992640E-1 6.4064950E-3
4.0002680E-1 8.0330170E-3
4.0997930E-1 9.5299630E-3
4.1984080E-1 1.1440630E-2
4.3008950E-1 1.3260300E-2
4.3985940E-1 1.5381220E-2
4.5006280E-1 1.7307490E-2
4.5992370E-1 1.9865210E-2
4.6997880E-1 2.2290270E-2
4.7994280E-1 2.5205450E-2
4.9003170E-1 2.7681500E-2
5.0004100E-1 3.0486020E-2
