-9.0168000E-2 -1.9412850E-4
-5.9833530E-2 -1.9248160E-4
-3.0000690E-2 -1.9112470E-4
-9.8973510E-5 -1.8969820E-4
1.0354670E-2 -1.8925740E-4
2.0161630E-2 -1.8805720E-4
3.0018810E-2 -1.8821370E-4
3.9993760E-2 -1.8776140E-4
5.0002570E-2 -1.8729750E-4
5.9954640E-2 -1.8668860E-4
6.9997790E-2 -1.8601010E-4
8.0052380E-2 -1.8541880E-4
9.0015890E-2 -1.8453140E-4
9.9956510E-2 -1.8377180E-4
1.0997680E-1 -1.8272810E-4
1.1998610E-1 -1.8191050E-4
1.3002920E-1 -1.8051870E-4
1.4001510E-1 -1.7931840E-4
1.5000150E-1 -1.7741070E-4
1.6009040E-1 -1.7530560E-4
1.7014500E-1 -1.7220910E-4
1.7999460E-1 -1.6802250E-4
1.9003770E-1 -1.6222370E-4
1.9998980E-1 -1.5565950E-4
2.1002150E-1 -1.4598130E-4
2.1994210E-1 -1.3394300E-4
2.2993950E-1 -1.1726590E-4
2.3998310E-1 -9.4036400E-5
2.5001480E-1 -5.8933380E-5
2.5993250E-1 -1.8218280E-5
2.6996470E-1 4.0740090E-5
2.7996210E-1 1.1847890E-4
2.8999420E-1 2.3637570E-4
2.9984330E-1 3.7470160E-4
3.0995510E-1 5.6863880E-4
3.1990720E-1 7.9590200E-4
3.2996180E-1 1.1476730E-3
3.3998250E-1 1.5722530E-3
3.4997990E-1 2.0957510E-3
3.5995480E-1 2.6944630E-3
3.6987300E-1 3.4750160E-3
3.7997290E-1 4.3712890E-3
3.8997080E-1 5.4854430E-3
3.9998010E-1 6.5702780E-3
4.0998890E-1 7.8516120E-3
4.1991810E-1 9.0774890E-3
4.3001840E-1 1.0711510E-2
4.3993620E-1 1.2172520E-2
4.4992260E-1 1.3917400E-2
4.5995430E-1 1.5662280E-2
4.7002080E-1 1.7661470E-2
4.7988130E-1 1.9434740E-2
4.8997020E-1 2.1394540E-2
5.0000240E-1 2.3168950E-2
5.0992010E-1 2.5340780E-2
5.1999760E-1 2.7389790E-2
5.3006360E-1 2.9743520E-2
5.3996990E-1 3.1790230E-2
