-9.0067390E-2 -2.0186890E-4
-5.9983250E-2 -2.0041340E-4
-3.0024050E-2 -1.9884190E-4
-4.2438510E-5 -1.9724140E-4
1.0330170E-2 -1.9705590E-4
2.0131500E-2 -1.9579170E-4
3.0008320E-2 -1.9564080E-4
4.0006640E-2 -1.9509000E-4
4.9993040E-2 -1.9453910E-4
5.9979440E-2 -1.9386640E-4
7.0011140E-2 -1.9281680E-4
8.0020430E-2 -1.9206290E-4
8.9995860E-2 -1.9126270E-4
9.9982260E-2 -1.9041610E-4
1.0996870E-1 -1.8925050E-4
1.1997800E-1 -1.8821830E-4
1.2997580E-1 -1.8661780E-4
1.3999650E-1 -1.8502890E-4
1.5002820E-1 -1.8281960E-4
1.5998080E-1 -1.8019260E-4
1.7002390E-1 -1.7682930E-4
1.7998790E-1 -1.7270620E-4
1.9001960E-1 -1.6677390E-4
1.9997220E-1 -1.5971090E-4
2.1001530E-1 -1.5023550E-4
2.1999260E-1 -1.3752420E-4
2.2993370E-1 -1.2041160E-4
2.3987480E-1 -9.6834960E-5
2.5005480E-1 -6.1750790E-5
2.5996160E-1 -2.0477990E-5
2.7015350E-1 3.9194510E-5
2.7996870E-1 1.1727590E-4
2.8997800E-1 2.3826630E-4
2.9996490E-1 3.7827160E-4
3.0996270E-1 5.7877200E-4
3.1985810E-1 8.1531330E-4
3.2995840E-1 1.2042600E-3
3.3991100E-1 1.6455970E-3
3.4995410E-1 2.2186540E-3
3.5995240E-1 2.8718520E-3
3.6995030E-1 3.7924870E-3
3.7999340E-1 4.8407800E-3
3.8996890E-1 6.1942920E-3
3.9994380E-1 7.5126290E-3
4.0995310E-1 9.1093500E-3
4.1993950E-1 1.0848490E-2
4.3000600E-1 1.2742880E-2
4.3995860E-1 1.4603660E-2
4.4994500E-1 1.6906460E-2
4.5995430E-1 1.9200000E-2
4.7000930E-1 2.1850970E-2
4.7997280E-1 2.4192020E-2
4.9000500E-1 2.6826780E-2
5.0010540E-1 2.9230390E-2
5.0989820E-1 3.2118890E-2
