-9.0077400E-2 -2.0060150E-4
-5.9982300E-2 -1.9916930E-4
-3.0114650E-2 -1.9746440E-4
-6.6012140E-5 -1.9626400E-4
1.0300550E-2 -1.9611910E-4
2.0085220E-2 -1.9501150E-4
2.9984950E-2 -1.9472150E-4
3.9948460E-2 -1.9401410E-4
5.0014500E-2 -1.9338200E-4
5.9978010E-2 -1.9292390E-4
7.0009710E-2 -1.9230340E-4
8.0007550E-2 -1.9162500E-4
9.0142250E-2 -1.9103930E-4
1.0002570E-1 -1.9039560E-4
1.1001210E-1 -1.8927650E-4
1.2002130E-1 -1.8820950E-4
1.2999580E-1 -1.8678870E-4
1.4002800E-1 -1.8545510E-4
1.5002540E-1 -1.8371540E-4
1.6000030E-1 -1.8133790E-4
1.7010070E-1 -1.7828190E-4
1.8004130E-1 -1.7458810E-4
1.8998190E-1 -1.6965330E-4
1.9996830E-1 -1.6292090E-4
2.1000050E-1 -1.5388640E-4
2.2002360E-1 -1.4022440E-4
2.2996430E-1 -1.2456770E-4
2.3997350E-1 -1.0144780E-4
2.5010780E-1 -7.0889350E-5
2.5990060E-1 -3.3011280E-5
2.6989840E-1 2.4586480E-5
2.7945140E-1 9.8275790E-5
2.8996230E-1 2.1195270E-4
2.9990290E-1 3.3828200E-4
3.1002620E-1 5.3582760E-4
3.1986430E-1 7.8079080E-4
3.2996460E-1 1.1274000E-3
3.3996250E-1 1.5113630E-3
3.4993740E-1 2.0787880E-3
3.6000350E-1 2.7418290E-3
3.7003560E-1 3.6452950E-3
3.8001060E-1 4.5529320E-3
3.8996270E-1 5.6939270E-3
3.9989190E-1 6.8244900E-3
4.0992400E-1 8.3231390E-3
4.1987610E-1 9.8453150E-3
4.3001080E-1 1.1581720E-2
4.3994000E-1 1.3378170E-2
4.4988060E-1 1.5505420E-2
4.5996950E-1 1.7409610E-2
4.7000170E-1 1.9563500E-2
4.7997670E-1 2.1519840E-2
4.8998550E-1 2.3925160E-2
5.0001760E-1 2.6196640E-2
5.1003840E-1 2.8824990E-2
5.2008150E-1 3.1182200E-2
