-9.0066910E-2 -2.0089870E-4
-5.9993740E-2 -1.9985500E-4
-3.0126570E-2 -1.9837040E-4
-8.1300740E-5 -1.9671200E-4
1.0293570E-2 -1.9630020E-4
2.0295050E-2 -1.9556960E-4
2.9973980E-2 -1.9523910E-4
3.9960380E-2 -1.9480420E-4
5.0026420E-2 -1.9431700E-4
5.9955600E-2 -1.9343560E-4
6.9862370E-2 -1.9272230E-4
8.0030920E-2 -1.9218890E-4
8.9972020E-2 -1.9155090E-4
9.9992280E-2 -1.9086090E-4
1.0996720E-1 -1.9006070E-4
1.2002230E-1 -1.8887190E-4
1.2987180E-1 -1.8763670E-4
1.3999510E-1 -1.8619860E-4
1.4999250E-1 -1.8418060E-4
1.6009280E-1 -1.8188430E-4
1.6999960E-1 -1.7893270E-4
1.8003180E-1 -1.7504160E-4
1.8991520E-1 -1.7000250E-4
1.9995880E-1 -1.6371070E-4
2.0997910E-1 -1.5453690E-4
2.1996830E-1 -1.4275940E-4
2.2995470E-1 -1.2414510E-4
2.3994110E-1 -1.0257910E-4
2.4992750E-1 -7.2183650E-5
2.6019910E-1 -2.9982210E-5
2.6990030E-1 2.1530070E-5
2.7984140E-1 9.8593790E-5
2.9004430E-1 2.0929850E-4
2.9998540E-1 3.5494500E-4
3.0991460E-1 5.2353810E-4
3.1991240E-1 7.8615550E-4
3.2999040E-1 1.1300170E-3
3.3997680E-1 1.5576760E-3
3.5003140E-1 2.0395160E-3
3.5994960E-1 2.7427790E-3
3.6991310E-1 3.5375390E-3
3.8005920E-1 4.6145690E-3
3.8997700E-1 5.6696930E-3
3.9999770E-1 6.9747470E-3
4.0996120E-1 8.2510020E-3
4.1993670E-1 9.8725150E-3
4.2996840E-1 1.1469420E-2
4.3990950E-1 1.3383480E-2
4.4996400E-1 1.5264530E-2
4.5999620E-1 1.7517490E-2
4.7001700E-1 1.9514410E-2
4.8000340E-1 2.1758110E-2
4.9000120E-1 2.3818150E-2
4.9997620E-1 2.6244340E-2
5.0996260E-1 2.8608530E-2
5.2001760E-1 3.1202140E-2
