0.000E+0 0
1.000E-2 1.04256667E-11
2.000E-2 2.50891478E-11
3.000E-2 4.57226519E-11
4.000E-2 7.47663817E-11
5.000E-2 1.15657955E-10
6.000E-2 1.73240245E-10
7.000E-2 2.54336211E-10
8.000E-2 3.68559247E-10
9.000E-2 5.29455831E-10
1.000E-1 7.56117147E-10
1.100E-1 1.07545269E-9
1.200E-1 1.52539854E-9
1.300E-1 2.15944541E-9
1.400E-1 3.05303025E-9
1.500E-1 4.31255913E-9
1.600E-1 6.0881447E-9
1.700E-1 8.59158613E-9
1.800E-1 1.21217447E-8
1.900E-1 1.71003467E-8
2.000E-1 2.41224772E-8
2.100E-1 3.40277454E-8
2.200E-1 4.80004945E-8
2.300E-1 6.7710724E-8
2.400E-1 9.55118957E-8
2.500E-1 1.34717843E-7
2.600E-1 1.89988944E-7
2.700E-1 2.67867723E-7
2.800E-1 3.77515848E-7
2.900E-1 5.31716597E-7
3.000E-1 7.48215316E-7
3.100E-1 1.05146602E-6
3.200E-1 1.47481659E-6
3.300E-1 2.0630628E-6
3.400E-1 2.87510529E-6
3.500E-1 3.98579025E-6
3.600E-1 5.48588622E-6
3.700E-1 7.47709457E-6
3.800E-1 1.00588537E-5
3.900E-1 1.33033887E-5
4.000E-1 1.7219132E-5
4.100E-1 2.17125037E-5
4.200E-1 2.65733882E-5
4.300E-1 3.151165E-5
4.400E-1 3.62450498E-5
4.500E-1 4.05921745E-5
