0.000E+0 0
1.000E-2 3.79227116E-11
2.000E-2 9.10399568E-11
3.000E-2 1.65502695E-10
4.000E-2 2.69950978E-10
5.000E-2 4.16521291E-10
6.000E-2 6.2226225E-10
7.000E-2 9.11124889E-10
8.000E-2 1.31676201E-9
9.000E-2 1.88646711E-9
1.000E-1 2.68671999E-9
1.100E-1 3.81099797E-9
1.200E-1 5.39078406E-9
1.300E-1 7.61108717E-9
1.400E-1 1.07323314E-8
1.500E-1 1.5121237E-8
1.600E-1 2.1294393E-8
1.700E-1 2.99797425E-8
1.800E-1 4.2203342E-8
1.900E-1 5.94117665E-8
2.000E-1 8.36447651E-8
2.100E-1 1.17778703E-7
2.200E-1 1.65869616E-7
2.300E-1 2.33634502E-7
2.400E-1 3.29136748E-7
2.500E-1 4.63731791E-7
2.600E-1 6.53408108E-7
2.700E-1 9.20651209E-7
2.800E-1 1.29703488E-6
2.900E-1 1.82679667E-6
3.000E-1 2.57172363E-6
3.100E-1 3.61773564E-6
3.200E-1 5.08357922E-6
3.300E-1 7.13197473E-6
3.400E-1 9.98335269E-6
3.500E-1 1.39313931E-5
3.600E-1 1.93592497E-5
3.700E-1 2.67525675E-5
3.800E-1 3.67041564E-5
3.900E-1 4.99029055E-5
4.000E-1 6.70979042E-5
4.100E-1 8.90252709E-5
4.200E-1 0.00011627187
4.300E-1 0.000149006123
4.400E-1 0.000186472114
4.500E-1 0.00022628516
