-9.0057850E-2 -1.6072240E-4
-5.9972760E-2 -1.5955690E-4
-3.0013080E-2 -1.5814190E-4
1.3893840E-4 -1.5658780E-4
9.9003910E-3 -1.5567150E-4
1.9885630E-2 -1.5535830E-4
3.0031680E-2 -1.5524820E-4
4.0006640E-2 -1.5448280E-4
5.0015930E-2 -1.5396080E-4
6.0014250E-2 -1.5347950E-4
7.0000650E-2 -1.5271410E-4
7.9987530E-2 -1.5201230E-4
9.0008260E-2 -1.5144410E-4
1.0004040E-1 -1.5052780E-4
1.1000440E-1 -1.4950720E-4
1.2002520E-1 -1.4826620E-4
1.3001160E-1 -1.4656130E-4
1.4002080E-1 -1.4462450E-4
1.4999630E-1 -1.4227000E-4
1.5996030E-1 -1.3892400E-4
1.7004920E-1 -1.3494580E-4
1.7999030E-1 -1.2964570E-4
1.9007970E-1 -1.2324940E-4
1.9996360E-1 -1.1286330E-4
2.1005300E-1 -9.9420580E-5
2.1991680E-1 -8.1181450E-5
2.2992610E-1 -5.5728330E-5
2.3994680E-1 -2.1972740E-5
2.5004770E-1 2.2192850E-5
2.5998880E-1 8.3665900E-5
2.6994130E-1 1.7735060E-4
2.7998500E-1 2.8775960E-4
2.9008580E-1 4.4261290E-4
3.0003830E-1 6.3180250E-4
3.0996800E-1 8.9653700E-4
3.1992010E-1 1.2425840E-3
3.2996420E-1 1.6754680E-3
3.3992770E-1 2.1270120E-3
3.4993740E-1 2.7718210E-3
3.5992380E-1 3.4745760E-3
3.6985350E-1 4.3834620E-3
3.7988620E-1 5.2903760E-3
3.9000940E-1 6.3331240E-3
3.9995050E-1 7.4131920E-3
4.0994880E-1 8.6529700E-3
4.1986700E-1 9.9773540E-3
4.2996740E-1 1.1334140E-2
4.3994280E-1 1.2750030E-2
4.4988390E-1 1.4400540E-2
4.5996190E-1 1.5925910E-2
4.7000550E-1 1.7549200E-2
4.8001480E-1 1.9175980E-2
4.9006990E-1 2.0898910E-2
5.0002240E-1 2.2742350E-2
5.0998640E-1 2.4508150E-2
5.1996180E-1 2.6335940E-2
5.2997110E-1 2.8035700E-2
5.4006050E-1 3.0039610E-2
