0.000E+0 0
1.000E-2 2.85101192E-14
2.000E-2 6.76711817E-14
3.000E-2 1.21674437E-13
4.000E-2 1.96305716E-13
5.000E-2 2.99420664E-13
6.000E-2 4.41748458E-13
7.000E-2 6.37782326E-13
8.000E-2 9.07048139E-13
9.000E-2 1.27564793E-12
1.000E-1 1.77826846E-12
1.100E-1 2.46099234E-12
1.200E-1 3.38479198E-12
1.300E-1 4.63031031E-12
1.400E-1 6.30441461E-12
1.500E-1 8.54933608E-12
1.600E-1 1.15556031E-11
1.700E-1 1.55804526E-11
1.800E-1 2.09744312E-11
1.900E-1 2.82198849E-11
2.000E-1 3.7986663E-11
2.100E-1 5.12131176E-11
2.200E-1 6.92239648E-11
2.300E-1 9.39021305E-11
2.400E-1 1.27939786E-10
2.500E-1 1.75205753E-10
2.600E-1 2.41284162E-10
2.700E-1 3.342654E-10
2.800E-1 4.65909063E-10
2.900E-1 6.53355808E-10
3.000E-1 9.21649576E-10
3.100E-1 1.30745676E-9
3.200E-1 1.86455402E-9
3.300E-1 2.67193027E-9
3.400E-1 3.84575395E-9
3.500E-1 5.55705626E-9
3.600E-1 8.05786951E-9
3.700E-1 1.17198739E-8
3.800E-1 1.7091552E-8
3.900E-1 2.49827304E-8
4.000E-1 3.6586853E-8
4.100E-1 5.36799755E-8
4.200E-1 7.88668551E-8
4.300E-1 1.16013904E-7
4.400E-1 1.70835195E-7
4.500E-1 2.51782993E-7
