-9.0032580E-2 -6.0089370E-7
-5.9971330E-2 -4.6385620E-7
-2.9989720E-2 -2.7914780E-7
2.3788210E-4 -4.3104930E-9
9.9672680E-3 1.2751500E-7
2.0028830E-2 2.9384770E-7
3.0007840E-2 5.1678490E-7
3.9982800E-2 7.6874810E-7
5.0003530E-2 1.1040880E-6
5.9967040E-2 1.5545160E-6
6.9987770E-2 2.1223500E-6
7.9996590E-2 2.8662960E-6
8.9994430E-2 3.8557100E-6
1.0000370E-1 5.1602660E-6
1.0995580E-1 6.9049110E-6
1.1998800E-1 9.2270270E-6
1.2999730E-1 1.2331800E-5
1.3999460E-1 1.6523260E-5
1.5001540E-1 2.2119230E-5
1.5997890E-1 2.9616670E-5
1.7001100E-1 3.9734060E-5
1.7997460E-1 5.3420690E-5
1.8998380E-1 7.1963350E-5
1.9995880E-1 9.6855250E-5
2.0999050E-1 1.3001520E-4
2.1994540E-1 1.7534570E-4
2.2994330E-1 2.3631590E-4
2.3999830E-1 3.1762290E-4
2.4996190E-1 4.2530960E-4
2.5993680E-1 5.6783620E-4
2.6995750E-1 7.5732870E-4
2.7992110E-1 1.0051650E-3
2.8995320E-1 1.3267530E-3
2.9995110E-1 1.7358100E-3
3.0996040E-1 2.2541580E-3
3.1996970E-1 2.9063670E-3
3.2995610E-1 3.7059370E-3
3.3996530E-1 4.6666060E-3
3.4996320E-1 5.8045390E-3
3.5996100E-1 7.1254730E-3
3.6994740E-1 8.6516590E-3
3.7995670E-1 1.0389990E-2
3.8995460E-1 1.2311760E-2
3.9996340E-1 1.4446540E-2
4.0998410E-1 1.6774820E-2
4.1994760E-1 1.9265310E-2
4.3000270E-1 2.1924960E-2
