-8.9974880E-2 -8.6474020E-7
-5.9970860E-2 -6.4868030E-7
-3.0000690E-2 -3.7648210E-7
-1.7702580E-5 -2.7519600E-9
1.0001360E-2 1.6118840E-7
2.0006300E-2 3.5768680E-7
3.0019760E-2 5.9684410E-7
3.9982800E-2 8.7615420E-7
5.0014970E-2 1.2370180E-6
5.9967040E-2 1.7027810E-6
6.9998740E-2 2.2816420E-6
8.0030920E-2 3.0357900E-6
8.9994430E-2 4.0201880E-6
1.0000320E-1 5.3136370E-6
1.0998960E-1 7.0192820E-6
1.1998750E-1 9.2911070E-6
1.2997340E-1 1.2370550E-5
1.4001700E-1 1.6395560E-5
1.5000340E-1 2.1839560E-5
1.5995550E-1 2.9179190E-5
1.6999860E-1 3.9121380E-5
1.7997360E-1 5.2457080E-5
1.9001670E-1 7.0375030E-5
1.9996880E-1 9.4427650E-5
2.0990940E-1 1.2716120E-4
2.1997790E-1 1.7155750E-4
2.2995280E-1 2.3119340E-4
2.4001880E-1 3.0993690E-4
2.4985690E-1 4.1711240E-4
2.5999160E-1 5.5781120E-4
2.6990990E-1 7.4771370E-4
2.7995300E-1 9.9208560E-4
2.8998520E-1 1.3077350E-3
2.9997110E-1 1.7188170E-3
3.0996890E-1 2.2397100E-3
3.1996680E-1 2.8889010E-3
3.2997610E-1 3.6786720E-3
3.3997390E-1 4.6284960E-3
3.4997130E-1 5.7646820E-3
3.5998060E-1 7.0933700E-3
3.6993270E-1 8.6129940E-3
3.7997630E-1 1.0325060E-2
3.8996270E-1 1.2232290E-2
3.9997150E-1 1.4320720E-2
4.0999220E-1 1.6585250E-2
4.1995570E-1 1.9015480E-2
4.2999940E-1 2.1630500E-2
