-9.0066910E-2 -4.2634080E-4
-5.9959890E-2 -2.8541130E-4
-3.0012610E-2 -1.4288120E-4
1.1184810E-4 -4.8914470E-9
9.9767150E-3 4.8250370E-5
1.9841550E-2 9.3525510E-5
2.9996400E-2 1.4430960E-4
3.9959910E-2 1.9306710E-4
5.0003530E-2 2.4230620E-4
5.9967040E-2 2.9058820E-4
6.9999220E-2 3.3976910E-4
8.0008030E-2 3.8873540E-4
8.9994430E-2 4.3912840E-4
9.9992280E-2 4.8915600E-4
1.0999010E-1 5.4008820E-4
1.1998800E-1 5.9011000E-4
1.2996290E-1 6.4125680E-4
1.3997220E-1 6.9247910E-4
1.5000390E-1 7.4499430E-4
1.5999030E-1 7.9835630E-4
1.6999960E-1 8.5195600E-4
1.7998600E-1 9.0664600E-4
1.8997240E-1 9.6182320E-4
1.9997020E-1 1.0195110E-3
2.0999050E-1 1.0801810E-3
2.1994540E-1 1.1414330E-3
2.2993180E-1 1.2058710E-3
2.3995260E-1 1.2756420E-3
2.4992750E-1 1.3501050E-3
2.5994830E-1 1.4312900E-3
2.6992320E-1 1.5190820E-3
2.7995540E-1 1.6176530E-3
2.8996470E-1 1.7280450E-3
2.9995110E-1 1.8581390E-3
3.0994890E-1 2.0072400E-3
3.1994680E-1 2.1859520E-3
3.2994460E-1 2.3925960E-3
3.3995390E-1 2.6446130E-3
3.4995170E-1 2.9478580E-3
3.5997200E-1 3.3241160E-3
3.6992450E-1 3.7788950E-3
3.8000200E-1 4.3356640E-3
3.8994310E-1 5.0036930E-3
3.9996340E-1 5.7970640E-3
4.0996120E-1 6.7598170E-3
4.1997050E-1 7.8831460E-3
4.2999120E-1 9.2046600E-3
4.4008020E-1 1.0689680E-2
4.4985010E-1 1.2361000E-2
4.6004200E-1 1.4243200E-2
4.6997120E-1 1.6276030E-2
4.7999190E-1 1.8460650E-2
4.9001260E-1 2.0839900E-2
5.0003290E-1 2.3357030E-2
5.0996260E-1 2.6041600E-2
5.2005150E-1 2.8804940E-2
5.2995820E-1 3.1681840E-2
