-9.0057370E-2 -2.0031210E-4
-5.9961320E-2 -1.9897250E-4
-3.0013080E-2 -1.9755180E-4
-8.2492830E-5 -1.9620650E-4
1.0426910E-2 -1.9610790E-4
1.9905630E-2 -1.9479730E-4
2.9997350E-2 -1.9465810E-4
3.9949890E-2 -1.9420000E-4
4.9993520E-2 -1.9371290E-4
6.0002800E-2 -1.9313870E-4
7.0034980E-2 -1.9240810E-4
8.0010410E-2 -1.9167750E-4
9.0042590E-2 -1.9084240E-4
1.0004040E-1 -1.8982170E-4
1.1000440E-1 -1.8905630E-4
1.2000230E-1 -1.8782110E-4
1.2985230E-1 -1.8666710E-4
1.4000990E-1 -1.8515940E-4
1.4998480E-1 -1.8344280E-4
1.6013150E-1 -1.8083910E-4
1.6996960E-1 -1.7760320E-4
1.7992210E-1 -1.7292340E-4
1.8997720E-1 -1.6787830E-4
1.9996360E-1 -1.6051940E-4
2.0997330E-1 -1.5227320E-4
2.1998500E-1 -1.3897030E-4
2.2998290E-1 -1.2015830E-4
2.3992400E-1 -9.5605970E-5
2.4991080E-1 -6.5551900E-5
2.5989720E-1 -2.1877640E-5
2.6991800E-1 2.9749620E-5
2.7992770E-1 1.1895360E-4
2.8998280E-1 2.2852770E-4
2.9994680E-1 3.7738470E-4
3.0995610E-1 5.6044480E-4
3.1994300E-1 8.3738640E-4
3.2996370E-1 1.2147110E-3
3.3992770E-1 1.6606920E-3
3.5000560E-1 2.2513160E-3
3.5992380E-1 2.9600410E-3
3.7000180E-1 3.8659130E-3
3.7988570E-1 4.9896760E-3
3.8994070E-1 6.2531550E-3
3.9993910E-1 7.7058970E-3
4.1000510E-1 9.2171710E-3
4.2002630E-1 1.1198000E-2
4.3000130E-1 1.3176410E-2
4.3996520E-1 1.5255640E-2
4.4995210E-1 1.7555590E-2
4.5996140E-1 2.0097120E-2
4.7007370E-1 2.2583600E-2
4.8000340E-1 2.5204510E-2
4.9002410E-1 2.7684630E-2
4.9999950E-1 3.0691940E-2
