0.000E+0 0
1.000E-2 9.91958765E-14
2.000E-2 2.41272451E-13
3.000E-2 4.45414598E-13
4.000E-2 7.39292324E-13
5.000E-2 1.16261647E-12
6.000E-2 1.77284151E-12
7.000E-2 2.65223902E-12
8.000E-2 3.91904929E-12
9.000E-2 5.74269176E-12
1.000E-1 8.36602532E-12
1.100E-1 1.21372618E-11
1.200E-1 1.75548548E-11
1.300E-1 2.53374631E-11
1.400E-1 3.65160336E-11
1.500E-1 5.25783895E-11
1.600E-1 7.56766081E-11
1.700E-1 1.08933824E-10
1.800E-1 1.56897863E-10
1.900E-1 2.26213261E-10
2.000E-1 3.26618017E-10
2.100E-1 4.7242313E-10
2.200E-1 6.8470843E-10
2.300E-1 9.94591488E-10
2.400E-1 1.44807364E-9
2.500E-1 2.11325627E-9
2.600E-1 3.09106735E-9
2.700E-1 4.53121987E-9
2.800E-1 6.65595779E-9
2.900E-1 9.79539653E-9
3.000E-1 1.44401259E-8
3.100E-1 2.13195111E-8
3.200E-1 3.15182418E-8
3.300E-1 4.66497858E-8
3.400E-1 6.91144519E-8
3.500E-1 1.02483134E-7
3.600E-1 1.52067471E-7
3.700E-1 2.25765886E-7
3.800E-1 3.35299569E-7
3.900E-1 4.98147296E-7
4.000E-1 7.40103637E-7
4.100E-1 1.09939415E-6
4.200E-1 1.6323701E-6
4.300E-1 2.42168672E-6
4.400E-1 3.58769877E-6
4.500E-1 5.30380181E-6
