-9.0044020E-2 -4.2574360E-4
-5.9902670E-2 -2.8553300E-4
-3.0092240E-2 -1.4312470E-4
9.1820960E-5 -7.9510440E-9
9.9802320E-3 4.8116980E-5
1.9841550E-2 9.3410690E-5
3.0110360E-2 1.4361950E-4
3.9982800E-2 1.9271350E-4
4.9992080E-2 2.4182490E-4
5.9967040E-2 2.9019960E-4
6.9987770E-2 3.3921820E-4
8.0008030E-2 3.8820780E-4
8.9982990E-2 4.3843850E-4
9.9980830E-2 4.8841960E-4
1.0997870E-1 5.3922990E-4
1.1998800E-1 5.8925760E-4
1.2997440E-1 6.4025350E-4
1.3998370E-1 6.9141780E-4
1.4999250E-1 7.4403760E-4
1.5997890E-1 7.9694720E-4
1.7001100E-1 8.5063980E-4
1.7994020E-1 9.0507440E-4
1.8999530E-1 9.6031530E-4
1.9997020E-1 1.0177130E-3
2.0996760E-1 1.0782690E-3
2.1995690E-1 1.1393470E-3
2.2993180E-1 1.2036690E-3
2.3995260E-1 1.2729760E-3
2.4992750E-1 1.3468600E-3
2.5992540E-1 1.4280450E-3
2.6991180E-1 1.5157220E-3
2.7996680E-1 1.6134810E-3
2.8996470E-1 1.7235820E-3
2.9992820E-1 1.8528640E-3
3.0993750E-1 2.0015610E-3
3.1994680E-1 2.1787680E-3
3.2994460E-1 2.3850630E-3
3.3993100E-1 2.6355740E-3
3.4996320E-1 2.9369050E-3
3.5994960E-1 3.3094550E-3
3.6991310E-1 3.7586710E-3
3.7996770E-1 4.3085440E-3
3.8993170E-1 4.9582610E-3
3.9994100E-1 5.7348850E-3
4.0994980E-1 6.6573660E-3
4.1993670E-1 7.7310890E-3
4.2997980E-1 8.9791830E-3
4.3994330E-1 1.0368840E-2
4.4996400E-1 1.1924770E-2
4.5996190E-1 1.3650570E-2
4.7000550E-1 1.5494530E-2
4.8000340E-1 1.7483900E-2
4.9000120E-1 1.9621600E-2
5.0001050E-1 2.1878620E-2
5.0997400E-1 2.4271190E-2
5.2000620E-1 2.6751250E-2
5.2996970E-1 2.9317050E-2
5.4000190E-1 3.1951800E-2
