-9.0054510E-2 -4.2558380E-4
-5.9982300E-2 -2.8484080E-4
-2.9989240E-2 -1.4264820E-4
-9.4473360E-6 -3.7886420E-9
9.9907820E-3 4.7797670E-5
1.9816670E-2 9.3592610E-5
3.0007840E-2 1.4353730E-4
3.9993760E-2 1.9253790E-4
5.0014500E-2 2.4127770E-4
5.9978010E-2 2.9069020E-4
6.9987300E-2 3.3923290E-4
8.0019000E-2 3.8856430E-4
8.9982510E-2 4.3777960E-4
9.9991320E-2 4.8822420E-4
1.0997770E-1 5.3863410E-4
1.1999850E-1 5.8958910E-4
1.2997340E-1 6.4032390E-4
1.3999370E-1 6.9141220E-4
1.5000300E-1 7.4337050E-4
1.5997790E-1 7.9618700E-4
1.6997530E-1 8.5026170E-4
1.7996170E-1 9.0470770E-4
1.8998190E-1 9.6042360E-4
1.9996830E-1 1.0171490E-3
2.1001200E-1 1.0772180E-3
2.1993260E-1 1.1389910E-3
2.2994140E-1 1.2033690E-3
2.3997350E-1 1.2715740E-3
2.4993710E-1 1.3458640E-3
2.5988910E-1 1.4260060E-3
2.6995520E-1 1.5150720E-3
2.7995300E-1 1.6114400E-3
2.8996230E-1 1.7216560E-3
2.9996010E-1 1.8469970E-3
3.0995750E-1 1.9949380E-3
3.1994390E-1 2.1683760E-3
3.2995320E-1 2.3751930E-3
3.3995100E-1 2.6185740E-3
3.4997180E-1 2.9149190E-3
3.5996910E-1 3.2721110E-3
3.6992170E-1 3.7099640E-3
3.7996480E-1 4.2437220E-3
3.8993980E-1 4.8797020E-3
3.9994910E-1 5.6379490E-3
4.0999220E-1 6.5242050E-3
4.1995570E-1 7.5678470E-3
4.2999940E-1 8.7702070E-3
4.3996290E-1 1.0142120E-2
4.4998310E-1 1.1651250E-2
4.5995810E-1 1.3343420E-2
4.7001310E-1 1.5171720E-2
4.7998810E-1 1.7139660E-2
4.8999690E-1 1.9223450E-2
5.0001760E-1 2.1453800E-2
5.0999260E-1 2.3794220E-2
5.2000190E-1 2.6267320E-2
5.2998830E-1 2.8789060E-2
5.4004290E-1 3.1406980E-2
