-9.0055470E-2 -6.0280000E-4
-5.9982300E-2 -4.6172550E-4
-3.0001160E-2 -3.1971730E-4
-1.1920930E-6 -1.7662470E-4
9.9837780E-3 -1.2841890E-4
2.0021800E-2 -8.0201790E-5
3.0030730E-2 -3.2442110E-5
3.9971350E-2 1.5511350E-5
5.0003530E-2 6.4877650E-5
5.9989930E-2 1.1397530E-4
6.9987770E-2 1.6318520E-4
8.0019470E-2 2.1220370E-4
8.9994430E-2 2.6250980E-4
1.0000370E-1 3.1249090E-4
1.1000160E-1 3.6320860E-4
1.2001090E-1 4.1315500E-4
1.3005400E-1 4.6405240E-4
1.3993790E-1 5.1494410E-4
1.5006110E-1 5.6784200E-4
1.5996740E-1 6.2013700E-4
1.6995380E-1 6.7418320E-4
1.7996310E-1 7.2790500E-4
1.8998380E-1 7.8301810E-4
2.0002700E-1 8.3919270E-4
2.0991090E-1 8.9877100E-4
2.1990010E-1 9.6004290E-4
2.2993180E-1 1.0236980E-3
2.3998690E-1 1.0916550E-3
2.4992750E-1 1.1649020E-3
2.5993680E-1 1.2449290E-3
2.6995750E-1 1.3315620E-3
2.7994390E-1 1.4285670E-3
2.8996470E-1 1.5378580E-3
2.9995110E-1 1.6667940E-3
3.0994890E-1 1.8151400E-3
3.1995820E-1 1.9926950E-3
3.2996750E-1 2.1997450E-3
3.3996530E-1 2.4517030E-3
3.4997460E-1 2.7555840E-3
3.5997250E-1 3.1319020E-3
3.6994740E-1 3.5863330E-3
3.7997910E-1 4.1429270E-3
3.8995460E-1 4.8033070E-3
3.9995240E-1 5.5890290E-3
4.1000700E-1 6.5273290E-3
4.1995910E-1 7.6153670E-3
4.2999120E-1 8.8839160E-3
4.3996620E-1 1.0293280E-2
4.4996400E-1 1.1876110E-2
4.5997330E-1 1.3629690E-2
4.7001700E-1 1.5512480E-2
4.8002620E-1 1.7522710E-2
4.9001260E-1 1.9698630E-2
5.0002190E-1 2.1993310E-2
5.0998540E-1 2.4426450E-2
5.2002910E-1 2.6941840E-2
5.2999260E-1 2.9542980E-2
5.4003570E-1 3.2227530E-2
