0.000E+0 0
1.000E-2 1.62623524E-13
2.000E-2 3.90600039E-13
3.000E-2 7.10429376E-13
4.000E-2 1.15982642E-12
5.000E-2 1.79127351E-12
6.000E-2 2.67783699E-12
7.000E-2 3.92145832E-12
8.000E-2 5.6640216E-12
9.000E-2 8.10275273E-12
1.000E-1 1.15115297E-11
1.100E-1 1.62715963E-11
1.200E-1 2.29143147E-11
1.300E-1 3.21810418E-11
1.400E-1 4.51124974E-11
1.500E-1 6.3172763E-11
1.600E-1 8.84325875E-11
1.700E-1 1.23832108E-10
1.800E-1 1.73564139E-10
1.900E-1 2.43626844E-10
2.000E-1 3.42647131E-10
2.100E-1 4.83036854E-10
2.200E-1 6.82724533E-10
2.300E-1 9.67644844E-10
2.400E-1 1.37535117E-9
2.500E-1 1.96005555E-9
2.600E-1 2.79345539E-9
2.700E-1 3.97185714E-9
2.800E-1 5.6631339E-9
2.900E-1 8.0782671E-9
3.000E-1 1.17430748E-8
3.100E-1 1.71518871E-8
3.200E-1 2.48264902E-8
3.300E-1 3.59585416E-8
3.400E-1 5.22201371E-8
3.500E-1 7.58660834E-8
3.600E-1 1.10320325E-7
3.700E-1 1.60548155E-7
3.800E-1 2.33801694E-7
3.900E-1 3.40674425E-7
4.000E-1 4.96642301E-7
4.100E-1 7.24315926E-7
4.200E-1 1.05673193E-6
4.300E-1 1.54216286E-6
4.400E-1 2.25114584E-6
4.500E-1 3.28675361E-6
