-9.0054510E-2 -4.1609760E-6
-5.9970860E-2 -2.8049030E-6
-3.0035020E-2 -1.3949430E-6
-6.4197180E-4 -1.9539660E-8
1.0168640E-2 5.0108820E-7
1.9631740E-2 9.5434920E-7
2.9984950E-2 1.4433700E-6
3.9993760E-2 2.0354160E-6
5.0003050E-2 2.5457470E-6
6.0000900E-2 3.1297420E-6
6.9952960E-2 3.6607380E-6
8.0007550E-2 4.3248660E-6
8.9913850E-2 5.0206890E-6
9.9980350E-2 5.8557930E-6
1.0996630E-1 6.7281730E-6
1.2003230E-1 7.7666460E-6
1.2997340E-1 8.9743860E-6
1.3997080E-1 1.0540430E-5
1.5003680E-1 1.2451740E-5
1.5997790E-1 1.4632130E-5
1.7000960E-1 1.7746700E-5
1.7995020E-1 2.1720680E-5
1.8998190E-1 2.7154220E-5
1.9995690E-1 3.4074040E-5
2.1000050E-1 4.3261780E-5
2.1996640E-1 5.5807660E-5
2.2989610E-1 7.2656330E-5
2.4003030E-1 9.8788400E-5
2.4992560E-1 1.2609410E-4
2.5993490E-1 1.7068770E-4
2.6994370E-1 2.2933800E-4
2.7996440E-1 3.1763780E-4
2.8995080E-1 4.1970450E-4
2.9992580E-1 5.6514100E-4
3.0987790E-1 7.3336160E-4
3.1994390E-1 9.9649280E-4
3.2996460E-1 1.3296380E-3
3.3996250E-1 1.7362010E-3
3.4994890E-1 2.2051150E-3
3.5998060E-1 2.8413250E-3
3.6995550E-1 3.5678190E-3
3.7997630E-1 4.4979400E-3
3.8991690E-1 5.4010000E-3
3.9992620E-1 6.4809170E-3
4.0993550E-1 7.5351060E-3
4.1996720E-1 8.8855810E-3
4.2994210E-1 1.0245440E-2
4.3996290E-1 1.1717870E-2
4.4994930E-1 1.3257100E-2
4.5996950E-1 1.5017630E-2
4.6997880E-1 1.6577140E-2
4.7999950E-1 1.8311600E-2
4.8998550E-1 1.9883860E-2
5.0001760E-1 2.1818190E-2
5.0996970E-1 2.3652870E-2
5.2002480E-1 2.5760410E-2
5.2995400E-1 2.7578880E-2
5.4002000E-1 2.9593720E-2
5.5000640E-1 3.1370480E-2
