-9.0055470E-2 -4.1179030E-6
-5.9959890E-2 -2.8255290E-6
-3.0035020E-2 -1.3945120E-6
4.4703480E-5 -1.6598780E-8
1.0022640E-2 4.5571010E-7
2.0008800E-2 9.5076050E-7
2.9996870E-2 1.4456640E-6
3.9937500E-2 1.9707060E-6
4.9935340E-2 2.5745480E-6
6.0058590E-2 3.0710000E-6
6.9885250E-2 3.7429290E-6
8.0053810E-2 4.2604900E-6
8.9823720E-2 5.0229480E-6
9.9946980E-2 5.7481940E-6
1.0985330E-1 6.7164350E-6
1.2009050E-1 7.6732630E-6
1.2999730E-1 8.8980030E-6
1.4006330E-1 1.0267730E-5
1.5000390E-1 1.2157830E-5
1.5999030E-1 1.4488430E-5
1.6998820E-1 1.7107800E-5
1.7996310E-1 2.0994830E-5
1.8996100E-1 2.5919860E-5
1.9993590E-1 3.2937720E-5
2.0997950E-1 4.1582770E-5
2.1995690E-1 5.2258020E-5
2.2992090E-1 6.9182770E-5
2.3994110E-1 9.0845250E-5
2.4992750E-1 1.2145590E-4
2.5993680E-1 1.5982750E-4
2.6993470E-1 2.1592670E-4
2.7996680E-1 2.9088390E-4
2.8995320E-1 4.0090760E-4
2.9993960E-1 5.3054330E-4
3.0991460E-1 7.1202730E-4
3.1992390E-1 9.2380520E-4
3.2987640E-1 1.2508970E-3
3.3997680E-1 1.6543340E-3
3.4991740E-1 2.1382030E-3
3.5990380E-1 2.7127600E-3
3.6995890E-1 3.4244820E-3
3.7997960E-1 4.2654290E-3
3.8994310E-1 5.2911150E-3
3.9997480E-1 6.3019100E-3
4.0995030E-1 7.4795930E-3
4.1991380E-1 8.6216980E-3
4.2999120E-1 1.0080780E-2
4.3994380E-1 1.1449140E-2
4.4996400E-1 1.3071820E-2
4.5993950E-1 1.4680580E-2
4.7000550E-1 1.6520490E-2
4.8002620E-1 1.8133310E-2
4.9000120E-1 1.9943680E-2
5.0003340E-1 2.1551280E-2
5.0997400E-1 2.3533720E-2
5.2001760E-1 2.5408970E-2
5.2995820E-1 2.7542590E-2
5.4000190E-1 2.9423060E-2
5.5004500E-1 3.1455310E-2
