0.000E+0 0
1.000E-2 4.11894273E-15
2.000E-2 1.00603295E-14
3.000E-2 1.86374403E-14
4.000E-2 3.1026525E-14
5.000E-2 4.89288875E-14
6.000E-2 7.48054689E-14
7.000E-2 1.12216477E-13
8.000E-2 1.66313273E-13
9.000E-2 2.44551103E-13
1.000E-1 3.57722239E-13
1.100E-1 5.21454287E-13
1.200E-1 7.58383982E-13
1.300E-1 1.10131212E-12
1.400E-1 1.5977839E-12
1.500E-1 2.31674018E-12
1.600E-1 3.35817756E-12
1.700E-1 4.86717949E-12
1.800E-1 7.05429846E-12
1.900E-1 1.02245941E-11
2.000E-1 1.48278248E-11
2.100E-1 2.14978092E-11
2.200E-1 3.11757379E-11
2.300E-1 4.52215844E-11
2.400E-1 6.56083391E-11
2.500E-1 9.52033196E-11
2.600E-1 1.38171667E-10
2.700E-1 2.00564042E-10
2.800E-1 2.9117051E-10
2.900E-1 4.22761188E-10
3.000E-1 6.13888854E-10
3.100E-1 8.91508102E-10
3.200E-1 1.29478092E-9
3.300E-1 1.88060612E-9
3.400E-1 2.73165372E-9
3.500E-1 3.96803874E-9
3.600E-1 5.76428364E-9
3.700E-1 8.3739644E-9
3.800E-1 1.21655227E-8
3.900E-1 1.76678237E-8
4.000E-1 2.56673796E-8
4.100E-1 3.72916402E-8
4.200E-1 5.41812036E-8
4.300E-1 7.87212393E-8
4.400E-1 1.14377442E-7
4.500E-1 1.66185541E-7
