0.000E+0 0
1.000E-2 5.62907994E-13
2.000E-2 1.35399754E-12
3.000E-2 2.46798825E-12
4.000E-2 4.03883364E-12
5.000E-2 6.25595437E-12
6.000E-2 9.3872078E-12
7.000E-2 1.38114172E-11
8.000E-2 2.00644904E-11
9.000E-2 2.89048895E-11
1.000E-1 4.14067099E-11
1.100E-1 5.90922148E-11
1.200E-1 8.4120844E-11
1.300E-1 1.19559148E-10
1.400E-1 1.69766785E-10
1.500E-1 2.4094904E-10
1.600E-1 3.41948335E-10
1.700E-1 4.85378694E-10
1.800E-1 6.89252373E-10
1.900E-1 9.79312704E-10
2.000E-1 1.39238027E-9
2.100E-1 1.98115312E-9
2.200E-1 2.82109364E-9
2.300E-1 4.02030982E-9
2.400E-1 5.73373457E-9
2.500E-1 8.18347344E-9
2.600E-1 1.16880066E-8
2.700E-1 1.67040997E-8
2.800E-1 2.38869546E-8
2.900E-1 3.41765383E-8
3.000E-1 4.8921475E-8
3.100E-1 7.00568265E-8
3.200E-1 1.00359154E-7
3.300E-1 1.43812353E-7
3.400E-1 2.06132144E-7
3.500E-1 2.9551757E-7
3.600E-1 4.23726532E-7
3.700E-1 6.07614486E-7
3.800E-1 8.71327676E-7
3.900E-1 1.24942585E-6
4.000E-1 1.79130852E-6
4.100E-1 2.56744621E-6
4.200E-1 3.67809146E-6
4.300E-1 5.26528505E-6
4.400E-1 7.52910172E-6
4.500E-1 1.0748987E-5
