-9.0054040E-2 -1.9944590E-4
-5.9981820E-2 -1.9808910E-4
-3.0000690E-2 -1.9658140E-4
-4.8309560E-5 -1.9543900E-4
1.0443000E-2 -1.9532300E-4
2.0186360E-2 -1.9425600E-4
2.9995920E-2 -1.9374570E-4
4.0039060E-2 -1.9328760E-4
4.9979690E-2 -1.9275410E-4
6.0000420E-2 -1.9230760E-4
7.0123200E-2 -1.9184950E-4
8.0018520E-2 -1.9124070E-4
8.9993000E-2 -1.9042880E-4
1.0002470E-1 -1.8961700E-4
1.0998820E-1 -1.8856740E-4
1.1996320E-1 -1.8756430E-4
1.2991520E-1 -1.8627120E-4
1.4000420E-1 -1.8495480E-4
1.5000150E-1 -1.8290780E-4
1.6009040E-1 -1.8097680E-4
1.7000820E-1 -1.7788030E-4
1.7996030E-1 -1.7436630E-4
1.8993520E-1 -1.6910680E-4
1.9997840E-1 -1.6245560E-4
2.1002150E-1 -1.5258610E-4
2.1996500E-1 -1.4073930E-4
2.2995090E-1 -1.2594090E-4
2.3998310E-1 -1.0262990E-4
2.4987790E-1 -7.2476470E-5
2.5989870E-1 -3.2193380E-5
2.7011250E-1 2.9189980E-5
2.7989390E-1 9.9859230E-5
2.8991410E-1 2.0254520E-4
2.9994630E-1 3.3983890E-4
3.0998950E-1 5.4241040E-4
3.1981610E-1 7.7268320E-4
3.2995030E-1 1.0757020E-3
3.3995960E-1 1.4771040E-3
3.4997990E-1 2.0009480E-3
3.5995480E-1 2.5964170E-3
3.6994120E-1 3.3187900E-3
3.7995050E-1 4.1016020E-3
3.8986830E-1 5.1145220E-3
3.9993430E-1 6.1994140E-3
4.0998890E-1 7.5181820E-3
4.1986130E-1 8.7430760E-3
4.2998410E-1 1.0162150E-2
4.3999340E-1 1.1637240E-2
4.4997980E-1 1.3206590E-2
4.5993190E-1 1.4711630E-2
4.6998640E-1 1.6510380E-2
4.7999530E-1 1.8265690E-2
4.9005030E-1 2.0263150E-2
5.0005910E-1 2.2014980E-2
5.0997690E-1 2.3949280E-2
5.1996330E-1 2.5691270E-2
5.2992680E-1 2.7788360E-2
5.4000430E-1 2.9753950E-2
5.5009320E-1 3.1994720E-2
