0.000E+0 -0.215561704
1.000E-2 -0.215554474
2.000E-2 -0.215547136
3.000E-2 -0.215539665
4.000E-2 -0.215532023
5.000E-2 -0.215524161
6.000E-2 -0.215516008
7.000E-2 -0.215507466
8.000E-2 -0.215498396
9.000E-2 -0.215488603
1.000E-1 -0.215477814
1.100E-1 -0.21546564
1.200E-1 -0.215451535
1.300E-1 -0.215434727
1.400E-1 -0.215414118
1.500E-1 -0.215388152
1.600E-1 -0.215354617
1.700E-1 -0.215310362
1.800E-1 -0.215250896
1.900E-1 -0.215169807
2.000E-1 -0.215057936
2.100E-1 -0.214902186
2.200E-1 -0.214683818
2.300E-1 -0.214376003
2.400E-1 -0.213940314
2.500E-1 -0.213321689
2.600E-1 -0.212441209
2.700E-1 -0.211185724
2.800E-1 -0.209392979
2.900E-1 -0.206830257
3.000E-1 -0.203163737
3.100E-1 -0.197914522
3.200E-1 -0.190395547
3.300E-1 -0.17962108
3.400E-1 -0.164176941
3.500E-1 -0.142034485
3.600E-1 -0.110284178
3.700E-1 -0.064754384
3.800E-1 0.000533251285
