0.000E+0 0
1.000E-2 1.77468873E-14
2.000E-2 4.30908291E-14
3.000E-2 7.93631974E-14
4.000E-2 1.31351856E-13
5.000E-2 2.05936343E-13
6.000E-2 3.13000255E-13
7.000E-2 4.66742671E-13
8.000E-2 6.87564978E-13
9.000E-2 1.00478897E-12
1.000E-1 1.46057843E-12
1.100E-1 2.11560689E-12
1.200E-1 3.05726428E-12
1.300E-1 4.41156156E-12
1.400E-1 6.36042934E-12
1.500E-1 9.16689143E-12
1.600E-1 1.32117413E-11
1.700E-1 1.9047024E-11
1.800E-1 2.74740683E-11
1.900E-1 3.96573837E-11
2.000E-1 5.72909404E-11
2.100E-1 8.28409674E-11
2.200E-1 1.1990052E-10
2.300E-1 1.73707329E-10
2.400E-1 2.51900206E-10
2.500E-1 3.65624019E-10
2.600E-1 5.31144005E-10
2.700E-1 7.72204419E-10
2.800E-1 1.12347491E-9
2.900E-1 1.63558655E-9
3.000E-1 2.38249078E-9
3.100E-1 3.47221314E-9
3.200E-1 5.06256695E-9
3.300E-1 7.38411372E-9
3.400E-1 1.07718575E-8
3.500E-1 1.57205964E-8
3.600E-1 2.29482409E-8
3.700E-1 3.35047591E-8
3.800E-1 4.89238343E-8
3.900E-1 7.14447554E-8
4.000E-1 1.04335551E-7
4.100E-1 1.52364227E-7
4.200E-1 2.22468771E-7
4.300E-1 3.24760449E-7
4.400E-1 4.73892951E-7
4.500E-1 6.91082011E-7
