0.000E+0 0
1.000E-2 3.91337342E-13
2.000E-2 9.50657054E-13
3.000E-2 1.75084544E-12
4.000E-2 2.89523284E-12
5.000E-2 4.53406205E-12
6.000E-2 6.88085759E-12
7.000E-2 1.02417556E-11
8.000E-2 1.50527018E-11
9.000E-2 2.19384851E-11
1.000E-1 3.17890164E-11
1.100E-1 4.58792901E-11
1.200E-1 6.60298437E-11
1.300E-1 9.48473621E-11
1.400E-1 1.36057319E-10
1.500E-1 1.94999276E-10
1.600E-1 2.79328679E-10
1.700E-1 4.00037449E-10
1.800E-1 5.72927617E-10
1.900E-1 8.20747221E-10
2.000E-1 1.1762859E-9
2.100E-1 1.68686464E-9
2.200E-1 2.42084857E-9
2.300E-1 3.47709971E-9
2.400E-1 4.99868292E-9
2.500E-1 7.19278172E-9
2.600E-1 1.03595825E-8
2.700E-1 1.49342173E-8
2.800E-1 2.15476556E-8
2.900E-1 3.11150977E-8
3.000E-1 4.49644162E-8
3.100E-1 6.50224924E-8
3.200E-1 9.40860007E-8
3.300E-1 1.36214559E-7
3.400E-1 1.97301695E-7
3.500E-1 2.85903991E-7
3.600E-1 4.14445073E-7
3.700E-1 6.00963647E-7
3.800E-1 8.71650929E-7
3.900E-1 1.26453277E-6
4.000E-1 1.83481032E-6
4.100E-1 2.66273606E-6
4.200E-1 3.86414551E-6
4.300E-1 5.60801748E-6
4.400E-1 8.13800957E-6
4.500E-1 1.18091811E-5
4.600E-1 1.71311536E-5
4.700E-1 2.4841257E-5
4.800E-1 3.59986223E-5
4.900E-1 5.21177115E-5
5.000E-1 7.53500406E-5
5.100E-1 0.000108720867
5.200E-1 0.000156424476
5.300E-1 0.000224160042
5.400E-1 0.000319455798
5.500E-1 0.000451865087
5.600E-1 0.000632896731
5.700E-1 0.000875407796
5.800E-1 0.00119240105
5.900E-1 0.00159541829
6.000E-1 0.00209231491
6.100E-1 0.00268593585
6.200E-1 0.00337425705
