0.000E+0 0
1.000E-2 2.68307733E-14
2.000E-2 6.50733503E-14
3.000E-2 1.19589387E-13
4.000E-2 1.97311119E-13
5.000E-2 3.08122934E-13
6.000E-2 4.6611827E-13
7.000E-2 6.91391699E-13
8.000E-2 1.01259446E-12
9.000E-2 1.47057872E-12
1.000E-1 2.12359532E-12
1.100E-1 3.05470821E-12
1.200E-1 4.3823728E-12
1.300E-1 6.27553025E-12
1.400E-1 8.97515014E-12
1.500E-1 1.28249793E-11
1.600E-1 1.83154397E-11
1.700E-1 2.6146299E-11
1.800E-1 3.73161593E-11
1.900E-1 5.32502342E-11
2.000E-1 7.59828108E-11
2.100E-1 1.08417815E-10
2.200E-1 1.5470089E-10
2.300E-1 2.20750748E-10
2.400E-1 3.15017977E-10
2.500E-1 4.49568618E-10
2.600E-1 6.41631673E-10
2.700E-1 9.15809118E-10
2.800E-1 1.30723171E-9
2.900E-1 1.86606634E-9
3.000E-1 2.6639526E-9
3.100E-1 3.80319531E-9
3.200E-1 5.42989251E-9
3.300E-1 7.7526841E-9
3.400E-1 1.1069528E-8
3.500E-1 1.58059387E-8
3.600E-1 2.25695994E-8
3.700E-1 3.22283556E-8
3.800E-1 4.60215999E-8
3.900E-1 6.57193431E-8
4.000E-1 9.38493942E-8
4.100E-1 1.34021787E-7
4.200E-1 1.913921E-7
4.300E-1 2.73350229E-7
4.400E-1 3.90329504E-7
4.500E-1 5.57427367E-7
4.600E-1 7.96139671E-7
4.700E-1 1.13684921E-6
4.800E-1 1.62351986E-6
4.900E-1 2.31879215E-6
5.000E-1 3.311271E-6
5.100E-1 4.72877474E-6
5.200E-1 6.75248826E-6
5.300E-1 9.64123295E-6
5.400E-1 1.37640244E-5
5.500E-1 1.96523213E-5
5.600E-1 2.80500119E-5
5.700E-1 4.00286631E-5
5.800E-1 5.71016312E-5
5.900E-1 8.14193158E-5
6.000E-1 0.000116013355
6.100E-1 0.000165139531
6.200E-1 0.000234697289
