0.000E+0 -28.1854311
1.000E-2 -28.1838471
2.000E-2 -28.1822702
3.000E-2 -28.1806828
4.000E-2 -28.1790848
5.000E-2 -28.1774753
6.000E-2 -28.1758527
7.000E-2 -28.1741408
8.000E-2 -28.1724953
9.000E-2 -28.1708367
1.000E-1 -28.1691639
1.100E-1 -28.1674779
1.200E-1 -28.1657788
1.300E-1 -28.164064
1.400E-1 -28.1623344
1.500E-1 -28.1605881
1.600E-1 -28.1588246
1.700E-1 -28.1570431
1.800E-1 -28.1552427
1.900E-1 -28.1534204
2.000E-1 -28.1515743
2.100E-1 -28.1497015
2.200E-1 -28.1477975
2.300E-1 -28.1458569
2.400E-1 -28.1438704
2.500E-1 -28.141826
2.600E-1 -28.1396325
2.700E-1 -28.1374135
2.800E-1 -28.1350565
2.900E-1 -28.1325119
3.000E-1 -28.1296998
3.100E-1 -28.1265087
3.200E-1 -28.1227751
3.300E-1 -28.1182565
3.400E-1 -28.112601
3.500E-1 -28.1052901
3.600E-1 -28.09556
3.700E-1 -28.0822978
3.800E-1 -28.0638596
3.900E-1 -28.0378378
4.000E-1 -28.0006895
4.100E-1 -27.9472125
4.200E-1 -27.8697618
4.300E-1 -27.7571058
4.400E-1 -27.5927524
4.500E-1 -27.3524867
4.600E-1 -27.0007863
4.700E-1 -26.4855968
4.800E-1 -25.7307518
4.900E-1 -24.6250795
5.000E-1 -23.0068629
5.100E-1 -20.6420579
5.200E-1 -17.1944463
5.300E-1 -12.1861867
5.400E-1 -4.94858153
5.500E-1 5.43375069
