-9.0083120E-2 -1.8241080E-4
-5.9997080E-2 -1.7644920E-4
-2.9991150E-2 -1.6933370E-4
-1.4185910E-5 -1.6117420E-4
9.9984710E-3 -1.5825140E-4
1.9991100E-2 -1.5494010E-4
2.9986860E-2 -1.5162290E-4
4.0065290E-2 -1.4759250E-4
4.9915310E-2 -1.4370700E-4
6.0050490E-2 -1.3945040E-4
7.0014480E-2 -1.3485160E-4
8.0126760E-2 -1.2941190E-4
8.9862820E-2 -1.2358390E-4
1.0008960E-1 -1.1728010E-4
1.0995100E-1 -1.1039640E-4
1.1998370E-1 -1.0308370E-4
1.2995910E-1 -9.4481130E-5
1.4000270E-1 -8.4220000E-5
1.5001250E-1 -7.3387040E-5
1.6002230E-1 -5.9699710E-5
1.7004350E-1 -4.6280900E-5
1.7999650E-1 -2.9968260E-5
1.8992610E-1 -1.3024100E-5
1.9990160E-1 9.8269900E-6
2.1008250E-1 3.6444690E-5
2.1996930E-1 6.5286150E-5
2.3000190E-1 1.0057000E-4
2.3992010E-1 1.4305930E-4
2.4998710E-1 1.9435400E-4
2.5992870E-1 2.5134930E-4
2.6994990E-1 3.2391590E-4
2.7994820E-1 4.1024410E-4
2.8994660E-1 5.1105300E-4
2.9993340E-1 6.2850580E-4
3.0993180E-1 7.5753430E-4
3.1994150E-1 9.2115510E-4
3.2996270E-1 1.1115950E-3
3.3993860E-1 1.3054440E-3
3.4998270E-1 1.5294850E-3
3.5999250E-1 1.7659270E-3
3.6993360E-1 2.0336060E-3
3.7996630E-1 2.3245230E-3
3.8995310E-1 2.6226840E-3
3.9995190E-1 2.9375370E-3
4.0992740E-1 3.2485630E-3
4.1996000E-1 3.6079210E-3
4.2998120E-1 3.9681490E-3
4.3995670E-1 4.3694060E-3
4.4996640E-1 4.7273750E-3
4.5995380E-1 5.1190110E-3
4.6996360E-1 5.4806300E-3
4.7999620E-1 5.9117900E-3
4.9000600E-1 6.3238850E-3
5.0003860E-1 6.7848900E-3
5.0997970E-1 7.1891600E-3
5.2004670E-1 7.6314490E-3
5.2996540E-1 8.0354290E-3
5.4003190E-1 8.5019390E-3
5.4999640E-1 8.9459080E-3
5.5999470E-1 9.4274860E-3
5.7006170E-1 9.8743510E-3
5.8003710E-1 1.0338200E-2
5.9003540E-1 1.0808450E-2
6.0004520E-1 1.1292220E-2
