-9.0082650E-2 -1.8267030E-4
-5.9997080E-2 -1.7644200E-4
-2.9991150E-2 -1.6972660E-4
3.4868720E-6 -1.6157880E-4
9.9265580E-3 -1.5827330E-4
2.0053390E-2 -1.5522300E-4
2.9883860E-2 -1.5184200E-4
4.0099140E-2 -1.4817700E-4
4.9846170E-2 -1.4403050E-4
6.0129640E-2 -1.3964650E-4
6.9819930E-2 -1.3492610E-4
8.0114840E-2 -1.3009530E-4
8.9816570E-2 -1.2462100E-4
1.0016820E-1 -1.1820700E-4
1.0987000E-1 -1.1102180E-4
1.1999370E-1 -1.0260150E-4
1.2999200E-1 -9.3993810E-5
1.4000180E-1 -8.4821830E-5
1.5003400E-1 -7.3674660E-5
1.5996410E-1 -6.2143010E-5
1.6999630E-1 -4.7511100E-5
1.7986920E-1 -3.1476370E-5
1.8998150E-1 -1.1810800E-5
1.9984290E-1 9.6126860E-6
2.0990990E-1 3.5065330E-5
2.1999030E-1 6.5146440E-5
2.3001150E-1 1.0082030E-4
2.4004410E-1 1.4184040E-4
2.4992850E-1 1.9552980E-4
2.5992680E-1 2.5228690E-4
2.6993660E-1 3.2379730E-4
2.7993490E-1 4.0063120E-4
2.8995610E-1 5.0625270E-4
2.9994300E-1 6.2319450E-4
3.0996420E-1 7.7410230E-4
3.1997390E-1 9.2387340E-4
3.2997230E-1 1.0988380E-3
3.3993630E-1 1.3006240E-3
3.4995750E-1 1.5422220E-3
3.5997820E-1 1.7732740E-3
3.6993120E-1 2.0368940E-3
3.7997480E-1 2.2947770E-3
3.8992790E-1 2.6121750E-3
3.9993760E-1 2.9253440E-3
4.0995880E-1 3.2896830E-3
4.1994570E-1 3.6158900E-3
4.2998930E-1 3.9825480E-3
4.3994240E-1 4.3164040E-3
4.4995210E-1 4.7135430E-3
4.5992760E-1 5.0991510E-3
4.6998260E-1 5.5278740E-3
4.7999240E-1 5.9190450E-3
4.9002500E-1 6.3377990E-3
5.0001190E-1 6.7442690E-3
5.0997590E-1 7.1793090E-3
5.1999710E-1 7.6227520E-3
5.2994970E-1 8.0643990E-3
5.4001670E-1 8.5062760E-3
5.5002640E-1 8.9311150E-3
5.5996750E-1 9.4030130E-3
5.7006840E-1 9.8627400E-3
5.8000990E-1 1.0368250E-2
5.9003110E-1 1.0799680E-2
6.0002950E-1 1.1282850E-2
