0.000E+0 -0.0646765949
1.000E-2 -0.0646710706
2.000E-2 -0.0646655076
3.000E-2 -0.0646599008
4.000E-2 -0.0646542432
5.000E-2 -0.0646485253
6.000E-2 -0.0646427343
7.000E-2 -0.0646368531
8.000E-2 -0.0646308585
9.000E-2 -0.0646247195
1.000E-1 -0.064618395
1.100E-1 -0.0646118308
1.200E-1 -0.0646049556
1.300E-1 -0.0645976767
1.400E-1 -0.0645898736
1.500E-1 -0.0645813896
1.600E-1 -0.0645720214
1.700E-1 -0.0645615034
1.800E-1 -0.0645494862
1.900E-1 -0.0645355063
2.000E-1 -0.064518942
2.100E-1 -0.0644989497
2.200E-1 -0.0644743732
2.300E-1 -0.0644436106
2.400E-1 -0.0644044231
2.500E-1 -0.0643536554
2.600E-1 -0.0642868284
2.700E-1 -0.064197542
2.800E-1 -0.0640765995
2.900E-1 -0.0639107192
3.000E-1 -0.0636806345
3.100E-1 -0.0633582888
3.200E-1 -0.0629026873
3.300E-1 -0.0622537562
3.400E-1 -0.0613232405
3.500E-1 -0.0599812033
3.600E-1 -0.0580359869
3.700E-1 -0.0552044477
3.800E-1 -0.0510677268
3.900E-1 -0.0450054946
4.000E-1 -0.0360981648
4.100E-1 -0.0229814312
4.200E-1 -0.00362984117
4.300E-1 0.0249652539
