-9.0065960E-2 -1.3515820E-6
-5.9970380E-2 -9.9042670E-7
-2.9989240E-2 -5.5671910E-7
4.6405200E-4 -6.8558850E-10
9.8859370E-3 2.1683630E-7
1.9961540E-2 4.5494770E-7
3.0007840E-2 7.6191260E-7
3.9823060E-2 1.0172280E-6
5.0094600E-2 1.4204850E-6
5.9841160E-2 1.8149290E-6
7.0021150E-2 2.2937510E-6
7.9996110E-2 2.8024970E-6
8.9971070E-2 3.3942270E-6
1.0001420E-1 4.0645030E-6
1.1001210E-1 4.8628990E-6
1.1997560E-1 5.7703360E-6
1.2998490E-1 6.7854180E-6
1.3998220E-1 7.9352780E-6
1.4999150E-1 9.2537680E-6
1.5996650E-1 1.0793840E-5
1.6998670E-1 1.2558450E-5
1.7997310E-1 1.4614150E-5
1.9000480E-1 1.7018950E-5
1.9996830E-1 1.9886490E-5
2.0997760E-1 2.3320010E-5
2.1995540E-1 2.7508550E-5
2.2993040E-1 3.2666070E-5
2.3999640E-1 3.9116170E-5
2.4993710E-1 4.7232850E-5
2.5992350E-1 5.7601850E-5
2.6993270E-1 7.1141650E-5
2.7990770E-1 8.8954650E-5
2.8995080E-1 1.1268700E-4
2.9993720E-1 1.4367070E-4
3.0994650E-1 1.8509220E-4
3.1994440E-1 2.4121420E-4
3.2995320E-1 3.1608370E-4
3.3995100E-1 4.1587140E-4
3.4996030E-1 5.4741370E-4
3.5995820E-1 7.1986760E-4
3.6993310E-1 9.4534640E-4
3.7999920E-1 1.2425430E-3
3.8995120E-1 1.6104540E-3
3.9993760E-1 2.0640700E-3
4.0995840E-1 2.6190370E-3
4.1993330E-1 3.2834090E-3
4.2999940E-1 4.0603750E-3
4.3996290E-1 4.9418210E-3
4.4996070E-1 5.9194600E-3
4.5994710E-1 6.9986230E-3
4.6999030E-1 8.1711410E-3
4.7999950E-1 9.4424020E-3
4.9003120E-1 1.0785740E-2
5.0001760E-1 1.2205050E-2
5.0998120E-1 1.3689250E-2
5.2000190E-1 1.5231970E-2
5.2997680E-1 1.6808850E-2
5.4000850E-1 1.8436730E-2
5.5001780E-1 2.0108040E-2
5.5999280E-1 2.1833820E-2
5.7007030E-1 2.3598980E-2
5.7999990E-1 2.5378050E-2
5.9002020E-1 2.7172190E-2
6.0001800E-1 2.8998180E-2
