-9.0043540E-2 -6.4520140E-4
-5.9993740E-2 -6.4473760E-4
-2.9989240E-2 -6.4420990E-4
1.6749200E-3 -6.4308490E-4
1.1941430E-2 -6.4208750E-4
1.9722580E-2 -6.4130470E-4
3.0008320E-2 -6.4374020E-4
3.9960380E-2 -6.4335160E-4
4.9992080E-2 -6.4303270E-4
5.9978490E-2 -6.4264410E-4
6.9976330E-2 -6.4207590E-4
8.0031390E-2 -6.4146700E-4
8.9983460E-2 -6.4085810E-4
1.0000370E-1 -6.4013910E-4
1.0999010E-1 -6.3930410E-4
1.1998800E-1 -6.3839360E-4
1.2999730E-1 -6.3727450E-4
1.3999510E-1 -6.3609730E-4
1.5000440E-1 -6.3470550E-4
1.5996790E-1 -6.3309340E-4
1.7001100E-1 -6.3118560E-4
1.7999740E-1 -6.2910970E-4
1.9000670E-1 -6.2661040E-4
1.9995880E-1 -6.2368780E-4
2.0997950E-1 -6.2012140E-4
2.1997930E-1 -6.1583600E-4
2.2992040E-1 -6.1055910E-4
2.3998640E-1 -6.0389040E-4
2.4992750E-1 -5.9559230E-4
2.5993680E-1 -5.8479480E-4
2.6994560E-1 -5.7063400E-4
2.7994350E-1 -5.5199640E-4
2.8996420E-1 -5.2744990E-4
2.9995060E-1 -4.9487770E-4
3.0998280E-1 -4.5105570E-4
3.1996920E-1 -3.9176830E-4
3.2996700E-1 -3.1214420E-4
3.3995340E-1 -2.0581640E-4
3.4996270E-1 -6.3557800E-5
3.5891150E-1 7.6510890E-5
3.6992410E-1 3.6119060E-4
3.7997910E-1 6.7437490E-4
3.9001080E-1 1.0697510E-3
3.9994050E-1 1.5453320E-3
4.0998410E-1 2.1316540E-3
4.1994760E-1 2.8281360E-3
4.2999080E-1 3.6377330E-3
4.3994330E-1 4.5489710E-3
4.4996400E-1 5.5554170E-3
4.5997290E-1 6.6672730E-3
4.6998210E-1 7.8742800E-3
4.8000290E-1 9.1721490E-3
4.9000070E-1 1.0540200E-2
5.0002150E-1 1.1983280E-2
5.0996210E-1 1.3487770E-2
5.2001710E-1 1.5050770E-2
5.2998070E-1 1.6639260E-2
5.4002430E-1 1.8290310E-2
5.5001070E-1 1.9987720E-2
5.6000850E-1 2.1729140E-2
5.7007460E-1 2.3503590E-2
5.8001570E-1 2.5289620E-2
5.9003590E-1 2.7096520E-2
6.0002280E-1 2.8945700E-2
