-9.0152260E-2 -1.5472110E-4
-6.0043330E-2 -1.5255220E-4
-3.0059810E-2 -1.4976270E-4
9.6559520E-5 -1.4669490E-4
9.9962060E-3 -1.4539020E-4
2.0019530E-2 -1.4412590E-4
3.0066970E-2 -1.4267610E-4
3.9985660E-2 -1.4083770E-4
4.9938200E-2 -1.3911540E-4
6.0005190E-2 -1.3710300E-4
6.9969650E-2 -1.3487040E-4
8.0013280E-2 -1.3216210E-4
8.9977740E-2 -1.2936090E-4
9.9919320E-2 -1.2570760E-4
1.0983750E-1 -1.2190900E-4
1.1999560E-1 -1.1749010E-4
1.2998290E-1 -1.1265930E-4
1.3991260E-1 -1.0616980E-4
1.5002540E-1 -9.8500230E-5
1.5990970E-1 -8.9752020E-5
1.7001060E-1 -7.8849390E-5
1.8002030E-1 -6.6686010E-5
1.9007590E-1 -5.2254530E-5
1.9991490E-1 -3.5419250E-5
2.0994760E-1 -1.5355520E-5
2.2013090E-1 8.2779640E-6
2.2986700E-1 3.2560010E-5
2.3984290E-1 6.0505710E-5
2.4995520E-1 9.4516920E-5
2.5994250E-1 1.2451990E-4
2.7007770E-1 1.6352630E-4
2.7993970E-1 2.0249770E-4
2.8988080E-1 2.4817910E-4
2.9987960E-1 2.8969070E-4
3.0996890E-1 3.3623030E-4
3.1989910E-1 3.7979500E-4
3.3005710E-1 4.3095090E-4
3.3981660E-1 4.8019290E-4
3.4998560E-1 5.3693940E-4
3.6002970E-1 5.8712690E-4
3.6994840E-1 6.4218580E-4
3.7992430E-1 6.9371280E-4
3.8991120E-1 7.5163060E-4
3.9993290E-1 8.0865550E-4
4.0993120E-1 8.7001830E-4
4.2002110E-1 9.2670670E-4
4.3001940E-1 9.8351690E-4
4.4010930E-1 1.0417890E-3
4.4997070E-1 1.1073740E-3
4.5990090E-1 1.1661370E-3
4.6997930E-1 1.2276250E-3
4.8000050E-1 1.2870840E-3
4.8995300E-1 1.3529750E-3
5.0002000E-1 1.4142880E-3
5.0995020E-1 1.4769340E-3
5.1997140E-1 1.5430000E-3
5.3000400E-1 1.6072110E-3
5.4003670E-1 1.6733930E-3
5.5003550E-1 1.7374290E-3
5.5996560E-1 1.8056390E-3
5.7003210E-1 1.8683430E-3
5.8003090E-1 1.9358010E-3
5.8999490E-1 1.9965920E-3
5.9995940E-1 2.0696110E-3
