-9.0049740E-2 -1.7008910E-4
-5.9974670E-2 -1.6794330E-4
-3.0094150E-2 -1.6506690E-4
8.8304280E-5 -1.6179030E-4
9.9361240E-3 -1.6056080E-4
1.9998340E-2 -1.5904150E-4
3.0124190E-2 -1.5763810E-4
3.9962770E-2 -1.5588680E-4
4.9927230E-2 -1.5374100E-4
5.9971330E-2 -1.5197800E-4
7.0003990E-2 -1.4941480E-4
7.9956530E-2 -1.4712410E-4
9.0046410E-2 -1.4400980E-4
9.9976060E-2 -1.4052450E-4
1.1000870E-1 -1.3598960E-4
1.2002990E-1 -1.3150670E-4
1.3002870E-1 -1.2612510E-4
1.4012960E-1 -1.2009380E-4
1.5005970E-1 -1.1256060E-4
1.6001220E-1 -1.0317170E-4
1.7001060E-1 -9.1753350E-5
1.7988400E-1 -8.0209330E-5
1.8995050E-1 -6.5670550E-5
2.0001750E-1 -5.1453640E-5
2.1014120E-1 -3.0608160E-5
2.1938940E-1 -7.9873630E-6
2.2987840E-1 1.5953120E-5
2.4010470E-1 4.3691210E-5
2.4992080E-1 7.5781670E-5
2.5995350E-1 1.0941270E-4
2.6991800E-1 1.3983600E-4
2.7995060E-1 1.7911500E-4
2.8990320E-1 2.1780240E-4
2.9991340E-1 2.6248020E-4
3.0994610E-1 3.0487330E-4
3.2003550E-1 3.4913400E-4
3.2999990E-1 3.9506470E-4
3.3994150E-1 4.4350650E-4
3.4991690E-1 4.9723150E-4
3.6009790E-1 5.4572550E-4
3.6989120E-1 5.9681760E-4
3.8006070E-1 6.4233090E-4
3.9004800E-1 6.9936710E-4
4.0002350E-1 7.5275010E-4
4.0995360E-1 8.1647890E-4
4.2005440E-1 8.6697960E-4
4.3008760E-1 9.2650390E-4
4.3992610E-1 9.7467890E-4
4.4998170E-1 1.0360300E-3
4.5995760E-1 1.0987390E-3
4.6996740E-1 1.1579080E-3
4.8000000E-1 1.2097750E-3
4.9008940E-1 1.2752600E-3
5.0001960E-1 1.3349520E-3
5.1002980E-1 1.4055370E-3
5.2009630E-1 1.4623310E-3
5.2999260E-1 1.5260200E-3
5.4007050E-1 1.5804950E-3
5.5006930E-1 1.6462130E-3
5.5999950E-1 1.7074680E-3
5.7003210E-1 1.7818210E-3
5.8006480E-1 1.8445830E-3
5.9006310E-1 1.9112860E-3
6.0005000E-1 1.9689480E-3
