-9.0105060E-2 -1.7803670E-4
-5.9985640E-2 -1.7569390E-4
-2.9979710E-2 -1.7314230E-4
-2.8312210E-5 -1.6986580E-4
9.9183020E-3 -1.6881610E-4
1.9910840E-2 -1.6728510E-4
2.9997830E-2 -1.6612540E-4
4.0030480E-2 -1.6423480E-4
5.0096990E-2 -1.6264580E-4
5.9969900E-2 -1.6051750E-4
7.0059300E-2 -1.5829640E-4
7.9977990E-2 -1.5577380E-4
8.9976310E-2 -1.5301350E-4
9.9905970E-2 -1.4960360E-4
1.1004110E-1 -1.4593270E-4
1.2002800E-1 -1.4190240E-4
1.3009450E-1 -1.3685720E-4
1.3996740E-1 -1.3070410E-4
1.5001150E-1 -1.2273620E-4
1.5998700E-1 -1.1459410E-4
1.7001910E-1 -1.0443990E-4
1.7998310E-1 -9.2039490E-5
1.8993620E-1 -7.9949370E-5
2.0000270E-1 -6.1436660E-5
2.0990990E-1 -4.1896910E-5
2.1999030E-1 -1.6206570E-5
2.2987460E-1 1.0562490E-5
2.4006700E-1 4.0029450E-5
2.4987130E-1 7.5205740E-5
2.5994970E-1 1.1830130E-4
2.6991370E-1 1.5853620E-4
2.8003740E-1 2.0556830E-4
2.8996750E-1 2.5074420E-4
3.0001120E-1 3.0462490E-4
3.0989550E-1 3.6041370E-4
3.1991670E-1 4.2009350E-4
3.3000610E-1 4.7983160E-4
3.3989050E-1 5.3750490E-4
3.4993460E-1 6.0479930E-4
3.5994430E-1 6.7108450E-4
3.6984010E-1 7.4857400E-4
3.7990670E-1 8.1191910E-4
3.8988210E-1 8.8340630E-4
3.9993760E-1 9.4454760E-4
4.0990160E-1 1.0245830E-3
4.2003680E-1 1.1025460E-3
4.2997790E-1 1.1768970E-3
4.3993090E-1 1.2460910E-3
4.4987200E-1 1.3283250E-3
4.5995040E-1 1.4059210E-3
4.7000550E-1 1.4958030E-3
4.8006110E-1 1.5677210E-3
4.9003650E-1 1.6495470E-3
4.9993230E-1 1.7181620E-3
5.0999880E-1 1.8068270E-3
5.2002000E-1 1.8861050E-3
5.3001830E-1 1.9818970E-3
5.3994800E-1 2.0592050E-3
5.5002640E-1 2.1454930E-3
5.6000190E-1 2.2178760E-3
5.6998870E-1 2.3077580E-3
5.8000990E-1 2.3895260E-3
5.8998540E-1 2.4839860E-3
5.9994940E-1 2.5654660E-3
