-9.0077400E-2 -1.9808490E-4
-5.9970380E-2 -1.9664100E-4
-2.9954910E-2 -1.9519710E-4
-1.9204620E-4 -1.9393860E-4
1.0286420E-2 -1.9338770E-4
2.0113500E-2 -1.9270930E-4
3.0030730E-2 -1.9251800E-4
3.9982800E-2 -1.9188590E-4
5.0060270E-2 -1.9167710E-4
5.9966560E-2 -1.9102760E-4
6.9975850E-2 -1.9054640E-4
8.0007550E-2 -1.8976350E-4
8.9993950E-2 -1.8896330E-4
1.0000320E-1 -1.8801230E-4
1.1001210E-1 -1.8721200E-4
1.2002130E-1 -1.8623790E-4
1.2995050E-1 -1.8525790E-4
1.3995980E-1 -1.8372120E-4
1.5003730E-1 -1.8199310E-4
1.5995500E-1 -1.7958660E-4
1.7007830E-1 -1.7660020E-4
1.8000750E-1 -1.7252950E-4
1.9001630E-1 -1.6762360E-4
2.0004840E-1 -1.6091450E-4
2.1000050E-1 -1.5133480E-4
2.2005800E-1 -1.3936600E-4
2.2994140E-1 -1.2222470E-4
2.3992780E-1 -1.0279870E-4
2.4980020E-1 -7.2487500E-5
2.5984380E-1 -2.9541260E-5
2.6956800E-1 2.4082560E-5
2.7995300E-1 1.0621550E-4
2.8992800E-1 1.9526920E-4
2.9994870E-1 3.4005060E-4
3.0990080E-1 5.1415710E-4
3.1996680E-1 7.8164320E-4
3.2991930E-1 1.0369440E-3
3.3999680E-1 1.4299450E-3
3.4997180E-1 1.8926020E-3
3.5999200E-1 2.5223790E-3
3.6987590E-1 3.1366850E-3
3.7997630E-1 3.9075090E-3
3.8988300E-1 4.6568330E-3
3.9990330E-1 5.6671540E-3
4.0992400E-1 6.6808950E-3
4.2001300E-1 7.9447380E-3
4.2998790E-1 9.0642350E-3
4.4001960E-1 1.0362330E-2
4.5000600E-1 1.1653540E-2
4.5996950E-1 1.3053750E-2
4.7000170E-1 1.4307960E-2
4.8003340E-1 1.5871520E-2
4.9000840E-1 1.7350510E-2
5.0007490E-1 1.9094820E-2
5.1000400E-1 2.0573230E-2
5.2001330E-1 2.2238180E-2
5.2999970E-1 2.3696300E-2
5.4003140E-1 2.5431350E-2
5.5001780E-1 2.7092830E-2
5.5999280E-1 2.8897960E-2
5.7007030E-1 3.0591290E-2
