-9.0125080E-2 -4.1428190E-6
-5.9937950E-2 -2.7758090E-6
-2.9967310E-2 -1.4076560E-6
-4.0084120E-5 3.6717890E-8
9.8496380E-3 5.2602040E-7
1.9852460E-2 1.0269960E-6
3.0019760E-2 1.5169460E-6
3.9960860E-2 2.0689400E-6
4.9958710E-2 2.5757960E-6
5.9922700E-2 3.1735620E-6
6.9988730E-2 3.7765280E-6
8.0032350E-2 4.5090750E-6
9.0018750E-2 5.1648490E-6
1.0001710E-1 5.9600970E-6
1.0992340E-1 6.7479890E-6
1.1997840E-1 7.8789220E-6
1.2996480E-1 9.1102100E-6
1.3998560E-1 1.0562730E-5
1.5004060E-1 1.2580790E-5
1.6001610E-1 1.4960710E-5
1.7003680E-1 1.8460410E-5
1.7998890E-1 2.2306910E-5
1.8997530E-1 2.7819460E-5
1.9991640E-1 3.4104440E-5
2.1008540E-1 4.4304920E-5
2.1989200E-1 5.7408980E-5
2.2997000E-1 7.5614440E-5
2.3984240E-1 9.9682120E-5
2.4986310E-1 1.3149040E-4
2.5989530E-1 1.7443810E-4
2.6995040E-1 2.4144610E-4
2.7998260E-1 3.2133380E-4
2.9002620E-1 4.3457190E-4
3.0008130E-1 5.7460720E-4
3.0997660E-1 7.7550370E-4
3.1947330E-1 1.0377370E-3
3.2999560E-1 1.3921990E-3
3.3992530E-1 1.7695650E-3
3.4994600E-1 2.3233850E-3
3.5995530E-1 2.9515570E-3
3.6990790E-1 3.7906040E-3
3.7999680E-1 4.6583380E-3
3.9000650E-1 5.6933130E-3
3.9997010E-1 6.7853670E-3
4.0997930E-1 8.0586880E-3
4.1992040E-1 9.4623360E-3
4.2996410E-1 1.0897820E-2
4.3997340E-1 1.2446940E-2
4.4992590E-1 1.4200550E-2
4.6001530E-1 1.5915950E-2
4.6995590E-1 1.7676520E-2
4.8001100E-1 1.9513560E-2
4.8996350E-1 2.1424190E-2
5.0005250E-1 2.3466320E-2
5.1002790E-1 2.5447040E-2
5.1998040E-1 2.7500170E-2
5.2998970E-1 2.9418320E-2
5.3996470E-1 3.1669590E-2
