-9.0010640E-2 -4.1506480E-6
-5.9926030E-2 -2.7889090E-6
-3.0001160E-2 -1.3938900E-6
-3.4749510E-4 3.4381600E-8
1.0026280E-2 5.3475860E-7
2.0130310E-2 1.0137590E-6
2.9985900E-2 1.5682850E-6
3.9801120E-2 2.0806510E-6
5.0026890E-2 2.6501380E-6
5.9899330E-2 3.1505240E-6
7.0068360E-2 3.7862590E-6
7.9952240E-2 4.4054500E-6
9.0006830E-2 5.1958720E-6
1.0005040E-1 5.9525050E-6
1.1005970E-1 6.8763130E-6
1.1996650E-1 7.8553380E-6
1.2999870E-1 9.1206600E-6
1.4000750E-1 1.0764440E-5
1.4993720E-1 1.2460640E-5
1.5994640E-1 1.4910130E-5
1.6999010E-1 1.7947050E-5
1.7995360E-1 2.2222640E-5
1.9004250E-1 2.7486950E-5
1.9997220E-1 3.4512410E-5
2.0997000E-1 4.3886450E-5
2.1995880E-1 5.6448770E-5
2.3000190E-1 7.6117170E-5
2.4003410E-1 9.8637510E-5
2.4986120E-1 1.2977860E-4
2.5995020E-1 1.7343350E-4
2.6997090E-1 2.4026120E-4
2.8002600E-1 3.1716750E-4
2.8993270E-1 4.2765010E-4
2.9986190E-1 5.5735630E-4
3.0993990E-1 7.6363260E-4
3.1992630E-1 1.0147060E-3
3.2993560E-1 1.3621690E-3
3.3992240E-1 1.7515270E-3
3.4993170E-1 2.2978110E-3
3.5995240E-1 2.9344950E-3
3.7000700E-1 3.7822290E-3
3.7982270E-1 4.6230090E-3
3.8993450E-1 5.6460970E-3
3.9986420E-1 6.6532470E-3
4.0990780E-1 7.9947640E-3
4.1989420E-1 9.3299040E-3
4.2997170E-1 1.0838060E-2
4.3992420E-1 1.2383120E-2
4.4994500E-1 1.4207390E-2
4.5995430E-1 1.5810970E-2
4.7002030E-1 1.7615560E-2
4.8000720E-1 1.9252140E-2
4.9006180E-1 2.1281510E-2
5.0001430E-1 2.3198490E-2
5.0987530E-1 2.5431770E-2
5.1993040E-1 2.7348180E-2
5.2999640E-1 2.9487030E-2
5.4000620E-1 3.1383740E-2
