0.000E+0 0
1.000E-2 5.34771112E-14
2.000E-2 1.28647097E-13
3.000E-2 2.34370702E-13
4.000E-2 3.83129541E-13
5.000E-2 5.92507151E-13
6.000E-2 8.87277065E-13
7.000E-2 1.3023475E-12
8.000E-2 1.8869152E-12
9.000E-2 2.71032672E-12
1.000E-1 3.87035124E-12
1.100E-1 5.50486001E-12
1.200E-1 7.80831875E-12
1.300E-1 1.10550806E-11
1.400E-1 1.56322879E-11
1.500E-1 2.20863504E-11
1.600E-1 3.11886082E-11
1.700E-1 4.40280981E-11
1.800E-1 6.21426177E-11
1.900E-1 8.77039012E-11
2.000E-1 1.23779248E-10
2.100E-1 1.74701184E-10
2.200E-1 2.46589757E-10
2.300E-1 3.48090527E-10
2.400E-1 4.91417305E-10
2.500E-1 6.93825541E-10
2.600E-1 9.79694235E-10
2.700E-1 1.38346767E-9
2.800E-1 1.95381224E-9
2.900E-1 2.75949011E-9
3.000E-1 3.89765905E-9
3.100E-1 5.50560054E-9
3.200E-1 7.77729212E-9
3.300E-1 1.09868253E-8
3.400E-1 1.55214958E-8
3.500E-1 2.1928563E-8
3.600E-1 3.09813212E-8
3.700E-1 4.37724614E-8
3.800E-1 6.1845991E-8
3.900E-1 8.73836308E-8
4.000E-1 1.23468179E-7
4.100E-1 1.74455597E-7
4.200E-1 2.46500668E-7
4.300E-1 3.48299516E-7
4.400E-1 4.92138306E-7
4.500E-1 6.95374034E-7
