0.000E+0 0
1.000E-2 1.16033713E-13
2.000E-2 2.76008313E-13
3.000E-2 4.97070223E-13
4.000E-2 8.03054027E-13
5.000E-2 1.22709811E-12
6.000E-2 1.81529269E-12
7.000E-2 2.63177503E-12
8.000E-2 3.76585672E-12
9.000E-2 5.34200984E-12
1.000E-1 7.53388037E-12
1.100E-1 1.05839816E-11
1.200E-1 1.48314051E-11
1.300E-1 2.07508518E-11
1.400E-1 2.90076511E-11
1.500E-1 4.05353594E-11
1.600E-1 5.66452426E-11
1.700E-1 7.91807802E-11
1.800E-1 1.1073574E-10
1.900E-1 1.54962007E-10
2.000E-1 2.17004164E-10
2.100E-1 3.04113056E-10
2.200E-1 4.26512134E-10
2.300E-1 5.98620858E-10
2.400E-1 8.407824E-10
2.500E-1 1.18170378E-9
2.600E-1 1.66190243E-9
2.700E-1 2.3385744E-9
2.800E-1 3.29247126E-9
2.900E-1 4.63761452E-9
3.000E-1 6.53501896E-9
3.100E-1 9.21207961E-9
3.200E-1 1.29899598E-8
3.300E-1 1.83222827E-8
3.400E-1 2.58497899E-8
3.500E-1 3.64775541E-8
3.600E-1 5.14840448E-8
3.700E-1 7.2675175E-8
3.800E-1 1.02601848E-7
3.900E-1 1.44867117E-7
4.000E-1 2.04559747E-7
4.100E-1 2.88865931E-7
4.200E-1 4.07931867E-7
4.300E-1 5.76079019E-7
4.400E-1 8.13514211E-7
4.500E-1 1.1487319E-6
