0.000E+0 0
1.000E-2 7.4750386E-15
2.000E-2 1.82994797E-14
3.000E-2 3.39902912E-14
4.000E-2 5.67488898E-14
5.000E-2 8.97684959E-14
6.000E-2 1.37679126E-13
7.000E-2 2.07192006E-13
8.000E-2 3.08033233E-13
9.000E-2 4.54297614E-13
1.000E-1 6.66413945E-13
1.100E-1 9.74001862E-13
1.200E-1 1.42003138E-12
1.300E-1 2.06688954E-12
1.400E-1 3.00524371E-12
1.500E-1 4.36701104E-12
1.600E-1 6.34436157E-12
1.700E-1 9.21759136E-12
1.800E-1 1.33960359E-11
1.900E-1 1.94781545E-11
2.000E-1 2.83397971E-11
2.100E-1 4.12638953E-11
2.200E-1 6.01310477E-11
2.300E-1 8.76996218E-11
2.400E-1 1.28017462E-10
2.500E-1 1.87027104E-10
2.600E-1 2.73455528E-10
2.700E-1 4.00122351E-10
2.800E-1 5.85863366E-10
2.900E-1 8.58359076E-10
3.000E-1 1.25829414E-9
3.100E-1 1.84547415E-9
3.200E-1 2.70782086E-9
3.300E-1 3.97459994E-9
3.400E-1 5.83587204E-9
3.500E-1 8.57109171E-9
3.600E-1 1.259115E-8
3.700E-1 1.84999182E-8
3.800E-1 2.71863209E-8
3.900E-1 3.99543307E-8
4.000E-1 5.87235347E-8
4.100E-1 8.63114012E-8
4.200E-1 1.26857097E-7
4.300E-1 1.86424391E-7
4.400E-1 2.73916538E-7
4.500E-1 4.02359263E-7
