-5.351E+0 -1.748E-5
-5.132E+0 -1.441E-5
-4.922E+0 -1.200E-5
-4.698E+0 -9.983E-6
-4.492E+0 -8.200E-6
-4.268E+0 -6.682E-6
-4.079E+0 -5.657E-6
-3.897E+0 -4.720E-6
-3.719E+0 -3.697E-6
-3.518E+0 -2.960E-6
-3.321E+0 -2.337E-6
-3.128E+0 -1.777E-6
-2.951E+0 -1.100E-6
-2.656E+0 -9.464E-7
-2.485E+0 -6.263E-7
-2.302E+0 -4.327E-7
-2.150E+0 -3.129E-7
-1.906E+0 -1.976E-7
-1.698E+0 -1.344E-7
-1.496E+0 -8.000E-8
-1.291E+0 -5.000E-8
-1.113E+0 -3.100E-8
1.490E-1 3.300E-8
1.700E-1 5.000E-8
1.880E-1 1.318E-7
2.080E-1 2.068E-7
2.280E-1 3.046E-7
2.490E-1 4.720E-7
2.700E-1 7.702E-7
2.900E-1 1.162E-6
3.100E-1 1.616E-6
3.180E-1 2.083E-6
3.300E-1 2.770E-6
3.390E-1 3.226E-6
3.490E-1 3.949E-6
3.610E-1 5.119E-6
3.690E-1 5.898E-6
3.790E-1 7.130E-6
3.910E-1 9.107E-6
4.010E-1 1.058E-5
4.100E-1 1.169E-5
4.210E-1 1.355E-5
4.290E-1 1.558E-5
4.410E-1 1.899E-5
4.520E-1 2.221E-5
4.610E-1 2.528E-5
4.710E-1 2.902E-5
4.790E-1 3.142E-5
4.920E-1 3.538E-5
5.010E-1 4.022E-5
5.500E-1 6.500E-5
6.000E-1 9.558E-5
6.510E-1 1.331E-4
7.020E-1 1.724E-4
7.510E-1 2.146E-4
7.990E-1 2.625E-4
9.020E-1 3.660E-4
9.940E-1 4.634E-4
