0.000E+0 0
1.000E-2 2.85933712E-13
2.000E-2 6.88675793E-13
3.000E-2 1.25609125E-12
4.000E-2 2.0556617E-12
5.000E-2 3.18252825E-12
6.000E-2 4.77083607E-12
7.000E-2 7.0097398E-12
8.000E-2 1.01659889E-11
9.000E-2 1.4615806E-11
1.000E-1 2.08898905E-11
1.100E-1 2.9736965E-11
1.200E-1 4.22135207E-11
1.300E-1 5.98105751E-11
1.400E-1 8.46327346E-11
1.500E-1 1.19651157E-10
1.600E-1 1.69060928E-10
1.700E-1 2.38785967E-10
1.800E-1 3.37192399E-10
1.900E-1 4.76096429E-10
2.000E-1 6.72188391E-10
2.100E-1 9.49044747E-10
2.200E-1 1.33997097E-9
2.300E-1 1.89201826E-9
2.400E-1 2.67165909E-9
2.500E-1 3.77280656E-9
2.600E-1 5.3281455E-9
2.700E-1 7.52514359E-9
2.800E-1 1.06286747E-8
2.900E-1 1.50129858E-8
3.000E-1 2.12068686E-8
3.100E-1 2.99574851E-8
3.200E-1 4.2320557E-8
3.300E-1 5.97878071E-8
3.400E-1 8.44670335E-8
3.500E-1 1.19336568E-7
3.600E-1 1.68604827E-7
3.700E-1 2.38218367E-7
3.800E-1 3.36524199E-7
3.900E-1 4.75483579E-7
4.000E-1 6.71831213E-7
4.100E-1 9.49269055E-7
4.200E-1 1.3412881E-6
4.300E-1 1.89521088E-6
4.400E-1 2.67790278E-6
4.500E-1 3.78391031E-6
