0.000E+0 -0.261890809
1.000E-2 -0.261890146
2.000E-2 -0.261889479
3.000E-2 -0.261888807
4.000E-2 -0.261888128
5.000E-2 -0.261887442
6.000E-2 -0.261886746
7.000E-2 -0.261886039
8.000E-2 -0.261885316
9.000E-2 -0.261884571
1.000E-1 -0.261883798
1.100E-1 -0.261882984
1.200E-1 -0.261882111
1.300E-1 -0.261881156
1.400E-1 -0.261880081
1.500E-1 -0.261878835
1.600E-1 -0.26187734
1.700E-1 -0.261875482
1.800E-1 -0.261873098
1.900E-1 -0.261869947
2.000E-1 -0.261865675
2.100E-1 -0.26185977
2.200E-1 -0.261851479
2.300E-1 -0.261839704
2.400E-1 -0.261822837
2.500E-1 -0.261798531
2.600E-1 -0.261763353
2.700E-1 -0.261712286
2.800E-1 -0.261637995
2.900E-1 -0.261529758
3.000E-1 -0.261371901
3.100E-1 -0.261141509
3.200E-1 -0.260805088
3.300E-1 -0.260313669
3.400E-1 -0.25959567
3.500E-1 -0.258546445
3.600E-1 -0.257013016
3.700E-1 -0.25477175
3.800E-1 -0.251495721
3.900E-1 -0.246707012
4.000E-1 -0.23970697
4.100E-1 -0.229474265
4.200E-1 -0.214515871
4.300E-1 -0.192649234
4.400E-1 -0.160683873
4.500E-1 -0.113956011
4.600E-1 -0.0456484468
4.700E-1 0.0542033058
