0.000E+0 0
1.000E-2 3.45391005E-16
2.000E-2 8.35100802E-16
3.000E-2 1.53204261E-15
4.000E-2 2.52610527E-15
5.000E-2 3.94548799E-15
6.000E-2 5.97271158E-15
7.000E-2 8.8672279E-15
8.000E-2 1.2997367E-14
9.000E-2 1.88855608E-14
1.000E-1 2.72725649E-14
1.100E-1 3.92090739E-14
1.200E-1 5.61871596E-14
1.300E-1 8.03300608E-14
1.400E-1 1.14668037E-13
1.500E-1 1.63541769E-13
1.600E-1 2.33195329E-13
1.700E-1 3.32651179E-13
1.800E-1 4.75004839E-13
1.900E-1 6.79343649E-13
2.000E-1 9.73593379E-13
2.100E-1 1.39874389E-12
2.200E-1 2.01512492E-12
2.300E-1 2.9117306E-12
2.400E-1 4.22007952E-12
2.500E-1 6.13482511E-12
2.600E-1 8.94441602E-12
2.700E-1 1.30767228E-11
2.800E-1 1.91669574E-11
2.900E-1 2.81588021E-11
3.000E-1 4.14550215E-11
3.100E-1 6.11418032E-11
3.200E-1 9.03229772E-11
3.300E-1 1.33617982E-10
3.400E-1 1.97903683E-10
3.500E-1 2.93420891E-10
3.600E-1 4.35421239E-10
3.700E-1 6.4662391E-10
3.800E-1 9.60876048E-10
3.900E-1 1.42860865E-9
4.000E-1 2.12496825E-9
4.100E-1 3.16193619E-9
4.200E-1 4.70638987E-9
4.300E-1 7.00703214E-9
4.400E-1 1.04344263E-8
4.500E-1 1.55407915E-8
