-8.9999680E-2 -6.3865350E-6
-6.0074330E-2 -4.5828510E-6
-2.9989720E-2 -2.4794320E-6
3.7640330E-5 -5.3084080E-9
9.6305610E-3 9.1166820E-7
1.9814790E-2 1.8523130E-6
2.9952050E-2 3.1061720E-6
3.9972780E-2 4.3645300E-6
5.0061700E-2 5.7451820E-6
5.9979920E-2 7.2488860E-6
6.9966320E-2 8.7676760E-6
7.9918860E-2 1.0825420E-5
8.9916710E-2 1.2838830E-5
1.0004000E-1 1.5171780E-5
1.0990100E-1 1.7877610E-5
1.1997890E-1 2.1045620E-5
1.2997670E-1 2.5081160E-5
1.4005470E-1 2.9153230E-5
1.4996100E-1 3.4241300E-5
1.5997080E-1 3.9453470E-5
1.7005970E-1 4.7369130E-5
1.7998930E-1 5.6074610E-5
1.9005540E-1 6.8719380E-5
1.9989400E-1 8.0761060E-5
2.1001720E-1 9.7403100E-5
2.1996020E-1 1.1512520E-4
2.3000380E-1 1.4312890E-4
2.3994490E-1 1.6950300E-4
2.4996570E-1 2.0511490E-4
2.5991820E-1 2.3863930E-4
2.6988220E-1 2.8769930E-4
2.7990290E-1 3.3770430E-4
2.8988930E-1 4.0387730E-4
2.9992150E-1 4.6574160E-4
3.0999950E-1 5.3841530E-4
3.1994060E-1 6.0925660E-4
3.2997270E-1 6.9196820E-4
3.3994770E-1 7.8031680E-4
3.5002570E-1 8.7202880E-4
3.5992100E-1 9.6556750E-4
3.6996460E-1 1.0609030E-3
3.7997390E-1 1.1575040E-3
3.8994930E-1 1.2740980E-3
3.9991280E-1 1.3759730E-3
4.1003660E-1 1.4875830E-3
4.1985180E-1 1.5914290E-3
4.3005510E-1 1.7076750E-3
4.3993900E-1 1.8278620E-3
4.4998260E-1 1.9440500E-3
4.6000340E-1 2.0620360E-3
4.7002410E-1 2.1689520E-3
4.8011350E-1 2.2988150E-3
4.9008890E-1 2.4222470E-3
4.9993850E-1 2.5653240E-3
5.0994780E-1 2.6780370E-3
5.2004860E-1 2.8067420E-3
5.2992110E-1 2.9126720E-3
5.3995320E-1 3.0538960E-3
5.5003120E-1 3.1779650E-3
5.5991510E-1 3.3288080E-3
5.7012990E-1 3.4498630E-3
5.8004810E-1 3.5860450E-3
5.9001160E-1 3.6994500E-3
5.9996410E-1 3.8404990E-3
