8.613E-6 -2.412E-4
8.772E-3 -2.397E-4
1.873E-2 -2.380E-4
2.846E-2 -2.361E-4
3.823E-2 -2.345E-4
4.817E-2 -2.326E-4
5.939E-2 -2.305E-4
6.924E-2 -2.285E-4
7.885E-2 -2.265E-4
8.867E-2 -2.247E-4
9.850E-2 -2.227E-4
1.095E-1 -2.202E-4
1.197E-1 -2.181E-4
1.295E-1 -2.157E-4
1.391E-1 -2.132E-4
1.487E-1 -2.108E-4
1.601E-1 -2.080E-4
1.701E-1 -2.054E-4
1.795E-1 -2.023E-4
1.895E-1 -1.992E-4
1.993E-1 -1.958E-4
2.093E-1 -1.926E-4
2.206E-1 -1.881E-4
2.304E-1 -1.843E-4
2.402E-1 -1.803E-4
2.499E-1 -1.755E-4
2.597E-1 -1.715E-4
2.711E-1 -1.657E-4
2.809E-1 -1.602E-4
2.907E-1 -1.553E-4
3.003E-1 -1.494E-4
3.102E-1 -1.431E-4
3.213E-1 -1.361E-4
3.310E-1 -1.291E-4
3.411E-1 -1.219E-4
3.509E-1 -1.147E-4
3.608E-1 -1.075E-4
3.717E-1 -9.850E-5
3.816E-1 -9.080E-5
3.915E-1 -8.185E-5
4.013E-1 -7.345E-5
4.211E-1 -5.649E-5
4.421E-1 -3.582E-5
4.615E-1 -1.580E-5
4.827E-1 4.679E-6
5.025E-1 2.465E-5
5.529E-1 7.596E-5
6.032E-1 1.231E-4
6.539E-1 1.661E-4
7.042E-1 2.052E-4
7.546E-1 2.431E-4
8.053E-1 2.784E-4
8.558E-1 3.128E-4
9.061E-1 3.448E-4
9.565E-1 3.760E-4
1.006E+0 4.029E-4
