0.000000000E+0 7.155678000E-2
1.000000000E-4 7.155573000E-2
2.010000000E-4 7.155466000E-2
3.070000000E-4 7.155354000E-2
4.200000000E-4 7.155235000E-2
5.430000000E-4 7.155104000E-2
6.800000000E-4 7.154959000E-2
8.360000000E-4 7.154794000E-2
1.016000000E-3 7.154602000E-2
1.228000000E-3 7.154377000E-2
1.481000000E-3 7.154108000E-2
1.787000000E-3 7.153782000E-2
2.162000000E-3 7.153384000E-2
2.625000000E-3 7.152890000E-2
3.203000000E-3 7.152274000E-2
3.930000000E-3 7.151497000E-2
4.851000000E-3 7.150513000E-2
6.025000000E-3 7.149258000E-2
7.527000000E-3 7.147650000E-2
9.457000000E-3 7.145582000E-2
1.194300000E-2 7.142919000E-2
1.515000000E-2 7.139483000E-2
1.929000000E-2 7.135046000E-2
2.463200000E-2 7.129321000E-2
3.151700000E-2 7.121943000E-2
4.037200000E-2 7.112454000E-2
5.172500000E-2 7.100287000E-2
6.622700000E-2 7.084746000E-2
8.466500000E-2 7.064986000E-2
1.079840000E-1 7.039996000E-2
1.372950000E-1 7.008585000E-2
1.738910000E-1 6.969386000E-2
2.192430000E-1 6.931642000E-2
2.749970000E-1 6.903329000E-2
3.429480000E-1 6.868847000E-2
4.250050000E-1 6.827638000E-2
5.231400000E-1 6.779525000E-2
6.393090000E-1 6.714110000E-2
7.753670000E-1 6.618122000E-2
9.329630000E-1 6.540645000E-2
1.113423000E+0 6.436345000E-2
1.317632000E+0 6.330543000E-2
1.545927000E+0 6.178755000E-2
1.797990000E+0 6.058946000E-2
2.072788000E+0 5.919887000E-2
2.368526000E+0 5.785267000E-2
2.682658000E+0 5.673180000E-2
3.011936000E+0 5.565381000E-2
3.352507000E+0 5.458179000E-2
3.700050000E+0 5.382522000E-2
4.049950000E+0 5.554324000E-2
4.397493000E+0 5.836684000E-2
4.738064000E+0 6.280247000E-2
5.067342000E+0 7.170772000E-2
5.224408000E+0 7.924425000E-2
5.381474000E+0 8.580626000E-2
5.529343000E+0 9.227878000E-2
5.677212000E+0 1.001083600E-1
5.814611000E+0 1.086384800E-1
5.952010000E+0 1.183136100E-1
6.204073000E+0 1.372039800E-1
6.432368000E+0 1.516494600E-1
6.636577000E+0 1.666659300E-1
6.817037000E+0 1.778702100E-1
6.974633000E+0 1.890319800E-1
7.110691000E+0 2.027645700E-1
7.226860000E+0 2.144792700E-1
7.324995000E+0 2.224204900E-1
7.407052000E+0 2.285552000E-1
7.475003000E+0 2.323028700E-1
7.530757000E+0 2.352555300E-1
7.576109000E+0 2.376964000E-1
7.612705000E+0 2.397796300E-1
7.642016000E+0 2.415215700E-1
7.665335000E+0 2.428804000E-1
7.683773000E+0 2.439054700E-1
7.698275000E+0 2.446623800E-1
7.709628000E+0 2.452138000E-1
7.718483000E+0 2.456126500E-1
7.725368000E+0 2.459005500E-1
7.730710000E+0 2.461087700E-1
7.734850000E+0 2.462601300E-1
7.738057000E+0 2.463709300E-1
7.740543000E+0 2.464527200E-1
7.742473000E+0 2.465136400E-1
7.743975000E+0 2.465594600E-1
7.745149000E+0 2.465942400E-1
7.746070000E+0 2.466209100E-1
7.746797000E+0 2.466415700E-1
7.747375000E+0 2.466577400E-1
7.747838000E+0 2.466705300E-1
7.748213000E+0 2.466807600E-1
7.748519000E+0 2.466890600E-1
7.748772000E+0 2.466958700E-1
7.748984000E+0 2.467015400E-1
7.749164000E+0 2.467063400E-1
7.749320000E+0 2.467104700E-1
7.749457000E+0 2.467140900E-1
7.749580000E+0 2.467173300E-1
7.749693000E+0 2.467202800E-1
7.749799000E+0 2.467230400E-1
7.749900000E+0 2.467256800E-1
7.750000000E+0 2.467282800E-1
7.750000000E+0 2.467280800E-1
7.750100000E+0 2.467300800E-1
7.750201000E+0 2.467321000E-1
7.750307000E+0 2.467342100E-1
7.750421000E+0 2.467364700E-1
7.750545000E+0 2.467389400E-1
7.750684000E+0 2.467416900E-1
7.750844000E+0 2.467448400E-1
7.751029000E+0 2.467485000E-1
7.751249000E+0 2.467528100E-1
7.751513000E+0 2.467579700E-1
7.751834000E+0 2.467642200E-1
7.752231000E+0 2.467718800E-1
7.752724000E+0 2.467813400E-1
7.753345000E+0 2.467931300E-1
7.754133000E+0 2.468079000E-1
7.755138000E+0 2.468264600E-1
7.756428000E+0 2.468498300E-1
7.758093000E+0 2.468792200E-1
7.760249000E+0 2.469160300E-1
7.763049000E+0 2.469618100E-1
7.766690000E+0 2.470181200E-1
7.771426000E+0 2.470862500E-1
7.777587000E+0 2.471668800E-1
7.785590000E+0 2.472595200E-1
7.795962000E+0 2.473619200E-1
7.809363000E+0 2.474696100E-1
7.826610000E+0 2.475759100E-1
7.848701000E+0 2.476728100E-1
7.876841000E+0 2.477528000E-1
7.912462000E+0 2.478112600E-1
7.957240000E+0 2.478481400E-1
8.013098000E+0 2.478676800E-1
8.082204000E+0 2.478761200E-1
8.166939000E+0 2.478790300E-1
8.269860000E+0 2.478798100E-1
8.393621000E+0 2.478799800E-1
8.540887000E+0 2.478800100E-1
8.714203000E+0 2.478800200E-1
8.915861000E+0 2.478800300E-1
9.147736000E+0 2.478800500E-1
9.411124000E+0 2.478800600E-1
9.706583000E+0 2.478800700E-1
1.003379600E+1 2.478800900E-1
1.039146700E+1 2.478801100E-1
1.077726000E+1 2.478801200E-1
1.118780700E+1 2.478801400E-1
1.816187710E+2 2.478801600E-1
1.820649750E+2 2.478801800E-1
1.825205960E+2 2.478802000E-1
1.829794040E+2 2.478802200E-1
1.834350250E+2 2.478802400E-1
1.838812290E+2 2.478802500E-1
1.843121930E+2 2.478802700E-1
1.847227400E+2 2.478802800E-1
1.851085330E+2 2.478803000E-1
1.854662040E+2 2.478803100E-1
1.857934170E+2 2.478803200E-1
1.860888760E+2 2.478803300E-1
1.863522640E+2 2.478803400E-1
1.865841390E+2 2.478804200E-1
1.867857970E+2 2.478815200E-1
1.869591130E+2 2.478937600E-1
1.871063790E+2 2.479976800E-1
1.872301400E+2 2.486654900E-1
1.873330610E+2 2.518918300E-1
1.874177960E+2 2.633515100E-1
1.874523490E+2 2.753240200E-1
1.874869020E+2 2.935518300E-1
1.875148310E+2 3.142074900E-1
1.875427600E+2 3.408590600E-1
1.875651490E+2 3.668461200E-1
1.875875380E+2 3.970486600E-1
1.876053480E+2 4.241182200E-1
1.876231590E+2 4.538937400E-1
1.876372290E+2 4.793317500E-1
1.876512990E+2 5.064617200E-1
1.876623450E+2 5.289456100E-1
1.876733900E+2 5.524725400E-1
1.876820140E+2 5.715654200E-1
1.876906370E+2 5.912941000E-1
1.876973380E+2 6.070625800E-1
1.877040380E+2 6.232149700E-1
1.877144100E+2 6.489748100E-1
1.877224130E+2 6.694793400E-1
1.877285740E+2 6.856384600E-1
1.877333100E+2 6.982835300E-1
1.877369510E+2 7.081328000E-1
1.877397510E+2 7.157844000E-1
1.877419070E+2 7.217238100E-1
1.877435720E+2 7.263377900E-1
1.877448620E+2 7.299303200E-1
1.877458670E+2 7.327378800E-1
1.877466550E+2 7.349430800E-1
1.877472760E+2 7.366862400E-1
1.877477690E+2 7.380748100E-1
1.877481660E+2 7.391909500E-1
