1.027E-3 -2.157E-4
1.074E-2 -2.143E-4
2.054E-2 -2.128E-4
3.025E-2 -2.114E-4
4.019E-2 -2.097E-4
4.988E-2 -2.082E-4
6.101E-2 -2.063E-4
7.104E-2 -2.045E-4
8.087E-2 -2.026E-4
9.059E-2 -2.008E-4
1.003E-1 -1.985E-4
1.114E-1 -1.960E-4
1.213E-1 -1.940E-4
1.311E-1 -1.913E-4
1.412E-1 -1.888E-4
1.509E-1 -1.858E-4
1.618E-1 -1.826E-4
1.716E-1 -1.792E-4
1.817E-1 -1.759E-4
1.915E-1 -1.719E-4
2.013E-1 -1.683E-4
2.112E-1 -1.641E-4
2.221E-1 -1.589E-4
2.321E-1 -1.542E-4
2.418E-1 -1.490E-4
2.517E-1 -1.436E-4
2.615E-1 -1.375E-4
2.727E-1 -1.309E-4
2.824E-1 -1.242E-4
2.922E-1 -1.176E-4
3.020E-1 -1.097E-4
3.120E-1 -1.023E-4
3.228E-1 -9.322E-5
3.327E-1 -8.462E-5
3.427E-1 -7.637E-5
3.525E-1 -6.706E-5
3.622E-1 -5.705E-5
3.734E-1 -4.583E-5
3.833E-1 -3.577E-5
3.930E-1 -2.460E-5
4.029E-1 -1.368E-5
4.225E-1 1.041E-5
4.433E-1 3.808E-5
4.631E-1 6.615E-5
4.840E-1 9.744E-5
5.036E-1 1.305E-4
5.541E-1 2.233E-4
6.044E-1 3.236E-4
6.549E-1 4.280E-4
7.053E-1 5.315E-4
7.556E-1 6.338E-4
8.063E-1 7.304E-4
8.566E-1 8.247E-4
9.069E-1 9.156E-4
9.573E-1 1.003E-3
1.007E+0 1.082E-3
