0.000E+0 -0.352075031
1.000E-2 -0.352074516
2.000E-2 -0.352073998
3.000E-2 -0.352073477
4.000E-2 -0.352072951
5.000E-2 -0.352072421
6.000E-2 -0.352071885
7.000E-2 -0.352071342
8.000E-2 -0.352070791
9.000E-2 -0.352070228
1.000E-1 -0.35206965
1.100E-1 -0.352069051
1.200E-1 -0.352068424
1.300E-1 -0.352067756
1.400E-1 -0.352067029
1.500E-1 -0.352066217
1.600E-1 -0.352065283
1.700E-1 -0.352064169
1.800E-1 -0.352062795
1.900E-1 -0.352061037
2.000E-1 -0.35205872
2.100E-1 -0.352055579
2.200E-1 -0.35205123
2.300E-1 -0.352045106
2.400E-1 -0.352036371
2.500E-1 -0.3520238
2.600E-1 -0.352005585
2.700E-1 -0.351979073
2.800E-1 -0.351940354
2.900E-1 -0.35188368
3.000E-1 -0.351800597
3.100E-1 -0.351678662
3.200E-1 -0.351499573
3.300E-1 -0.351236407
3.400E-1 -0.350849551
3.500E-1 -0.350280733
3.600E-1 -0.349444223
3.700E-1 -0.348213901
3.800E-1 -0.346404222
3.900E-1 -0.343742227
4.000E-1 -0.339826353
4.100E-1 -0.334065844
4.200E-1 -0.325591634
4.300E-1 -0.313125234
4.400E-1 -0.294785893
4.500E-1 -0.267806959
4.600E-1 -0.228118751
4.700E-1 -0.169735192
4.800E-1 -0.0838521275
4.900E-1 0.0424777734
