0.000E+0 0
1.000E-2 5.3769341E-16
2.000E-2 1.3237084E-15
3.000E-2 2.47329326E-15
4.000E-2 4.15512722E-15
5.000E-2 6.61605314E-15
6.000E-2 1.02172472E-14
7.000E-2 1.54871092E-14
8.000E-2 2.31986115E-14
9.000E-2 3.448243E-14
1.000E-1 5.09924425E-14
1.100E-1 7.51479184E-14
1.200E-1 1.10488075E-13
1.300E-1 1.621914E-13
1.400E-1 2.37836752E-13
1.500E-1 3.48519508E-13
1.600E-1 5.10489279E-13
1.700E-1 7.47554603E-13
1.800E-1 1.09461524E-12
1.900E-1 1.60285318E-12
2.000E-1 2.34736374E-12
2.100E-1 3.43837507E-12
2.200E-1 5.03774749E-12
2.300E-1 7.38323749E-12
2.400E-1 1.08241817E-11
2.500E-1 1.58739817E-11
2.600E-1 2.32872946E-11
2.700E-1 3.41735742E-11
2.800E-1 5.01640762E-11
2.900E-1 7.36575013E-11
3.000E-1 1.08181374E-10
3.100E-1 1.58923584E-10
3.200E-1 2.33514312E-10
3.300E-1 3.43176406E-10
3.400E-1 5.04417504E-10
3.500E-1 7.41519554E-10
3.600E-1 1.09020119E-9
3.700E-1 1.60300523E-9
3.800E-1 2.35722485E-9
3.900E-1 3.46656545E-9
4.000E-1 5.09829714E-9
4.100E-1 7.49849373E-9
4.200E-1 1.10291588E-8
4.300E-1 1.6222847E-8
4.400E-1 2.38630151E-8
4.500E-1 3.51022187E-8
4.600E-1 5.16359932E-8
4.700E-1 7.59586118E-8
4.800E-1 1.11739229E-7
4.900E-1 1.64375098E-7
5.000E-1 2.41804853E-7
5.100E-1 3.55704031E-7
5.200E-1 5.23241509E-7
5.300E-1 7.69658482E-7
5.400E-1 1.13205163E-6
5.500E-1 1.66491517E-6
5.600E-1 2.44824299E-6
5.700E-1 3.59933865E-6
5.800E-1 5.2899544E-6
5.900E-1 7.77100442E-6
6.000E-1 1.1407861E-5
6.100E-1 1.67300556E-5
6.200E-1 2.44998244E-5
