0.000E+0 0
1.000E-2 1.79513002E-15
2.000E-2 4.42019049E-15
3.000E-2 8.26067736E-15
4.000E-2 1.38809684E-14
5.000E-2 2.21072099E-14
6.000E-2 3.41485696E-14
7.000E-2 5.17746105E-14
8.000E-2 7.75747679E-14
9.000E-2 1.15338009E-13
1.000E-1 1.70608384E-13
1.100E-1 2.51498305E-13
1.200E-1 3.6987949E-13
1.300E-1 5.43127776E-13
1.400E-1 7.96680889E-13
1.500E-1 1.16778998E-12
1.600E-1 1.71102548E-12
1.700E-1 2.50636167E-12
1.800E-1 3.67105412E-12
1.900E-1 5.37709552E-12
2.000E-1 7.87687756E-12
2.100E-1 1.15409221E-11
2.200E-1 1.69133703E-11
2.300E-1 2.47935843E-11
2.400E-1 3.6356162E-11
2.500E-1 5.3327457E-11
2.600E-1 7.82452004E-11
2.700E-1 1.14840379E-10
2.800E-1 1.68598941E-10
2.900E-1 2.47588071E-10
3.000E-1 3.63671535E-10
3.100E-1 5.34297726E-10
3.200E-1 7.85129588E-10
3.300E-1 1.15391406E-9
3.400E-1 1.69617366E-9
3.500E-1 2.49358025E-9
3.600E-1 3.66627347E-9
3.700E-1 5.39098336E-9
3.800E-1 7.92768745E-9
3.900E-1 1.16588443E-8
4.000E-1 1.71470802E-8
4.100E-1 2.52200868E-8
4.200E-1 3.7097625E-8
4.300E-1 5.45646092E-8
4.400E-1 8.02626472E-8
4.500E-1 1.18073107E-7
4.600E-1 1.73690405E-7
4.700E-1 2.55503824E-7
4.800E-1 3.75838965E-7
4.900E-1 5.52917915E-7
5.000E-1 8.13378078E-7
5.100E-1 1.19651342E-6
5.200E-1 1.76004478E-6
5.300E-1 2.58862018E-6
5.400E-1 3.80766735E-6
5.500E-1 5.5995506E-6
5.600E-1 8.23335748E-6
5.700E-1 1.21030233E-5
5.800E-1 1.77839633E-5
5.900E-1 2.61177758E-5
6.000E-1 3.83251877E-5
6.100E-1 5.61710538E-5
6.200E-1 8.21816046E-5
