0.000E+0 0
1.000E-2 1.4289803E-12
2.000E-2 3.42249645E-12
3.000E-2 6.212337E-12
4.000E-2 1.01196307E-11
5.000E-2 1.55916334E-11
6.000E-2 2.32551547E-11
7.000E-2 3.3983424E-11
8.000E-2 4.89946479E-11
9.000E-2 6.99869181E-11
1.000E-1 9.93269078E-11
1.100E-1 1.4031282E-10
1.200E-1 1.97545335E-10
1.300E-1 2.77447304E-10
1.400E-1 3.88998602E-10
1.500E-1 5.4477787E-10
1.600E-1 7.62439465E-10
1.700E-1 1.06681026E-9
1.800E-1 1.49294824E-9
1.900E-1 2.09039232E-9
2.000E-1 2.92935836E-9
2.100E-1 4.10924141E-9
2.200E-1 5.77192953E-9
2.300E-1 8.11156567E-9
2.400E-1 1.13675864E-8
2.500E-1 1.58004254E-8
2.600E-1 2.24469771E-8
2.700E-1 3.183501E-8
2.800E-1 4.52679869E-8
2.900E-1 6.44165519E-8
3.000E-1 9.20664867E-8
3.100E-1 1.31156346E-7
3.200E-1 1.87304175E-7
3.300E-1 2.67508768E-7
3.400E-1 3.82236103E-7
3.500E-1 5.46306659E-7
3.600E-1 7.81412881E-7
3.700E-1 1.11813631E-6
3.800E-1 1.60073391E-6
3.900E-1 2.29261935E-6
4.000E-1 3.28469013E-6
4.100E-1 4.70756895E-6
4.200E-1 6.74856434E-6
4.300E-1 9.67650499E-6
4.400E-1 1.38771308E-5
4.500E-1 1.99036646E-5
4.600E-1 2.85496055E-5
4.700E-1 4.09522452E-5
4.800E-1 5.8740635E-5
4.900E-1 8.42455062E-5
5.000E-1 0.000120797186
5.100E-1 0.000173143748
5.200E-1 0.000248035432
5.300E-1 0.000355020052
5.400E-1 0.000507540795
5.500E-1 0.000724321446
5.600E-1 0.00103113546
5.700E-1 0.0014630107
5.800E-1 0.00206572508
5.900E-1 0.00289845569
6.000E-1 0.00403296115
6.100E-1 0.00555170212
6.200E-1 0.00754203712
