0.000E+0 0
1.000E-2 1.24686653E-15
2.000E-2 3.0149122E-15
3.000E-2 5.53056583E-15
4.000E-2 9.11745652E-15
5.000E-2 1.42375688E-14
6.000E-2 2.15496464E-14
7.000E-2 3.19920956E-14
8.000E-2 4.69007894E-14
9.000E-2 6.81767868E-14
1.000E-1 9.85258098E-14
1.100E-1 1.41801472E-13
1.200E-1 2.03499421E-13
1.300E-1 2.91472239E-13
1.400E-1 4.16968724E-13
1.500E-1 5.96151462E-13
1.600E-1 8.5232094E-13
1.700E-1 1.2191842E-12
1.800E-1 1.74566781E-12
1.900E-1 2.50301342E-12
2.000E-1 3.59524595E-12
2.100E-1 5.17462488E-12
2.200E-1 7.46445866E-12
2.300E-1 1.07928014E-11
2.400E-1 1.56422387E-11
2.500E-1 2.27234662E-11
2.600E-1 3.30840634E-11
2.700E-1 4.8269339E-11
2.800E-1 7.05602284E-11
2.900E-1 1.03325221E-10
3.000E-1 1.51541059E-10
3.100E-1 2.22563237E-10
3.200E-1 3.27266274E-10
3.300E-1 4.81731338E-10
3.400E-1 7.09743451E-10
3.500E-1 1.04649125E-9
3.600E-1 1.5440361E-9
3.700E-1 2.27941463E-9
3.800E-1 3.36662721E-9
3.900E-1 4.97438043E-9
4.000E-1 7.35233923E-9
4.100E-1 1.08699582E-8
4.200E-1 1.60738933E-8
4.300E-1 2.37728263E-8
4.400E-1 3.516265E-8
4.500E-1 5.20109893E-8
