-5.9254E-6 -2.2517E-3
2.0929E-2 -2.2454E-3
4.0732E-2 -2.2390E-3
6.0535E-2 -2.2314E-3
8.0339E-2 -2.2175E-3
9.9576E-2 -2.2049E-3
1.2051E-1 -2.1859E-3
1.4088E-1 -2.1631E-3
1.6068E-1 -2.1378E-3
1.8049E-1 -2.1011E-3
2.0029E-1 -2.0619E-3
2.2122E-1 -2.0177E-3
2.4046E-1 -1.9620E-3
2.6027E-1 -1.9013E-3
2.8007E-1 -1.8304E-3
3.0044E-1 -1.7444E-3
3.1968E-1 -1.6508E-3
3.4061E-1 -1.5433E-3
3.6041E-1 -1.4105E-3
3.8022E-1 -1.2561E-3
4.0002E-1 -1.0714E-3
4.2039E-1 -8.1971E-4
4.3963E-1 -5.1738E-4
4.6000E-1 -8.8549E-5
4.8036E-1 4.5919E-4
4.9960E-1 1.4687E-3
5.1997E-1 2.9069E-3
5.4091E-1 5.1523E-3
5.6014E-1 8.4944E-3
5.7938E-1 1.2813E-2
5.9975E-1 1.8514E-2
6.1955E-1 2.5258E-2
6.3879E-1 3.2969E-2
6.5859E-1 4.1197E-2
