-9.0112210E-2 -2.0119440E-4
-6.0005190E-2 -1.9973320E-4
-3.0035020E-2 -1.9843420E-4
-7.7754260E-5 -1.9725120E-4
1.0425510E-2 -1.9692070E-4
2.0232620E-2 -1.9567970E-4
3.0007840E-2 -1.9561590E-4
3.9937500E-2 -1.9521580E-4
5.0003530E-2 -1.9464760E-4
5.9989930E-2 -1.9403290E-4
6.9930550E-2 -1.9362110E-4
8.0008030E-2 -1.9291370E-4
8.9914800E-2 -1.9225840E-4
1.0002660E-1 -1.9133640E-4
1.0999010E-1 -1.9033910E-4
1.2004470E-1 -1.8922570E-4
1.2999730E-1 -1.8821660E-4
1.3998370E-1 -1.8654080E-4
1.5007260E-1 -1.8508520E-4
1.5997890E-1 -1.8278890E-4
1.7001100E-1 -1.7978510E-4
1.7987200E-1 -1.7565630E-4
1.9002910E-1 -1.7050690E-4
1.9994740E-1 -1.6375700E-4
2.0986510E-1 -1.5458910E-4
2.1994540E-1 -1.4277090E-4
2.2995470E-1 -1.2360000E-4
2.3999830E-1 -1.0207460E-4
2.4996190E-1 -7.0720590E-5
2.6027870E-1 -2.6898370E-5
2.6983210E-1 2.3317870E-5
2.7980710E-1 1.0272550E-4
2.8995320E-1 2.1790410E-4
2.9993960E-1 3.6718090E-4
3.0984640E-1 5.3628420E-4
3.1995820E-1 8.1016890E-4
3.2992170E-1 1.1686680E-3
3.3994250E-1 1.6188700E-3
3.4991740E-1 2.1103300E-3
3.5999490E-1 2.8674250E-3
3.6993600E-1 3.7083140E-3
3.8003640E-1 4.8985740E-3
3.8996600E-1 6.0293790E-3
4.0000920E-1 7.4603560E-3
4.1002990E-1 8.8176220E-3
4.1994810E-1 1.0735420E-2
4.2995690E-1 1.2375470E-2
4.3996620E-1 1.4547910E-2
4.4994120E-1 1.6631720E-2
4.6001910E-1 1.9227640E-2
4.6999410E-1 2.1441800E-2
4.8000340E-1 2.3995430E-2
4.8998980E-1 2.6243180E-2
5.0004430E-1 2.9011740E-2
5.0991680E-1 3.1652850E-2
