-8.9897160E-2 -1.3882610E-3
-5.9960840E-2 -1.0076120E-3
-2.9978750E-2 -6.2500240E-4
5.8412550E-6 -2.4294430E-4
1.0008660E-2 -1.1467170E-4
1.9986750E-2 1.2586010E-5
3.0008320E-2 1.4199250E-4
3.9983750E-2 2.6998900E-4
4.9981590E-2 3.9726660E-4
5.9979440E-2 5.2625480E-4
7.0000170E-2 6.5561990E-4
8.0020900E-2 7.8561160E-4
8.9984890E-2 9.1461720E-4
1.0000560E-1 1.0437270E-3
1.0999200E-1 1.1734980E-3
1.1998990E-1 1.3055060E-3
1.2996530E-1 1.4364140E-3
1.3999700E-1 1.5681330E-3
1.5000680E-1 1.6998520E-3
1.5998170E-1 1.8345250E-3
1.7001390E-1 1.9704160E-3
1.7995450E-1 2.1086260E-3
1.8998670E-1 2.2470670E-3
1.9996210E-1 2.3889840E-3
2.1000580E-1 2.5334530E-3
2.1998360E-1 2.6846990E-3
2.2992420E-1 2.8419160E-3
2.3997930E-1 3.0059700E-3
2.4994330E-1 3.1789490E-3
2.5992970E-1 3.3632850E-3
2.6995040E-1 3.5672670E-3
2.7994870E-1 3.7922260E-3
2.8995800E-1 4.0464510E-3
2.9995580E-1 4.3361390E-3
3.0994270E-1 4.6733470E-3
3.1996350E-1 5.0736010E-3
3.2996130E-1 5.5604330E-3
3.3994820E-1 6.1559790E-3
3.4995750E-1 6.8962820E-3
3.5995530E-1 7.8057960E-3
3.6994220E-1 8.9435730E-3
3.7997440E-1 1.0372490E-2
3.8993790E-1 1.2186240E-2
3.9994720E-1 1.4409110E-2
4.0999080E-1 1.7199160E-2
4.1994330E-1 2.0592270E-2
4.2999840E-1 2.4719980E-2
4.3995090E-1 2.9550980E-2
4.4994880E-1 3.5196530E-2
