-8.9952470E-2 -1.3875440E-3
-5.9936520E-2 -1.0066910E-3
-2.9989240E-2 -6.2553750E-4
5.8412550E-6 -2.4178660E-4
9.9849400E-3 -1.1480320E-4
1.9954620E-2 1.3231230E-5
3.0008320E-2 1.4029070E-4
3.9994720E-2 2.6900440E-4
5.0004010E-2 3.9793830E-4
6.0001370E-2 5.2749300E-4
6.9999220E-2 6.5560340E-4
7.9997060E-2 7.8428210E-4
8.9994910E-2 9.1285650E-4
1.0001560E-1 1.0433500E-3
1.1000200E-1 1.1744070E-3
1.1999940E-1 1.3046170E-3
1.2999730E-1 1.4347690E-3
1.4001800E-1 1.5673540E-3
1.5000440E-1 1.7007510E-3
1.5999080E-1 1.8355980E-3
1.7002250E-1 1.9702690E-3
1.7996360E-1 2.1069120E-3
1.9000670E-1 2.2454080E-3
1.9997020E-1 2.3885980E-3
2.0999100E-1 2.5346280E-3
2.1995690E-1 2.6857570E-3
2.2995470E-1 2.8411760E-3
2.3996400E-1 3.0038950E-3
2.4993900E-1 3.1775090E-3
2.5994830E-1 3.3638700E-3
2.6995750E-1 3.5687180E-3
2.7996640E-1 3.7923980E-3
2.8997560E-1 4.0436050E-3
2.9995110E-1 4.3314920E-3
3.0995990E-1 4.6711840E-3
3.1996920E-1 5.0756070E-3
3.2997850E-1 5.5641700E-3
3.3993100E-1 6.1535050E-3
3.4997420E-1 6.8841760E-3
3.5997200E-1 7.7899660E-3
3.6994700E-1 8.9366490E-3
3.7997910E-1 1.0377770E-2
3.8996550E-1 1.2170400E-2
3.9995190E-1 1.4418150E-2
4.0998410E-1 1.7210470E-2
4.1994760E-1 2.0565290E-2
4.3000270E-1 2.4641950E-2
4.3994330E-1 2.9447970E-2
4.4994120E-1 3.5137460E-2
