-8.9986320E-2 -4.2440240E-6
-6.0073380E-2 -2.9144480E-6
-2.9943940E-2 -1.4227100E-6
5.3116680E-4 1.0066700E-8
1.0083790E-2 4.9115350E-7
1.9961540E-2 9.9307390E-7
2.9985430E-2 1.4911060E-6
3.9982800E-2 2.0638800E-6
4.9980640E-2 2.6009640E-6
5.9932710E-2 3.2190660E-6
7.0021630E-2 3.8164360E-6
8.0064770E-2 4.4651590E-6
8.9971540E-2 5.1729640E-6
1.0004900E-1 5.9584290E-6
1.0994390E-1 6.8729020E-6
1.2001040E-1 7.8955270E-6
1.2997340E-1 9.1134750E-6
1.3997130E-1 1.0552610E-5
1.4990040E-1 1.2443040E-5
1.5998940E-1 1.4702280E-5
1.6997580E-1 1.7565780E-5
1.7991640E-1 2.1330420E-5
1.9001670E-1 2.6316860E-5
1.9994590E-1 3.3249440E-5
2.1003480E-1 4.1943700E-5
2.2000070E-1 5.4081920E-5
2.2983880E-1 6.8566370E-5
2.3990490E-1 9.1169250E-5
2.4994850E-1 1.2161160E-4
2.5993490E-1 1.6208780E-4
2.6990990E-1 2.1183090E-4
2.8011270E-1 2.8972190E-4
2.8996230E-1 3.8894130E-4
3.0002830E-1 5.3961990E-4
3.0987790E-1 7.1270000E-4
3.1998970E-1 9.5697910E-4
3.2996460E-1 1.2590010E-3
3.3996250E-1 1.6900750E-3
3.4998270E-1 2.1724910E-3
3.5996910E-1 2.7905050E-3
3.6991020E-1 3.4655980E-3
3.7998770E-1 4.3818710E-3
3.8992830E-1 5.3735340E-3
3.9998290E-1 6.6153570E-3
4.1001510E-1 7.8032310E-3
4.1996720E-1 9.1909100E-3
4.3005610E-1 1.0655400E-2
4.3992850E-1 1.2223600E-2
4.4997170E-1 1.3740820E-2
4.5991280E-1 1.5576090E-2
4.7004700E-1 1.7376590E-2
4.8002200E-1 1.9430260E-2
4.9000840E-1 2.1274210E-2
5.0001760E-1 2.3283850E-2
5.0998120E-1 2.5127220E-2
5.2000190E-1 2.7314710E-2
5.2995400E-1 2.9393870E-2
5.4002000E-1 3.1728490E-2
