0.000E+0 0
1.000E-2 1.17311944E-13
2.000E-2 2.83263484E-13
3.000E-2 5.18095398E-13
4.000E-2 8.50468291E-13
5.000E-2 1.32096406E-12
6.000E-2 1.98704441E-12
7.000E-2 2.93009332E-12
8.000E-2 4.26529706E-12
9.000E-2 6.15583893E-12
1.000E-1 8.8328271E-12
1.100E-1 1.26236474E-11
1.200E-1 1.79921588E-11
1.300E-1 2.5595722E-11
1.400E-1 3.63661284E-11
1.500E-1 5.16244697E-11
1.600E-1 7.32442045E-11
1.700E-1 1.03882663E-10
1.800E-1 1.47309733E-10
1.900E-1 2.0887451E-10
2.000E-1 2.96167828E-10
2.100E-1 4.19962796E-10
2.200E-1 5.95549876E-10
2.300E-1 8.44631686E-10
2.400E-1 1.19801152E-9
2.500E-1 1.69940674E-9
2.600E-1 2.41085486E-9
2.700E-1 3.42037196E-9
2.800E-1 4.85279071E-9
2.900E-1 6.88507567E-9
3.000E-1 9.76792235E-9
3.100E-1 1.38561339E-8
3.200E-1 1.96519394E-8
3.300E-1 2.78605119E-8
3.400E-1 3.94799874E-8
3.500E-1 5.59068058E-8
3.600E-1 7.90975479E-8
3.700E-1 1.11762002E-7
3.800E-1 1.57681216E-7
3.900E-1 2.22076333E-7
4.000E-1 3.12128173E-7
4.100E-1 4.37877183E-7
4.200E-1 6.13194984E-7
4.300E-1 8.57695554E-7
4.400E-1 1.19890673E-6
4.500E-1 1.67555364E-6
