-8.9894770E-2 -4.8031990E-8
-6.0301300E-2 -4.0042210E-8
-3.0365470E-2 -1.4995240E-8
-3.6987660E-4 -2.9191940E-10
9.8953550E-3 1.7249140E-10
1.9635260E-2 1.0628000E-8
3.1044960E-2 8.6986360E-8
3.9606570E-2 3.1543650E-8
4.9957280E-2 3.7948650E-8
6.0354230E-2 5.8955220E-8
7.0215230E-2 8.4125230E-8
7.9756740E-2 1.0158510E-7
8.9971070E-2 1.2683810E-7
1.0000280E-1 1.5443560E-7
1.0995480E-1 1.9267550E-7
1.1991830E-1 2.4163430E-7
1.2998440E-1 3.1089600E-7
1.4007330E-1 3.9706170E-7
1.5000300E-1 5.1124580E-7
1.6000030E-1 6.6180790E-7
1.6999820E-1 8.5768780E-7
1.7998460E-1 1.1055380E-6
1.8997100E-1 1.4813430E-6
1.9996830E-1 1.9379150E-6
2.0997760E-1 2.5656520E-6
2.1997790E-1 3.4324530E-6
2.2994140E-1 4.6316980E-6
2.3996210E-1 6.2949930E-6
2.4991420E-1 8.5968040E-6
2.5993490E-1 1.1807480E-5
2.6995520E-1 1.6285970E-5
2.7995300E-1 2.2533680E-5
2.8996230E-1 3.1339280E-5
2.9996010E-1 4.3752380E-5
3.0996890E-1 6.1067240E-5
3.1995530E-1 8.5294990E-5
3.2995320E-1 1.1915270E-4
3.3997390E-1 1.6690090E-4
3.4996030E-1 2.3360010E-4
3.5996910E-1 3.2560550E-4
3.6994410E-1 4.5163910E-4
3.7997630E-1 6.2517120E-4
3.8995120E-1 8.6009080E-4
3.9996050E-1 1.1744540E-3
4.0998080E-1 1.5823490E-3
4.1995570E-1 2.1046340E-3
4.2999940E-1 2.7669200E-3
4.3995140E-1 3.5795230E-3
4.4996070E-1 4.5489350E-3
4.5995810E-1 5.6813530E-3
4.7000170E-1 6.9704610E-3
4.7999950E-1 8.4220560E-3
4.8999690E-1 1.0041470E-2
5.0000620E-1 1.1795490E-2
5.0998120E-1 1.3694480E-2
5.2001330E-1 1.5730770E-2
5.2997680E-1 1.7868430E-2
5.4000850E-1 2.0109790E-2
