-8.9884280E-2 -4.7142950E-8
-6.0267450E-2 -4.0361020E-8
-3.0411240E-2 -1.6681000E-8
-3.0627850E-4 -6.8140480E-9
1.0259390E-2 2.7717420E-9
1.9787370E-2 6.4455040E-9
3.0794620E-2 8.2854290E-8
3.9731980E-2 2.6944990E-8
5.0220010E-2 4.0082820E-8
6.0366150E-2 6.3333430E-8
7.0033550E-2 8.4517950E-8
7.9677580E-2 9.8094720E-8
8.9983460E-2 1.2349140E-7
1.0000370E-1 1.5256230E-7
1.0996720E-1 1.8987130E-7
1.1997650E-1 2.4147700E-7
1.2996290E-1 3.0996130E-7
1.4000650E-1 3.9913080E-7
1.5001540E-1 5.1620460E-7
1.5999030E-1 6.6484220E-7
1.7002250E-1 8.5932720E-7
1.7996310E-1 1.1018690E-6
1.8998380E-1 1.4770450E-6
1.9998170E-1 1.9378660E-6
2.0997950E-1 2.5637710E-6
2.1996830E-1 3.4323530E-6
2.2995470E-1 4.6288820E-6
2.3996400E-1 6.2963750E-6
2.4995040E-1 8.5935770E-6
2.5993680E-1 1.1804690E-5
2.6993470E-1 1.6287840E-5
2.7994390E-1 2.2527490E-5
2.8995320E-1 3.1322140E-5
2.9993960E-1 4.3713870E-5
3.0996040E-1 6.1063130E-5
3.1995820E-1 8.5323530E-5
3.2995610E-1 1.1905520E-4
3.3997680E-1 1.6681550E-4
3.4996320E-1 2.3366000E-4
3.5996100E-1 3.2569510E-4
3.6994740E-1 4.5181090E-4
3.7997960E-1 6.2499660E-4
3.8994310E-1 8.5938470E-4
3.9997480E-1 1.1745780E-3
4.1000700E-1 1.5828830E-3
4.1995950E-1 2.1040120E-3
4.2999120E-1 2.7653780E-3
4.3995520E-1 3.5779310E-3
4.4995260E-1 4.5479850E-3
4.5997330E-1 5.6803540E-3
4.7000550E-1 6.9690100E-3
4.8002620E-1 8.4185320E-3
4.8998980E-1 1.0034250E-2
5.0007870E-1 1.1788620E-2
5.0987150E-1 1.3691100E-2
5.2013160E-1 1.5721620E-2
5.2992390E-1 1.7848280E-2
5.4005860E-1 2.0119220E-2
