-9.0020180E-2 -3.5655300E-8
-5.9731480E-2 -3.2374370E-8
-2.9966350E-2 -2.4522410E-8
3.7217140E-4 1.8202680E-9
1.0212210E-2 1.0902990E-9
2.0362020E-2 1.9106590E-8
3.1318660E-2 7.3977200E-8
4.0392880E-2 3.7340630E-8
5.0014500E-2 5.3235840E-8
5.9636120E-2 5.9676740E-8
6.9861890E-2 6.9620920E-8
8.0258370E-2 9.5811810E-8
9.0005400E-2 1.1991960E-7
1.0001420E-1 1.5789170E-7
1.1001210E-1 2.0217660E-7
1.2000990E-1 2.5745450E-7
1.2998440E-1 3.2440790E-7
1.3997080E-1 4.0917710E-7
1.5000300E-1 5.1683810E-7
1.5996650E-1 6.5898940E-7
1.6997530E-1 8.4777870E-7
1.7976810E-1 1.1251900E-6
1.9013020E-1 1.4455890E-6
1.9983150E-1 1.9460930E-6
2.0998910E-1 2.5419430E-6
2.2006890E-1 3.4486180E-6
2.2987320E-1 4.6157860E-6
2.4000790E-1 6.3169280E-6
2.4986840E-1 8.5791820E-6
2.5994630E-1 1.1780810E-5
2.6994370E-1 1.6291760E-5
2.7993010E-1 2.2565000E-5
2.8997370E-1 3.1314920E-5
2.9996010E-1 4.3568540E-5
3.0998040E-1 6.0757030E-5
3.1995530E-1 8.5060700E-5
3.2997610E-1 1.1911220E-4
3.3997390E-1 1.6625160E-4
3.4997180E-1 2.3227790E-4
3.5996910E-1 3.2419060E-4
3.6993270E-1 4.5133750E-4
3.7996480E-1 6.2540340E-4
3.8992830E-1 8.5824680E-4
3.9988040E-1 1.1672100E-3
4.1001510E-1 1.5797410E-3
4.1987610E-1 2.1020270E-3
4.3003320E-1 2.7632690E-3
4.3996290E-1 3.5587790E-3
4.4996070E-1 4.5168880E-3
4.5995810E-1 5.6481470E-3
4.7001310E-1 6.9457760E-3
4.7999950E-1 8.3973130E-3
4.8999690E-1 9.9975450E-3
5.0001760E-1 1.1758420E-2
5.0995830E-1 1.3633650E-2
5.2003570E-1 1.5635760E-2
5.2999970E-1 1.7753150E-2
5.4003140E-1 1.9992770E-2
5.5001780E-1 2.2330300E-2
