-9.0271950E-2 -5.0764970E-8
-6.0529710E-2 -3.2954860E-8
-3.0012130E-2 -8.5052820E-9
1.2952090E-4 7.4744970E-9
9.6563100E-3 9.2724550E-9
1.9876900E-2 2.0355810E-8
3.1478400E-2 8.3742010E-8
3.9937500E-2 4.0045170E-8
4.9638750E-2 4.2149510E-8
6.0001370E-2 5.1448690E-8
7.0386890E-2 7.6464890E-8
8.0156330E-2 1.0424550E-7
9.0017320E-2 1.2915390E-7
1.0002660E-1 1.6116430E-7
1.0997870E-1 1.9893260E-7
1.1997650E-1 2.4576840E-7
1.2995150E-1 3.0890900E-7
1.3999510E-1 3.9214230E-7
1.5002680E-1 5.0476500E-7
1.5997890E-1 6.5208270E-7
1.7001100E-1 8.4900350E-7
1.7999740E-1 1.1082720E-6
1.8996100E-1 1.4779940E-6
1.9997020E-1 1.9288640E-6
2.0997950E-1 2.5535010E-6
2.1995690E-1 3.4266490E-6
2.2993180E-1 4.6209570E-6
2.3996400E-1 6.2828090E-6
2.4991660E-1 8.5826740E-6
2.5993680E-1 1.1769890E-5
2.6994610E-1 1.6239700E-5
2.7994390E-1 2.2496170E-5
2.8994180E-1 3.1301840E-5
2.9993960E-1 4.3650100E-5
3.0993750E-1 6.0838120E-5
3.1995820E-1 8.4911790E-5
3.2995610E-1 1.1895670E-4
3.3996530E-1 1.6651950E-4
3.4995170E-1 2.3261620E-4
3.5998390E-1 3.2388000E-4
3.6992450E-1 4.4947960E-4
3.7996820E-1 6.2274070E-4
3.8994310E-1 8.5712880E-4
3.9996390E-1 1.1666980E-3
4.1000700E-1 1.5724520E-3
4.1994810E-1 2.0930600E-3
4.2999120E-1 2.7548320E-3
4.3994380E-1 3.5598500E-3
4.4995260E-1 4.5179110E-3
4.5997330E-1 5.6388060E-3
4.7000550E-1 6.9218990E-3
4.8001480E-1 8.3700870E-3
4.9000120E-1 9.9830220E-3
5.0003340E-1 1.1721420E-2
5.0992820E-1 1.3588560E-2
5.2008580E-1 1.5655580E-2
5.2991290E-1 1.7732430E-2
5.4011580E-1 1.9972650E-2
5.4995390E-1 2.2277760E-2
