-8.9734550E-2 -4.1967810E-8
-6.0072900E-2 -4.0502230E-8
-3.0410770E-2 -1.9782120E-8
-3.9461260E-4 -3.5839490E-9
1.0089640E-2 7.1518970E-10
1.9741120E-2 6.8820040E-9
3.0817510E-2 8.3825770E-8
3.9731980E-2 2.6783570E-8
5.0276760E-2 4.0796120E-8
6.0342790E-2 6.5266450E-8
6.9849970E-2 8.2978030E-8
7.9688070E-2 9.3476300E-8
8.9970590E-2 1.1740640E-7
1.0001370E-1 1.4715900E-7
1.1000010E-1 1.8954320E-7
1.2000890E-1 2.4422770E-7
1.2998390E-1 3.1503830E-7
1.3999320E-1 4.0486980E-7
1.5002490E-1 5.2000290E-7
1.5998840E-1 6.6661050E-7
1.6998580E-1 8.5813370E-7
1.7998360E-1 1.0997590E-6
1.8999240E-1 1.4714420E-6
1.9996740E-1 1.9334600E-6
2.0998760E-1 2.5624610E-6
2.1997590E-1 3.4321070E-6
2.2995090E-1 4.6283620E-6
2.3998310E-1 6.2910110E-6
2.4992370E-1 8.5846240E-6
2.5995540E-1 1.1785930E-5
2.6995330E-1 1.6276550E-5
2.7996210E-1 2.2489420E-5
2.8995990E-1 3.1213190E-5
2.9996870E-1 4.3498030E-5
3.0996660E-1 6.0782620E-5
3.1996440E-1 8.5072180E-5
3.2998470E-1 1.1851990E-4
3.3998250E-1 1.6569930E-4
3.4996840E-1 2.3204410E-4
3.5997770E-1 3.2409510E-4
3.6995270E-1 4.4993640E-4
3.7997290E-1 6.2157680E-4
3.8994790E-1 8.5295130E-4
3.9996860E-1 1.1655200E-3
4.0998890E-1 1.5729500E-3
4.1996380E-1 2.0907670E-3
4.3000700E-1 2.7420970E-3
4.3994760E-1 3.5426410E-3
4.4996830E-1 4.5052640E-3
4.5996570E-1 5.6373250E-3
4.7000930E-1 6.9251490E-3
4.8001810E-1 8.3613170E-3
4.9000450E-1 9.9572480E-3
5.0002480E-1 1.1721240E-2
5.0997690E-1 1.3590100E-2
5.2004290E-1 1.5605510E-2
5.2999500E-1 1.7740830E-2
5.4003860E-1 1.9989130E-2
5.5004740E-1 2.2314470E-2
