-9.0031620E-2 -3.7304080E-4
-5.9970860E-2 -3.7286680E-4
-3.0000690E-2 -3.7271020E-4
4.2332710E-3 -3.6890620E-4
1.1221650E-2 -3.6992680E-4
1.7854300E-2 -3.7039650E-4
3.0053140E-2 -3.7280300E-4
4.0005210E-2 -3.7306980E-4
4.9911980E-2 -3.7296540E-4
6.0046200E-2 -3.7254790E-4
7.0021150E-2 -3.7264640E-4
8.0064770E-2 -3.7264070E-4
8.9902880E-2 -3.7243180E-4
1.0009430E-1 -3.7232750E-4
1.0987520E-1 -3.7215930E-4
1.2002130E-1 -3.7219990E-4
1.2991620E-1 -3.7193890E-4
1.4009620E-1 -3.7209550E-4
1.4995720E-1 -3.7160260E-4
1.6011430E-1 -3.7160260E-4
1.6994090E-1 -3.7116200E-4
1.7996170E-1 -3.7092990E-4
1.8999340E-1 -3.7051250E-4
1.9996830E-1 -3.7006020E-4
2.1000050E-1 -3.6932950E-4
2.1997790E-1 -3.6842490E-4
2.2996430E-1 -3.6718390E-4
2.3997350E-1 -3.6535160E-4
2.4992560E-1 -3.6310160E-4
2.5992350E-1 -3.5987170E-4
2.6997800E-1 -3.5534280E-4
2.7996440E-1 -3.4908010E-4
2.8995080E-1 -3.4019050E-4
2.9994870E-1 -3.2765350E-4
3.0994650E-1 -3.1004250E-4
3.1996680E-1 -2.8528740E-4
3.2997610E-1 -2.5074380E-4
3.3998540E-1 -2.0238180E-4
3.4994890E-1 -1.3422830E-4
3.5998060E-1 -3.9388280E-5
3.6940860E-1 7.3744200E-5
3.7996480E-1 2.7161180E-4
3.8993980E-1 5.1266680E-4
3.9993760E-1 8.3553260E-4
4.1004940E-1 1.2703000E-3
4.1993280E-1 1.8005820E-3
4.3009040E-1 2.4858150E-3
4.3992850E-1 3.3178890E-3
4.5001750E-1 4.3245590E-3
4.5993570E-1 5.4883860E-3
4.7001310E-1 6.8402530E-3
4.7997670E-1 8.3074350E-3
4.9003120E-1 9.9824780E-3
5.0004050E-1 1.1788550E-2
5.0998120E-1 1.3713600E-2
5.1999040E-1 1.5788120E-2
5.2997680E-1 1.7979670E-2
5.4002000E-1 2.0288800E-2
