-9.0066430E-2 -3.8087210E-4
-5.9982300E-2 -3.8073280E-4
-3.0000690E-2 -3.8055310E-4
3.4205620E-3 -3.7635470E-4
1.4946220E-2 -3.7437720E-4
1.7604740E-2 -3.8041970E-4
3.0007840E-2 -3.8079660E-4
3.9994240E-2 -3.8073280E-4
5.0003530E-2 -3.8067480E-4
6.0001370E-2 -3.8059370E-4
7.0010660E-2 -3.8050090E-4
8.0019470E-2 -3.8043710E-4
9.0017320E-2 -3.8032690E-4
9.9992280E-2 -3.8023990E-4
1.0999010E-1 -3.8014710E-4
1.1999940E-1 -3.8000800E-4
1.2997440E-1 -3.7992680E-4
1.3999510E-1 -3.7974700E-4
1.4988990E-1 -3.7976450E-4
1.6010430E-1 -3.7932370E-4
1.6998820E-1 -3.7919030E-4
1.8000890E-1 -3.7884820E-4
1.8999530E-1 -3.7839590E-4
2.0013000E-1 -3.7779290E-4
2.0986510E-1 -3.7699260E-4
2.2004840E-1 -3.7610530E-4
2.2987510E-1 -3.7516010E-4
2.3997550E-1 -3.7333930E-4
2.4976830E-1 -3.7072400E-4
2.6010800E-1 -3.6802180E-4
2.6982070E-1 -3.6304630E-4
2.8011510E-1 -3.5723590E-4
2.8987360E-1 -3.4811430E-4
2.9995110E-1 -3.3568730E-4
3.0996040E-1 -3.1819800E-4
3.1995820E-1 -2.9362820E-4
3.2997890E-1 -2.5936270E-4
3.3996530E-1 -2.1101770E-4
3.4997460E-1 -1.4312470E-4
3.5996100E-1 -4.9037960E-5
3.6938860E-1 6.3040560E-5
3.7999060E-1 2.5832860E-4
3.8995460E-1 4.9750090E-4
3.9997480E-1 8.1771330E-4
4.1000700E-1 1.2402350E-3
4.1994810E-1 1.7738810E-3
4.2999120E-1 2.4448070E-3
4.3995520E-1 3.2684860E-3
4.4996400E-1 4.2556360E-3
4.5996190E-1 5.4092150E-3
4.7000550E-1 6.7183840E-3
4.8001480E-1 8.1785680E-3
4.9000120E-1 9.8021070E-3
5.0003340E-1 1.1584700E-2
5.0998540E-1 1.3474430E-2
5.2005150E-1 1.5510160E-2
5.2998110E-1 1.7664060E-2
5.4005860E-1 1.9920510E-2
5.5001120E-1 2.2257480E-2
