-9.9100000E+37 -3.7786240E-4
-9.0044020E-2 -3.8108660E-4
-5.9970860E-2 -3.8088360E-4
-3.0000690E-2 -3.8077340E-4
1.2791450E-3 -3.7644750E-4
1.4751880E-2 -3.7477740E-4
3.0019280E-2 -3.8113290E-4
3.9994240E-2 -3.8104600E-4
5.0037860E-2 -3.8099950E-4
5.9978490E-2 -3.8090670E-4
7.0044520E-2 -3.8080830E-4
8.0008510E-2 -3.8075600E-4
8.9994910E-2 -3.8069220E-4
1.0012910E-1 -3.8060520E-4
1.0983040E-1 -3.8057620E-4
1.2001090E-1 -3.8051240E-4
1.3011120E-1 -3.8017610E-4
1.3992640E-1 -3.7989780E-4
1.5001540E-1 -3.7986880E-4
1.6017290E-1 -3.7977020E-4
1.6999960E-1 -3.7936440E-4
1.7987200E-1 -3.7915550E-4
1.9006350E-1 -3.7882500E-4
1.9999310E-1 -3.7807690E-4
2.1000190E-1 -3.7748550E-4
2.2001410E-1 -3.7657500E-4
2.2994330E-1 -3.7542110E-4
2.3997550E-1 -3.7369880E-4
2.4993900E-1 -3.7132700E-4
2.5993680E-1 -3.6814940E-4
2.6996900E-1 -3.6362620E-4
2.7996680E-1 -3.5728810E-4
2.8996470E-1 -3.4849120E-4
2.9996250E-1 -3.3612220E-4
3.0997180E-1 -3.1876620E-4
3.1996970E-1 -2.9409790E-4
3.2996750E-1 -2.5943240E-4
3.3998820E-1 -2.1093070E-4
3.4996320E-1 -1.4351900E-4
3.6000630E-1 -4.9278610E-5
3.6942290E-1 6.1268980E-5
3.7997960E-1 2.5886230E-4
3.8994310E-1 4.9954210E-4
3.9994100E-1 8.1825840E-4
4.1000700E-1 1.2349620E-3
4.1995950E-1 1.7741710E-3
4.2999120E-1 2.4500810E-3
4.3996620E-1 3.2707450E-3
4.4996400E-1 4.2453800E-3
4.5996190E-1 5.3903240E-3
4.6999410E-1 6.7019280E-3
4.8001480E-1 8.1782770E-3
4.8998980E-1 9.8008330E-3
5.0002190E-1 1.1573700E-2
5.0998540E-1 1.3477340E-2
5.2002910E-1 1.5502050E-2
5.2999260E-1 1.7628150E-2
5.4003570E-1 1.9870680E-2
5.5003360E-1 2.2213440E-2
