-9.9100000E+37 -3.8111270E-4
-9.0020180E-2 -3.8730570E-4
-5.9959410E-2 -3.8714350E-4
-3.0000690E-2 -3.8696940E-4
1.4028250E-3 -3.8264350E-4
1.4943750E-2 -3.8226660E-4
3.0030730E-2 -3.8720140E-4
4.0199280E-2 -3.8724780E-4
4.9820900E-2 -3.8690560E-4
6.0035230E-2 -3.8710870E-4
6.9998740E-2 -3.8691730E-4
8.0019000E-2 -3.8681870E-4
8.9971070E-2 -3.8673170E-4
1.0004850E-1 -3.8666790E-4
1.0994390E-1 -3.8669110E-4
1.2000990E-1 -3.8662730E-4
1.2999580E-1 -3.8615770E-4
1.4000510E-1 -3.8615180E-4
1.5003680E-1 -3.8603010E-4
1.6001180E-1 -3.8580390E-4
1.7002110E-1 -3.8552550E-4
1.7996170E-1 -3.8524150E-4
1.9000480E-1 -3.8482390E-4
1.9997980E-1 -3.8433680E-4
2.0998910E-1 -3.8366420E-4
2.1996640E-1 -3.8269000E-4
2.2992990E-1 -3.8148960E-4
2.3999640E-1 -3.7977310E-4
2.4994850E-1 -3.7751160E-4
2.5993490E-1 -3.7425850E-4
2.6994420E-1 -3.6964840E-4
2.7997590E-1 -3.6336250E-4
2.8996230E-1 -3.5455420E-4
2.9994870E-1 -3.4222010E-4
3.0998040E-1 -3.2487000E-4
3.1998970E-1 -3.0032370E-4
3.2997610E-1 -2.6583230E-4
3.3997390E-1 -2.1776020E-4
3.4999420E-1 -1.5077240E-4
3.6000350E-1 -5.7088680E-5
3.6942010E-1 5.3158740E-5
3.7997630E-1 2.5048640E-4
3.8997410E-1 4.8892600E-4
3.9997200E-1 8.0474020E-4
4.1003800E-1 1.2231880E-3
4.1993280E-1 1.7529480E-3
4.3007900E-1 2.4363270E-3
4.3990560E-1 3.2329370E-3
4.5002890E-1 4.2173560E-3
4.5998100E-1 5.3552220E-3
4.7004700E-1 6.6722610E-3
4.7997670E-1 8.1255360E-3
4.9004270E-1 9.7515550E-3
5.0002910E-1 1.1512770E-2
5.0999260E-1 1.3404820E-2
5.2003620E-1 1.5413870E-2
5.2999970E-1 1.7534730E-2
5.4004290E-1 1.9779000E-2
5.5004070E-1 2.2122310E-2
