9.9976960E-3 7.3965380E-7
1.1772130E-2 8.7166520E-7
1.3475240E-2 9.9863710E-7
1.6324490E-2 1.2111890E-6
1.9222680E-2 1.4276080E-6
2.2626160E-2 1.6818920E-6
2.6646850E-2 1.9820890E-6
3.1375890E-2 2.3352900E-6
3.6942960E-2 2.7520000E-6
4.3502090E-2 3.2444460E-6
5.1226850E-2 3.8242720E-6
6.0317750E-2 4.5088470E-6
7.1026330E-2 5.3181100E-6
8.3634610E-2 6.2753160E-6
9.8481180E-2 7.4072300E-6
1.1596160E-1 8.7475020E-6
1.3654970E-1 1.0337080E-5
1.6081090E-1 1.2238990E-5
1.8935300E-1 1.4474470E-5
2.2298740E-1 1.7148650E-5
2.6254130E-1 2.0332390E-5
3.0914550E-1 2.4114600E-5
3.6403010E-1 2.8641520E-5
4.2862920E-1 3.4036330E-5
5.0473380E-1 4.0496260E-5
5.9435270E-1 4.8177740E-5
6.9982670E-1 5.7321390E-5
8.2404490E-1 6.8142950E-5
9.7031930E-1 8.0852180E-5
1.1425650E+0 9.5763330E-5
1.3453810E+0 1.1335850E-4
1.5841770E+0 1.3390940E-4
1.8653870E+0 1.5783500E-4
2.1963880E+0 1.8573600E-4
2.5862690E+0 2.1793590E-4
3.0455250E+0 2.5487560E-4
3.5859450E+0 2.9798150E-4
4.2222880E+0 3.4814100E-4
4.9717270E+0 4.0552400E-4
5.8544010E+0 4.7085280E-4
6.8939460E+0 5.4507690E-4
8.1171800E+0 6.5565850E-4
9.5581420E+0 7.9892320E-4
1.1254650E+1 9.7293730E-4
1.3252820E+1 1.1647420E-3
1.5605300E+1 1.4651790E-3
1.8375290E+1 1.8856920E-3
2.1632810E+1 2.4339330E-3
2.5479000E+1 3.1515330E-3
3.0000310E+1 4.1246580E-3
