0.000E+0 0
1.000E-2 2.77111546E-14
2.000E-2 6.70074926E-14
3.000E-2 1.22772995E-13
4.000E-2 2.02010815E-13
5.000E-2 3.14493819E-13
6.000E-2 4.73907622E-13
7.000E-2 6.99328204E-13
8.000E-2 1.01728053E-12
9.000E-2 1.46441758E-12
1.000E-1 2.09127753E-12
1.100E-1 2.9674154E-12
1.200E-1 4.18847727E-12
1.300E-1 5.8860924E-12
1.400E-1 8.2418491E-12
1.500E-1 1.15074825E-11
1.600E-1 1.60338678E-11
1.700E-1 2.23134445E-11
1.800E-1 3.10423345E-11
1.900E-1 4.32121503E-11
2.000E-1 6.02447079E-11
2.100E-1 8.41913061E-11
2.200E-1 1.18026395E-10
2.300E-1 1.66070691E-10
2.400E-1 2.31725332E-10
2.500E-1 3.30343124E-10
2.600E-1 4.73559939E-10
2.700E-1 6.79055018E-10
2.800E-1 9.779651E-10
2.900E-1 1.41454764E-9
3.000E-1 2.05375843E-9
3.100E-1 2.99279092E-9
3.200E-1 4.37512484E-9
3.300E-1 6.41222576E-9
3.400E-1 9.42181789E-9
3.500E-1 1.38764045E-8
3.600E-1 2.04710707E-8
3.700E-1 3.02492171E-8
3.800E-1 4.47594532E-8
3.900E-1 6.63077176E-8
4.000E-1 9.83287866E-8
4.100E-1 1.45936962E-7
4.200E-1 2.16750488E-7
4.300E-1 3.22117388E-7
4.400E-1 4.78946656E-7
4.500E-1 7.12431988E-7
