-9.0059280E-2 -1.8161910E-4
-5.9985160E-2 -1.7543150E-4
-3.0002120E-2 -1.6817100E-4
-8.4847210E-5 -1.6045240E-4
9.9771320E-3 -1.5715860E-4
2.0023760E-2 -1.5406760E-4
2.9986860E-2 -1.5047800E-4
3.9985180E-2 -1.4673170E-4
4.9983020E-2 -1.4280590E-4
6.0015680E-2 -1.3840430E-4
6.9956780E-2 -1.3381730E-4
8.0114360E-2 -1.2813420E-4
8.9987280E-2 -1.2272360E-4
1.0000800E-1 -1.1647210E-4
1.0999490E-1 -1.1004670E-4
1.2001610E-1 -1.0173670E-4
1.2998010E-1 -9.3099400E-5
1.3997790E-1 -8.3435730E-5
1.5006730E-1 -7.1372390E-5
1.6000890E-1 -5.9626840E-5
1.7006400E-1 -4.5002600E-5
1.7992540E-1 -3.0159140E-5
1.9000340E-1 -1.0641020E-5
1.9980760E-1 1.0714920E-5
2.1002240E-1 3.8162370E-5
2.1994300E-1 6.7015560E-5
2.2987270E-1 9.9386500E-5
2.3995070E-1 1.4390960E-4
2.4993750E-1 1.9547020E-4
2.5992440E-1 2.5452320E-4
2.6994560E-1 3.2392210E-4
2.7996680E-1 4.0971530E-4
2.8997610E-1 5.1139270E-4
2.9996300E-1 6.3812830E-4
3.0997280E-1 7.7020470E-4
3.1992530E-1 9.2878940E-4
3.3006050E-1 1.1061880E-3
3.3986470E-1 1.3063490E-3
3.5004570E-1 1.5389640E-3
3.5996390E-1 1.7792270E-3
3.7003040E-1 2.0356590E-3
3.7991480E-1 2.3211820E-3
3.9002700E-1 2.6271620E-3
3.9990000E-1 2.9638560E-3
4.0994360E-1 3.2849030E-3
4.1996480E-1 3.6284350E-3
4.2995170E-1 3.9591600E-3
4.3995000E-1 4.3464450E-3
4.4987960E-1 4.7315840E-3
4.6006060E-1 5.1553790E-3
4.6999030E-1 5.5341440E-3
4.7997710E-1 5.9466380E-3
4.8995260E-1 6.3249990E-3
5.0001910E-1 6.7712760E-3
5.0994920E-1 7.1932750E-3
5.2001570E-1 7.6669620E-3
5.2996830E-1 8.0902930E-3
5.4003480E-1 8.5422510E-3
5.5001020E-1 8.9676100E-3
5.5998560E-1 9.4408360E-3
5.7004120E-1 9.9041520E-3
5.8000520E-1 1.0373730E-2
5.9002640E-1 1.0826240E-2
6.0002420E-1 1.1336650E-2
