-9.0069770E-2 -4.9107550E-6
-5.9996130E-2 -3.3518810E-6
-3.0002120E-2 -1.6628530E-6
-1.1429190E-4 1.6684500E-8
1.0085400E-2 6.2217150E-7
2.0007130E-2 1.2087290E-6
2.9986380E-2 1.8830270E-6
3.9995670E-2 2.5439480E-6
5.0027850E-2 3.2352980E-6
5.9946540E-2 3.9772420E-6
7.0013050E-2 4.7544960E-6
8.0022340E-2 5.6563280E-6
8.9986320E-2 6.5321660E-6
9.9961280E-2 7.5481130E-6
1.0992530E-1 8.5840310E-6
1.1996890E-1 9.9740880E-6
1.2996720E-1 1.1575420E-5
1.3998790E-1 1.3297190E-5
1.5003160E-1 1.5558270E-5
1.5997270E-1 1.8290230E-5
1.6998240E-1 2.2043420E-5
1.7999170E-1 2.6215300E-5
1.8996720E-1 3.1893800E-5
1.9994260E-1 3.8543080E-5
2.0999770E-1 4.8929300E-5
2.1984960E-1 6.1849130E-5
2.2991610E-1 8.0954340E-5
2.3994870E-1 1.0421750E-4
2.4992420E-1 1.3596910E-4
2.5991060E-1 1.7902210E-4
2.6997710E-1 2.4647780E-4
2.7995250E-1 3.2433700E-4
2.8999660E-1 4.3880050E-4
2.9990340E-1 5.7753340E-4
3.0994700E-1 7.8729420E-4
3.1993390E-1 1.0690910E-3
3.2995510E-1 1.4373640E-3
3.3993010E-1 1.8574470E-3
3.4992840E-1 2.4975070E-3
3.5993810E-1 3.2411250E-3
3.6997030E-1 4.2885770E-3
3.7995720E-1 5.3859220E-3
3.9001230E-1 6.7706420E-3
3.9990760E-1 8.2096640E-3
4.0995170E-1 1.0053580E-2
4.2006350E-1 1.1882290E-2
4.2992500E-1 1.4231490E-2
4.3994620E-1 1.6510610E-2
4.4997840E-1 1.9296630E-2
4.5995380E-1 2.1852090E-2
4.7002030E-1 2.4718060E-2
4.7998430E-1 2.7444420E-2
4.9001650E-1 3.0613390E-2
