-9.0035440E-2 -4.8943970E-6
-5.9984680E-2 -3.3490910E-6
-3.0013560E-2 -1.6641210E-6
-7.2559710E-4 4.1233930E-9
9.9782050E-3 6.1533550E-7
1.9881070E-2 1.2085400E-6
3.0009270E-2 1.8813150E-6
3.9972780E-2 2.5587200E-6
4.9993990E-2 3.1826170E-6
5.9980390E-2 3.9644350E-6
6.9955830E-2 4.7268550E-6
8.0033780E-2 5.6739520E-6
8.9997770E-2 6.5444660E-6
1.0005280E-1 7.5821570E-6
1.0993670E-1 8.6158580E-6
1.2000320E-1 9.9723770E-6
1.2995580E-1 1.1614840E-5
1.3996550E-1 1.3242080E-5
1.5000920E-1 1.5533890E-5
1.5996170E-1 1.8180610E-5
1.6999390E-1 2.1916990E-5
1.7998080E-1 2.6112060E-5
1.9003580E-1 3.1890890E-5
1.9997690E-1 3.8834740E-5
2.0998620E-1 4.8871280E-5
2.1999790E-1 6.3468830E-5
2.2989370E-1 8.0057780E-5
2.3994870E-1 1.0408180E-4
2.4993560E-1 1.3556910E-4
2.5992200E-1 1.8231010E-4
2.6994320E-1 2.4087010E-4
2.7991870E-1 3.2193050E-4
2.8992800E-1 4.2194240E-4
2.9994920E-1 5.7939490E-4
3.0995850E-1 7.8123410E-4
3.1995680E-1 1.0602250E-3
3.2997750E-1 1.4120400E-3
3.3993010E-1 1.8791780E-3
3.4995130E-1 2.4895670E-3
3.5994960E-1 3.3045800E-3
3.6992450E-1 4.2193830E-3
3.7995720E-1 5.3605400E-3
3.8987540E-1 6.5817260E-3
3.9993050E-1 8.2358570E-3
4.0995170E-1 1.0009480E-2
4.1996100E-1 1.2001630E-2
4.2993640E-1 1.4185730E-2
4.3998050E-1 1.6737130E-2
4.4992160E-1 1.9108360E-2
4.5995380E-1 2.1810960E-2
4.6997500E-1 2.4349610E-2
4.8000720E-1 2.7475130E-2
4.8999400E-1 3.0523020E-2
