-9.0034010E-2 -4.1065580E-6
-5.9960840E-2 -2.7908970E-6
-2.9967310E-2 -1.3634710E-6
-5.8919190E-5 5.0539060E-9
9.9603830E-3 4.6841360E-7
1.9792410E-2 9.4081590E-7
3.0042650E-2 1.4098700E-6
3.9915560E-2 1.9791710E-6
4.9936290E-2 2.5042210E-6
6.0013770E-2 3.1204360E-6
7.0000170E-2 3.6772490E-6
8.0020900E-2 4.3272540E-6
8.9950560E-2 4.9414390E-6
9.9925520E-2 5.7335160E-6
1.0992380E-1 6.5815090E-6
1.2002420E-1 7.6844210E-6
1.2999920E-1 8.8467330E-6
1.4006570E-1 1.0342580E-5
1.5008640E-1 1.2122660E-5
1.5985630E-1 1.4499110E-5
1.7002530E-1 1.7439200E-5
1.7987490E-1 2.0991690E-5
1.9016930E-1 2.6029300E-5
1.9984820E-1 3.2822860E-5
2.1008540E-1 4.2272370E-5
2.1993730E-1 5.4401040E-5
2.2986700E-1 6.9132290E-5
2.4003600E-1 9.2600950E-5
2.4985170E-1 1.2420070E-4
2.5994060E-1 1.6555380E-4
2.6993890E-1 2.2005900E-4
2.7991390E-1 2.9766190E-4
2.8994610E-1 4.0243330E-4
2.9995540E-1 5.5344050E-4
3.0996510E-1 7.3541470E-4
3.1991720E-1 9.8549880E-4
3.2998370E-1 1.3026070E-3
3.3994770E-1 1.7186850E-3
3.5000280E-1 2.2597000E-3
3.5998920E-1 2.9025900E-3
3.6991880E-1 3.6537270E-3
3.7993960E-1 4.5790040E-3
3.8991450E-1 5.6390710E-3
3.9991280E-1 6.9108270E-3
4.1001320E-1 8.1975910E-3
4.1988610E-1 9.6475410E-3
4.2998650E-1 1.1240200E-2
4.3987040E-1 1.2895910E-2
4.4997120E-1 1.4599130E-2
4.6002630E-1 1.6484840E-2
4.6995590E-1 1.8415750E-2
4.8004480E-1 2.0578370E-2
4.8990630E-1 2.2549820E-2
5.0000670E-1 2.4694490E-2
5.1005030E-1 2.6650880E-2
5.1993420E-1 2.9040600E-2
5.3011470E-1 3.1251890E-2
