-9.0047360E-2 -4.1269430E-6
-5.9962270E-2 -2.7994590E-6
-3.0058860E-2 -1.4043930E-6
3.5315750E-5 4.5177160E-9
9.7486080E-3 4.4935840E-7
2.0246390E-2 9.6980850E-7
2.9986380E-2 1.4923840E-6
3.9927480E-2 1.9742730E-6
4.9971580E-2 2.5406730E-6
5.9901240E-2 3.0921730E-6
6.9888110E-2 3.7590580E-6
7.9920290E-2 4.3962100E-6
9.0055470E-2 5.1296630E-6
9.9996570E-2 5.9128830E-6
1.0990330E-1 6.8660740E-6
1.1992450E-1 7.9885390E-6
1.2992290E-1 9.3625680E-6
1.4000080E-1 1.0988650E-5
1.4998720E-1 1.3056040E-5
1.5998550E-1 1.5910980E-5
1.6999530E-1 1.9373650E-5
1.7997070E-1 2.4003700E-5
1.8990040E-1 3.0056300E-5
2.0000120E-1 3.8384470E-5
2.0990800E-1 4.9907410E-5
2.1996550E-1 6.5266520E-5
2.2998670E-1 8.6311090E-5
2.4000740E-1 1.1358570E-4
2.4991460E-1 1.5528760E-4
2.5992440E-1 2.0605370E-4
2.6994510E-1 2.7797530E-4
2.7986380E-1 3.6541560E-4
2.8990750E-1 5.0201550E-4
2.9991720E-1 6.7509800E-4
3.1007530E-1 9.3140500E-4
3.1997060E-1 1.2079500E-3
3.2984350E-1 1.5948280E-3
3.3994440E-1 2.0816160E-3
3.4994270E-1 2.7285180E-3
3.5995240E-1 3.4254340E-3
3.6985920E-1 4.2762090E-3
3.7994860E-1 5.1753150E-3
3.8987870E-1 6.3538590E-3
3.9991090E-1 7.5894260E-3
4.0989780E-1 9.1043150E-3
4.1993050E-1 1.0462420E-2
4.3000840E-1 1.2184220E-2
4.3983550E-1 1.3799410E-2
4.4994780E-1 1.5571620E-2
4.5994620E-1 1.7273160E-2
4.6997830E-1 1.9326910E-2
4.8002240E-1 2.1312330E-2
4.9002080E-1 2.3608250E-2
5.0004150E-1 2.5604080E-2
5.0997160E-1 2.7816010E-2
5.2009530E-1 2.9826310E-2
5.3000210E-1 3.2214940E-2
