0.000E+0 -36.2862126
1.000E-2 -36.2860333
2.000E-2 -36.2858522
3.000E-2 -36.28567
4.000E-2 -36.2854864
5.000E-2 -36.2853014
6.000E-2 -36.285115
7.000E-2 -36.284927
8.000E-2 -36.2847371
9.000E-2 -36.2845452
1.000E-1 -36.284351
1.100E-1 -36.284154
1.200E-1 -36.2839535
1.300E-1 -36.2837487
1.400E-1 -36.2835385
1.500E-1 -36.283321
1.600E-1 -36.2830941
1.700E-1 -36.2828542
1.800E-1 -36.2825968
1.900E-1 -36.2823153
2.000E-1 -36.2820004
2.100E-1 -36.2816389
2.200E-1 -36.2812124
2.300E-1 -36.2806947
2.400E-1 -36.280049
2.500E-1 -36.2792232
2.600E-1 -36.2781437
2.700E-1 -36.2767065
2.800E-1 -36.2747648
2.900E-1 -36.2721112
3.000E-1 -36.2684527
3.100E-1 -36.2633751
3.200E-1 -36.2562935
3.300E-1 -36.2463812
3.400E-1 -36.2324705
3.500E-1 -36.2129113
3.600E-1 -36.1853723
3.700E-1 -36.1465598
3.800E-1 -36.0918205
3.900E-1 -36.0145806
4.000E-1 -35.9055538
4.100E-1 -35.7516239
4.200E-1 -35.5342674
4.300E-1 -35.2273307
4.400E-1 -34.793898
4.500E-1 -34.1818856
4.600E-1 -33.3178546
4.700E-1 -32.0983445
4.800E-1 -30.3777767
4.900E-1 -27.951658
5.000E-1 -24.5334228
5.100E-1 -19.7228296
5.200E-1 -12.9634498
5.300E-1 -3.48664417
5.400E-1 9.76011251
