0.000E+0 0
1.000E-2 2.13041657E-16
2.000E-2 5.2228191E-16
3.000E-2 9.7228922E-16
4.000E-2 1.6281941E-15
5.000E-2 2.58513383E-15
6.000E-2 3.98202637E-15
7.000E-2 6.0216653E-15
8.000E-2 9.00005769E-15
9.000E-2 1.33493039E-14
1.000E-1 1.9700365E-14
1.100E-1 2.89751176E-14
1.200E-1 4.25216587E-14
1.300E-1 6.23136573E-14
1.400E-1 9.12447715E-14
1.500E-1 1.33564428E-13
1.600E-1 1.95524054E-13
1.700E-1 2.86336818E-13
1.800E-1 4.19604443E-13
1.900E-1 6.1543987E-13
2.000E-1 9.03626437E-13
2.100E-1 1.3283209E-12
2.200E-1 1.95505598E-12
2.300E-1 2.88116831E-12
2.400E-1 4.25132948E-12
2.500E-1 6.28068076E-12
2.600E-1 9.28929846E-12
2.700E-1 1.37535454E-11
2.800E-1 2.03825897E-11
2.900E-1 3.02358347E-11
3.000E-1 4.48754285E-11
3.100E-1 6.6655073E-11
3.200E-1 9.90614613E-11
3.300E-1 1.4729523E-10
3.400E-1 2.19105968E-10
3.500E-1 3.2604232E-10
3.600E-1 4.85315251E-10
3.700E-1 7.22575041E-10
3.800E-1 1.07604968E-9
3.900E-1 1.60271108E-9
4.000E-1 2.38745991E-9
4.100E-1 3.55680448E-9
4.200E-1 5.29921238E-9
4.300E-1 7.89636965E-9
4.400E-1 1.17631447E-8
4.500E-1 1.75241309E-8
