-9.0055470E-2 -1.9333710E-4
-5.9982780E-2 -1.9167280E-4
-3.0057910E-2 -1.9015350E-4
-1.3193490E-4 -1.8832100E-4
1.0143970E-2 -1.8775280E-4
2.0110130E-2 -1.8716710E-4
3.0088420E-2 -1.8665670E-4
4.0063380E-2 -1.8608850E-4
5.0026890E-2 -1.8524760E-4
5.9899330E-2 -1.8442420E-4
7.0033550E-2 -1.8368200E-4
8.0019950E-2 -1.8285270E-4
8.9846610E-2 -1.8186690E-4
1.0000420E-1 -1.8110730E-4
1.1000200E-1 -1.8013300E-4
1.2004520E-1 -1.7874710E-4
1.3000870E-1 -1.7723360E-4
1.3985820E-1 -1.7507060E-4
1.5002730E-1 -1.7298890E-4
1.5996790E-1 -1.7006630E-4
1.6997720E-1 -1.6705670E-4
1.7992930E-1 -1.6241750E-4
1.8998430E-1 -1.5692600E-4
1.9999310E-1 -1.4845390E-4
2.1004820E-1 -1.3858430E-4
2.1994540E-1 -1.2614580E-4
2.2986360E-1 -1.0682390E-4
2.4002080E-1 -8.2297500E-5
2.4990460E-1 -4.8903410E-5
2.5982280E-1 -9.1823990E-7
2.6987740E-1 5.9434770E-5
2.7998970E-1 1.4768450E-4
2.8994180E-1 2.6318800E-4
2.9995110E-1 4.1237220E-4
3.0993750E-1 6.2321640E-4
3.1996970E-1 9.0273170E-4
3.2985310E-1 1.2780170E-3
3.3997630E-1 1.7639730E-3
3.4996270E-1 2.3227110E-3
3.6000630E-1 3.0919760E-3
3.6989020E-1 3.9968400E-3
3.8001350E-1 5.1365100E-3
3.8982870E-1 6.3940470E-3
3.9994050E-1 7.8198090E-3
4.0992740E-1 9.4668180E-3
4.1994760E-1 1.1388900E-2
4.3007090E-1 1.3240410E-2
4.4002340E-1 1.5429060E-2
4.4991830E-1 1.7708110E-2
4.5998480E-1 2.0214810E-2
4.6995970E-1 2.2713990E-2
4.8001480E-1 2.5265890E-2
4.8994400E-1 2.8036180E-2
5.0001050E-1 3.0881790E-2
