0.000E+0 -0.268611084
1.000E-2 -0.268609108
2.000E-2 -0.268607108
3.000E-2 -0.268605081
4.000E-2 -0.268603019
5.000E-2 -0.268600913
6.000E-2 -0.26859875
7.000E-2 -0.268596511
8.000E-2 -0.268594168
9.000E-2 -0.268591684
1.000E-1 -0.268589002
1.100E-1 -0.268586044
1.200E-1 -0.268582693
1.300E-1 -0.268578785
1.400E-1 -0.268574084
1.500E-1 -0.268568246
1.600E-1 -0.268560781
1.700E-1 -0.268550978
1.800E-1 -0.268537814
1.900E-1 -0.268519813
2.000E-1 -0.268494846
2.100E-1 -0.268459841
2.200E-1 -0.268410363
2.300E-1 -0.268340011
2.400E-1 -0.268239548
2.500E-1 -0.268095632
2.600E-1 -0.267889006
2.700E-1 -0.267591863
2.800E-1 -0.267164053
2.900E-1 -0.266547604
3.000E-1 -0.265658809
3.100E-1 -0.264376807
3.200E-1 -0.262527107
3.300E-1 -0.259857807
3.400E-1 -0.256005325
3.500E-1 -0.250445003
3.600E-1 -0.242420038
3.700E-1 -0.230839345
3.800E-1 -0.214131139
3.900E-1 -0.190033717
4.000E-1 -0.155297939
4.100E-1 -0.105267066
4.200E-1 -0.0332893528
4.300E-1 0.0700912373
