-9.0058330E-2 -2.0004720E-4
-5.9950350E-2 -1.9842340E-4
-2.9990670E-2 -1.9681130E-4
-5.6564810E-5 -1.9532660E-4
1.0266810E-2 -1.9482220E-4
2.0189700E-2 -1.9390010E-4
2.9974940E-2 -1.9337820E-4
3.9984230E-2 -1.9252000E-4
4.9993990E-2 -1.9188780E-4
6.0037610E-2 -1.9111080E-4
7.0001600E-2 -1.9033370E-4
7.9999450E-2 -1.8944650E-4
8.9986320E-2 -1.8855920E-4
1.0000710E-1 -1.8743410E-4
1.0998250E-1 -1.8641350E-4
1.1998030E-1 -1.8517250E-4
1.2996720E-1 -1.8357780E-4
1.3998790E-1 -1.8167000E-4
1.5000920E-1 -1.7942570E-4
1.5998410E-1 -1.7664220E-4
1.6998240E-1 -1.7329610E-4
1.7998030E-1 -1.6873810E-4
1.8999000E-1 -1.6273600E-4
1.9995400E-1 -1.5534230E-4
2.0998620E-1 -1.4521140E-4
2.1996360E-1 -1.3296960E-4
2.2992750E-1 -1.1407050E-4
2.3998260E-1 -8.9184260E-5
2.4968480E-1 -5.6683320E-5
2.6008180E-1 -8.3218390E-6
2.6996610E-1 5.1086560E-5
2.7992960E-1 1.3747690E-4
2.9000810E-1 2.5505460E-4
2.9990340E-1 3.9446030E-4
3.0998130E-1 6.1116860E-4
3.1976270E-1 8.8336300E-4
3.2994370E-1 1.2736560E-3
3.3989620E-1 1.7019660E-3
3.4991690E-1 2.3584850E-3
3.5994960E-1 3.1176900E-3
3.6995890E-1 4.1880910E-3
3.7998010E-1 5.2910000E-3
3.9002370E-1 6.6924110E-3
3.9988520E-1 8.1201310E-3
4.0997460E-1 9.9914610E-3
4.1991570E-1 1.1820870E-2
4.3002750E-1 1.4200790E-2
4.3993470E-1 1.6480480E-2
4.4995550E-1 1.9329070E-2
4.5991950E-1 2.1828340E-2
4.7004320E-1 2.4748770E-2
4.7996140E-1 2.7394030E-2
4.9002790E-1 3.0672490E-2
