-9.0033530E-2 -2.0094680E-4
-5.9983250E-2 -1.9935800E-4
-3.0024050E-2 -1.9785610E-4
-8.3684920E-5 -1.9638890E-4
1.0430280E-2 -1.9642370E-4
2.0274010E-2 -1.9552490E-4
3.0122760E-2 -1.9515380E-4
4.0006640E-2 -1.9467250E-4
5.0004480E-2 -1.9376200E-4
6.0013770E-2 -1.9319950E-4
7.0022580E-2 -1.9259650E-4
8.0009460E-2 -1.9196430E-4
8.9961530E-2 -1.9104810E-4
1.0005040E-1 -1.9045660E-4
1.0999160E-1 -1.8923310E-4
1.2004610E-1 -1.8827050E-4
1.2998720E-1 -1.8690190E-4
1.4000800E-1 -1.8534790E-4
1.4994860E-1 -1.8319640E-4
1.5996930E-1 -1.8088260E-4
1.7004680E-1 -1.7713080E-4
1.8001080E-1 -1.7323970E-4
1.8999720E-1 -1.6771910E-4
2.0000650E-1 -1.6146210E-4
2.1000430E-1 -1.5137200E-4
2.2000410E-1 -1.3700240E-4
2.2992230E-1 -1.2003470E-4
2.3998880E-1 -9.6173880E-5
2.4989560E-1 -6.3431900E-5
2.5982480E-1 -2.5802000E-5
2.6989130E-1 3.6979300E-5
2.7990060E-1 1.2299930E-4
2.8985260E-1 2.3312820E-4
2.9990770E-1 3.6938160E-4
3.0999710E-1 5.7670170E-4
3.2004020E-1 8.3961690E-4
3.3006100E-1 1.1997390E-3
3.3988810E-1 1.6606640E-3
3.5006860E-1 2.1907220E-3
3.5998630E-1 2.9049420E-3
3.6997320E-1 3.7867480E-3
3.7995960E-1 4.8071130E-3
3.8988920E-1 5.9771000E-3
3.9989850E-1 7.1977920E-3
4.0999890E-1 8.7598040E-3
4.1995100E-1 1.0390250E-2
4.2997170E-1 1.2172240E-2
4.3999240E-1 1.4096170E-2
4.4993350E-1 1.6208380E-2
4.5993140E-1 1.8321170E-2
4.6998640E-1 2.0536500E-2
4.8000720E-1 2.2620900E-2
4.9010750E-1 2.5151390E-2
5.0003720E-1 2.7584540E-2
5.0998930E-1 3.0451610E-2
