0.000E+0 -0.203679285
1.000E-2 -0.203667302
2.000E-2 -0.203655242
3.000E-2 -0.203643086
4.000E-2 -0.20363083
5.000E-2 -0.203618465
6.000E-2 -0.203605979
7.000E-2 -0.203593357
8.000E-2 -0.20358058
9.000E-2 -0.203567622
1.000E-1 -0.203554443
1.100E-1 -0.203540991
1.200E-1 -0.203527195
1.300E-1 -0.20351295
1.400E-1 -0.203498116
1.500E-1 -0.203482485
1.600E-1 -0.203465771
1.700E-1 -0.203447555
1.800E-1 -0.203427241
1.900E-1 -0.203403964
2.000E-1 -0.203376472
2.100E-1 -0.203342935
2.200E-1 -0.203300691
2.300E-1 -0.203245838
2.400E-1 -0.203172655
2.500E-1 -0.203072737
2.600E-1 -0.202933719
2.700E-1 -0.202737402
2.800E-1 -0.202456957
2.900E-1 -0.202052821
3.000E-1 -0.20146661
3.100E-1 -0.200612118
3.200E-1 -0.199362016
3.300E-1 -0.197528156
3.400E-1 -0.194832454
3.500E-1 -0.190863791
3.600E-1 -0.18501428
3.700E-1 -0.176384965
3.800E-1 -0.163646378
3.900E-1 -0.144832377
4.000E-1 -0.117035501
4.100E-1 -0.0759571722
4.200E-1 -0.0152443469
4.300E-1 0.0744870094
