0.000E+0 0
1.000E-2 3.25693591E-14
2.000E-2 7.95014852E-14
3.000E-2 1.47192293E-13
4.000E-2 2.44876313E-13
5.000E-2 3.85881607E-13
6.000E-2 5.89438627E-13
7.000E-2 8.83288451E-13
8.000E-2 1.30744597E-12
9.000E-2 1.91963418E-12
1.000E-1 2.80314052E-12
1.100E-1 4.07818976E-12
1.200E-1 5.91843166E-12
1.300E-1 8.5748795E-12
1.400E-1 1.24107166E-11
1.500E-1 1.79519689E-11
1.600E-1 2.59613541E-11
1.700E-1 3.75459903E-11
1.800E-1 5.4314579E-11
1.900E-1 7.86068658E-11
2.000E-1 1.13828691E-10
2.100E-1 1.64941294E-10
2.200E-1 2.39175954E-10
2.300E-1 3.47077863E-10
2.400E-1 5.04031013E-10
2.500E-1 7.32485991E-10
2.600E-1 1.06521491E-9
2.700E-1 1.55006749E-9
2.800E-1 2.25692087E-9
2.900E-1 3.28783592E-9
3.000E-1 4.79189962E-9
3.100E-1 6.98690992E-9
3.200E-1 1.01911032E-8
3.300E-1 1.48694513E-8
3.400E-1 2.17013977E-8
3.500E-1 3.16798134E-8
3.600E-1 4.62556122E-8
3.700E-1 6.75490671E-8
3.800E-1 9.86585435E-8
3.900E-1 1.44111408E-7
4.000E-1 2.10522677E-7
4.100E-1 3.07556122E-7
4.200E-1 4.49326024E-7
4.300E-1 6.56440398E-7
4.400E-1 9.58977703E-7
4.500E-1 1.40080094E-6
