-9.0031620E-2 -4.3313810E-6
-5.9947970E-2 -2.9031020E-6
-3.0000690E-2 -1.4577040E-6
-1.8495320E-4 -3.8206590E-9
1.0334700E-2 5.0543050E-7
1.9879100E-2 1.0000050E-6
3.0019280E-2 1.5190640E-6
3.9993760E-2 2.0883510E-6
4.9968720E-2 2.6062880E-6
5.9978010E-2 3.1840080E-6
6.9907190E-2 3.8044550E-6
8.0030440E-2 4.4704210E-6
8.9948180E-2 5.1794940E-6
1.0000280E-1 5.9582400E-6
1.1006880E-1 6.8676420E-6
1.1999850E-1 7.8858300E-6
1.3001870E-1 9.2057140E-6
1.3994790E-1 1.0682500E-5
1.5008260E-1 1.2424480E-5
1.5997790E-1 1.4779420E-5
1.6996380E-1 1.7681760E-5
1.7996170E-1 2.1474800E-5
1.8997100E-1 2.6151600E-5
1.9994540E-1 3.2902670E-5
2.0997760E-1 4.1762210E-5
2.1996640E-1 5.4753430E-5
2.2990750E-1 7.0186580E-5
2.4008750E-1 9.2729150E-5
2.4993710E-1 1.2072430E-4
2.5995780E-1 1.6559060E-4
2.6990990E-1 2.1785030E-4
2.7997590E-1 2.9354330E-4
2.8990510E-1 3.8210420E-4
2.9990290E-1 5.2347590E-4
3.0987790E-1 6.9798830E-4
3.2006930E-1 9.6175730E-4
3.3004430E-1 1.2241730E-3
3.3993960E-1 1.6299820E-3
3.4997180E-1 2.1143690E-3
3.6002640E-1 2.7708620E-3
3.6992170E-1 3.4375510E-3
3.7998770E-1 4.2770430E-3
3.8986020E-1 5.1118970E-3
3.9990330E-1 6.2360880E-3
4.0993550E-1 7.3730830E-3
4.2000150E-1 8.7787840E-3
4.2995360E-1 1.0072590E-2
4.3996290E-1 1.1604910E-2
4.4997170E-1 1.3065920E-2
4.6000390E-1 1.4661940E-2
4.6984200E-1 1.6147290E-2
4.8007920E-1 1.7926950E-2
4.8987150E-1 1.9692690E-2
4.9990370E-1 2.1684940E-2
5.0989010E-1 2.3458810E-2
5.2015020E-1 2.5356640E-2
5.2986290E-1 2.7116580E-2
5.4012250E-1 2.9141290E-2
5.5001780E-1 3.1104580E-2
