5.737E-4 -5.448E-5
1.049E-2 -5.418E-5
2.034E-2 -5.383E-5
3.013E-2 -5.358E-5
3.978E-2 -5.333E-5
4.970E-2 -5.302E-5
6.068E-2 -5.267E-5
7.051E-2 -5.227E-5
8.028E-2 -5.202E-5
9.011E-2 -5.167E-5
1.000E-1 -5.131E-5
1.110E-1 -5.096E-5
1.210E-1 -5.051E-5
1.306E-1 -5.016E-5
1.406E-1 -4.980E-5
1.505E-1 -4.935E-5
1.616E-1 -4.895E-5
1.713E-1 -4.850E-5
1.812E-1 -4.809E-5
1.912E-1 -4.759E-5
2.009E-1 -4.714E-5
2.106E-1 -4.658E-5
2.218E-1 -4.598E-5
2.316E-1 -4.548E-5
2.415E-1 -4.487E-5
2.513E-1 -4.432E-5
2.612E-1 -4.367E-5
2.722E-1 -4.271E-5
2.818E-1 -4.191E-5
2.916E-1 -4.100E-5
3.015E-1 -3.994E-5
3.114E-1 -3.884E-5
3.223E-1 -3.733E-5
3.323E-1 -3.592E-5
3.422E-1 -3.411E-5
3.518E-1 -3.200E-5
3.617E-1 -2.973E-5
3.728E-1 -2.676E-5
3.827E-1 -2.425E-5
3.928E-1 -2.103E-5
4.023E-1 -1.761E-5
4.219E-1 -9.910E-6
4.626E-1 9.458E-6
4.835E-1 2.042E-5
5.031E-1 3.154E-5
5.538E-1 5.911E-5
6.041E-1 8.532E-5
6.543E-1 1.104E-4
7.047E-1 1.348E-4
7.550E-1 1.578E-4
8.055E-1 1.793E-4
8.559E-1 2.007E-4
9.063E-1 2.213E-4
9.566E-1 2.404E-4
1.006E+0 2.586E-4
