0.000E+0 -0.354722032
1.000E-2 -0.35472073
2.000E-2 -0.354719378
3.000E-2 -0.354717955
4.000E-2 -0.354716435
5.000E-2 -0.354714782
6.000E-2 -0.354712942
7.000E-2 -0.354710842
8.000E-2 -0.354708376
9.000E-2 -0.354705393
1.000E-1 -0.354701683
1.100E-1 -0.354696943
1.200E-1 -0.354690746
1.300E-1 -0.354682485
1.400E-1 -0.3546713
1.500E-1 -0.354655967
1.600E-1 -0.354634752
1.700E-1 -0.354605191
1.800E-1 -0.354563785
1.900E-1 -0.354505566
2.000E-1 -0.35442348
2.100E-1 -0.354307507
2.200E-1 -0.354143419
2.300E-1 -0.353911007
2.400E-1 -0.35358157
2.500E-1 -0.353114344
2.600E-1 -0.352451428
2.700E-1 -0.351510589
2.800E-1 -0.350175022
2.900E-1 -0.348278824
3.000E-1 -0.345586352
3.100E-1 -0.341762909
3.200E-1 -0.336333101
3.300E-1 -0.328621708
3.400E-1 -0.31766969
3.500E-1 -0.302114927
3.600E-1 -0.280022866
3.700E-1 -0.248646089
3.800E-1 -0.204083028
3.900E-1 -0.140793686
4.000E-1 -0.0509126998
4.100E-1 0.0767244418
