0.000E+0 -0.115265109
1.000E-2 -0.115250665
2.000E-2 -0.115235324
3.000E-2 -0.115218768
4.000E-2 -0.115200561
5.000E-2 -0.115180104
6.000E-2 -0.115156569
7.000E-2 -0.115128817
8.000E-2 -0.115095278
9.000E-2 -0.115053787
1.000E-1 -0.115001361
1.100E-1 -0.114933873
1.200E-1 -0.114845618
1.300E-1 -0.114728683
1.400E-1 -0.114572073
1.500E-1 -0.114360479
1.600E-1 -0.114072525
1.700E-1 -0.113678306
1.800E-1 -0.113135891
1.900E-1 -0.11238638
2.000E-1 -0.1113469
2.100E-1 -0.109900681
2.200E-1 -0.107883003
2.300E-1 -0.105061272
2.400E-1 -0.101106784
2.500E-1 -0.0955546832
2.600E-1 -0.0877472025
2.700E-1 -0.076753146
2.800E-1 -0.0612537141
2.900E-1 -0.0393805523
3.000E-1 -0.00848607894
3.100E-1 0.0351822092
