5.474E-4 -5.358E-5
1.040E-2 -5.338E-5
2.036E-2 -5.307E-5
3.000E-2 -5.282E-5
3.983E-2 -5.252E-5
4.978E-2 -5.227E-5
6.065E-2 -5.197E-5
7.063E-2 -5.151E-5
8.026E-2 -5.126E-5
9.028E-2 -5.096E-5
1.001E-1 -5.056E-5
1.110E-1 -5.026E-5
1.209E-1 -4.980E-5
1.307E-1 -4.955E-5
1.406E-1 -4.910E-5
1.505E-1 -4.870E-5
1.613E-1 -4.824E-5
1.712E-1 -4.784E-5
1.812E-1 -4.744E-5
1.911E-1 -4.699E-5
2.009E-1 -4.653E-5
2.106E-1 -4.603E-5
2.218E-1 -4.548E-5
2.318E-1 -4.497E-5
2.414E-1 -4.437E-5
2.512E-1 -4.372E-5
2.609E-1 -4.306E-5
2.721E-1 -4.226E-5
2.820E-1 -4.155E-5
2.918E-1 -4.060E-5
3.014E-1 -3.944E-5
3.114E-1 -3.833E-5
3.224E-1 -3.682E-5
3.322E-1 -3.521E-5
3.422E-1 -3.361E-5
3.520E-1 -3.144E-5
3.619E-1 -2.928E-5
3.728E-1 -2.646E-5
3.828E-1 -2.359E-5
3.927E-1 -2.022E-5
4.023E-1 -1.670E-5
4.220E-1 -9.055E-6
4.430E-1 4.528E-7
4.625E-1 1.021E-5
4.834E-1 2.138E-5
5.031E-1 3.205E-5
5.537E-1 5.976E-5
6.041E-1 8.577E-5
6.543E-1 1.108E-4
7.046E-1 1.346E-4
7.552E-1 1.575E-4
8.054E-1 1.792E-4
8.560E-1 2.000E-4
9.063E-1 2.202E-4
9.565E-1 2.393E-4
1.006E+0 2.571E-4
