0.000E+0 -0.292629939
1.000E-2 -0.292612526
2.000E-2 -0.292594297
3.000E-2 -0.292574948
4.000E-2 -0.292554069
5.000E-2 -0.292531082
6.000E-2 -0.292505171
7.000E-2 -0.292475183
8.000E-2 -0.292439487
9.000E-2 -0.292395778
1.000E-1 -0.292340796
1.100E-1 -0.292269926
1.200E-1 -0.292176634
1.300E-1 -0.292051669
1.400E-1 -0.291881926
1.500E-1 -0.291648834
1.600E-1 -0.291326075
1.700E-1 -0.290876341
1.800E-1 -0.29024674
1.900E-1 -0.289362283
2.000E-1 -0.28811665
2.100E-1 -0.286359135
2.200E-1 -0.283876172
2.300E-1 -0.28036527
2.400E-1 -0.275398331
2.500E-1 -0.268370189
2.600E-1 -0.258426825
2.700E-1 -0.244365978
2.800E-1 -0.224501046
2.900E-1 -0.196477763
3.000E-1 -0.157033204
3.100E-1 -0.101690791
3.200E-1 -0.0243973866
3.300E-1 0.0828629821
