0.000E+0 0
1.000E-2 4.35282433E-15
2.000E-2 1.05323246E-14
3.000E-2 1.93373174E-14
4.000E-2 3.19103558E-14
5.000E-2 4.98827157E-14
6.000E-2 7.55794014E-14
7.000E-2 1.12308853E-13
8.000E-2 1.64772493E-13
9.000E-2 2.3964454E-13
1.000E-1 3.46395133E-13
1.100E-1 4.9846371E-13
1.200E-1 7.14940567E-13
1.300E-1 1.02299165E-12
1.400E-1 1.46137777E-12
1.500E-1 2.08559399E-12
1.600E-1 2.97541496E-12
1.700E-1 4.24601915E-12
1.800E-1 6.0644374E-12
1.900E-1 8.67392041E-12
2.000E-1 1.24300784E-11
2.100E-1 1.78545181E-11
2.200E-1 2.57144872E-11
2.300E-1 3.71411895E-11
2.400E-1 5.38056208E-11
2.500E-1 7.81800015E-11
2.600E-1 1.13926628E-10
2.700E-1 1.66476457E-10
2.800E-1 2.43890273E-10
2.900E-1 3.58140789E-10
3.000E-1 5.27021878E-10
3.100E-1 7.76992211E-10
3.200E-1 1.14741127E-9
3.300E-1 1.6968503E-9
3.400E-1 2.51249563E-9
3.500E-1 3.72416052E-9
3.600E-1 5.52516603E-9
3.700E-1 8.20345889E-9
3.800E-1 1.21879869E-8
3.900E-1 1.81178124E-8
4.000E-1 2.69451101E-8
4.100E-1 4.00886488E-8
4.200E-1 5.96624763E-8
4.300E-1 8.88165819E-8
4.400E-1 1.32244985E-7
4.500E-1 1.9693594E-7
