0.000E+0 0
1.000E-2 1.03544961E-15
2.000E-2 2.53954036E-15
3.000E-2 4.72762672E-15
4.000E-2 7.91315267E-15
5.000E-2 1.25517945E-14
6.000E-2 1.93052534E-14
7.000E-2 2.91334093E-14
8.000E-2 4.34274571E-14
9.000E-2 6.42023926E-14
1.000E-1 9.43756996E-14
1.100E-1 1.3817172E-13
1.200E-1 2.01710066E-13
1.300E-1 2.93864741E-13
1.400E-1 4.27523128E-13
1.500E-1 6.21437643E-13
1.600E-1 9.02958E-13
1.700E-1 1.31207379E-12
1.800E-1 1.9074079E-12
1.900E-1 2.77511439E-12
2.000E-1 4.04209998E-12
2.100E-1 5.89568038E-12
2.200E-1 8.61281312E-12
2.300E-1 1.26035844E-11
2.400E-1 1.84759155E-11
2.500E-1 2.71318662E-11
2.600E-1 3.99109961E-11
2.700E-1 5.88038259E-11
2.800E-1 8.67697322E-11
2.900E-1 1.2821045E-10
3.000E-1 1.89675445E-10
3.100E-1 2.80912816E-10
3.200E-1 4.16435144E-10
3.300E-1 6.17852757E-10
3.400E-1 9.17350719E-10
3.500E-1 1.36286962E-9
3.600E-1 2.02582994E-9
3.700E-1 3.01263546E-9
3.800E-1 4.48182297E-9
3.900E-1 6.66960757E-9
4.000E-1 9.92796231E-9
4.100E-1 1.47812924E-8
4.200E-1 2.20116194E-8
4.300E-1 3.27804297E-8
4.400E-1 4.88230622E-8
4.500E-1 7.27187665E-8
