0.000E+0 0
1.000E-2 7.46936954E-12
2.000E-2 1.79412917E-11
3.000E-2 3.26258152E-11
4.000E-2 5.32204517E-11
5.000E-2 8.21064635E-11
6.000E-2 1.22624171E-10
7.000E-2 1.79459146E-10
8.000E-2 2.59183969E-10
9.000E-2 3.71018312E-10
1.000E-1 5.2789545E-10
1.100E-1 7.47958947E-10
1.200E-1 1.05666324E-9
1.300E-1 1.48972209E-9
1.400E-1 2.09724725E-9
1.500E-1 2.94955754E-9
1.600E-1 4.14533124E-9
1.700E-1 5.82304333E-9
1.800E-1 8.17700318E-9
1.900E-1 1.14798239E-8
2.000E-1 1.61138677E-8
2.100E-1 2.26151778E-8
2.200E-1 3.17347081E-8
2.300E-1 4.45233757E-8
2.400E-1 6.24496435E-8
2.500E-1 8.75609833E-8
2.600E-1 1.22703502E-7
2.700E-1 1.71816689E-7
2.800E-1 2.40321508E-7
2.900E-1 3.35617673E-7
3.000E-1 4.67696506E-7
3.100E-1 6.49855001E-7
3.200E-1 8.99462857E-7
3.300E-1 1.23869589E-6
3.400E-1 1.69514054E-6
3.500E-1 2.30226948E-6
3.600E-1 3.10009467E-6
3.700E-1 4.13679806E-6
3.800E-1 5.47276185E-6
3.900E-1 7.18852352E-6
4.000E-1 9.39698175E-6
4.100E-1 1.22590923E-5
4.200E-1 1.60002044E-5
4.300E-1 2.09246559E-5
4.400E-1 2.74264713E-5
4.500E-1 3.59955681E-5
4.600E-1 4.7217632E-5
4.700E-1 6.1767457E-5
4.800E-1 8.03925991E-5
4.900E-1 0.000103893015
5.000E-1 0.000133081224
5.100E-1 0.000168738292
5.200E-1 0.000211554246
5.300E-1 0.000262057799
5.400E-1 0.000320537332
5.500E-1 0.000386960559
5.600E-1 0.000460904805
5.700E-1 0.000541480765
5.800E-1 0.000627346369
5.900E-1 0.000716717229
6.000E-1 0.000807455187
6.100E-1 0.000897227315
6.200E-1 0.000983705165
