0.000E+0 0
1.000E-2 1.02880955E-13
2.000E-2 2.48302874E-13
3.000E-2 4.53959881E-13
4.000E-2 7.44905255E-13
5.000E-2 1.15661277E-12
6.000E-2 1.73931284E-12
7.000E-2 2.56413546E-12
8.000E-2 3.73181508E-12
9.000E-2 5.38502877E-12
1.000E-1 7.7258894E-12
1.100E-1 1.10407545E-11
1.200E-1 1.57354201E-11
1.300E-1 2.23850584E-11
1.400E-1 3.18050905E-11
1.500E-1 4.51517869E-11
1.600E-1 6.40650779E-11
1.700E-1 9.08712944E-11
1.800E-1 1.28870988E-10
1.900E-1 1.82747512E-10
2.000E-1 2.59146957E-10
2.100E-1 3.67501182E-10
2.200E-1 5.211955E-10
2.300E-1 7.39224725E-10
2.400E-1 1.0485405E-9
2.500E-1 1.48737577E-9
2.600E-1 2.10994765E-9
2.700E-1 2.99309923E-9
2.800E-1 4.24565707E-9
2.900E-1 6.02156973E-9
3.000E-1 8.53826405E-9
3.100E-1 1.21021082E-8
3.200E-1 1.71433664E-8
3.300E-1 2.42634455E-8
3.400E-1 3.42973253E-8
3.500E-1 4.83930669E-8
3.600E-1 6.81074407E-8
3.700E-1 9.55094746E-8
3.800E-1 1.33269774E-7
3.900E-1 1.84689429E-7
4.000E-1 2.53588338E-7
4.100E-1 3.4393955E-7
4.200E-1 4.59136772E-7
4.300E-1 6.00877397E-7
4.400E-1 7.67886396E-7
4.500E-1 9.55041131E-7
