0.0000000E+0 1.1890244E-4
3.7500000E-2 1.1651545E-4
7.5000000E-2 1.2993577E-4
1.1250000E-1 1.5440569E-4
1.5000000E-1 1.7411545E-4
1.8750000E-1 1.7948455E-4
2.2500000E-1 1.7184715E-4
2.6250000E-1 1.5559837E-4
3.0000000E-1 1.3862846E-4
3.3750000E-1 1.2455854E-4
3.7500000E-1 1.1466016E-4
4.1250000E-1 1.0955610E-4
4.5000000E-1 1.0591057E-4
4.8750000E-1 1.0372276E-4
5.2500000E-1 1.0157805E-4
5.6250000E-1 1.0014065E-4
6.0000000E-1 9.8534959E-5
6.3750000E-1 9.7040650E-5
6.7500000E-1 9.5539024E-5
7.1250000E-1 9.4257724E-5
7.5000000E-1 9.3136585E-5
7.8750000E-1 9.1556098E-5
8.2500000E-1 9.0600000E-5
8.6250000E-1 8.9447967E-5
9.0000000E-1 8.8151220E-5
9.3750000E-1 8.7066667E-5
9.7500000E-1 8.6117886E-5
1.0125000E+0 8.5428455E-5
1.0500000E+0 8.4239837E-5
1.0875000E+0 8.3297561E-5
1.1250000E+0 8.2121951E-5
1.1625000E+0 8.1328455E-5
1.2000000E+0 8.0555203E-5
1.2375000E+0 7.9497724E-5
1.2750000E+0 7.8982114E-5
1.3125000E+0 7.8200894E-5
1.3500000E+0 7.7271138E-5
1.3875000E+0 7.6520081E-5
1.4250000E+0 7.6116341E-5
1.4625000E+0 7.5665610E-5
1.5000000E+0 7.4808211E-5
