-2.000E-4 -3.586E-8
1.140E-2 3.726E-6
2.010E-2 6.824E-6
3.040E-2 1.083E-5
4.020E-2 1.502E-5
5.030E-2 1.972E-5
6.000E-2 2.477E-5
7.120E-2 3.128E-5
8.030E-2 3.727E-5
9.030E-2 4.457E-5
1.012E-1 5.366E-5
1.097E-1 6.158E-5
1.210E-1 7.348E-5
1.312E-1 8.582E-5
1.414E-1 9.962E-5
1.512E-1 1.145E-4
1.592E-1 1.275E-4
1.691E-1 1.460E-4
1.797E-1 1.682E-4
1.901E-1 1.924E-4
1.999E-1 2.178E-4
2.101E-1 2.476E-4
2.209E-1 2.830E-4
2.294E-1 3.144E-4
2.404E-1 3.590E-4
2.508E-1 4.073E-4
2.605E-1 4.573E-4
2.702E-1 5.141E-4
2.804E-1 5.806E-4
2.905E-1 6.546E-4
3.012E-1 7.437E-4
3.100E-1 8.259E-4
3.213E-1 9.437E-4
3.311E-1 1.061E-3
3.409E-1 1.192E-3
3.513E-1 1.349E-3
3.607E-1 1.510E-3
3.701E-1 1.692E-3
3.793E-1 1.891E-3
3.913E-1 2.191E-3
4.004E-1 2.454E-3
4.097E-1 2.758E-3
4.207E-1 3.180E-3
4.302E-1 3.614E-3
4.388E-1 4.066E-3
4.499E-1 4.768E-3
4.594E-1 5.493E-3
4.709E-1 6.588E-3
4.807E-1 7.742E-3
4.896E-1 9.023E-3
5.008E-1 1.103E-2
5.089E-1 1.285E-2
5.204E-1 1.596E-2
5.304E-1 1.923E-2
5.396E-1 2.290E-2
