-2.2000E-3 -1.0840E-4
1.8100E-2 -1.0820E-4
3.8300E-2 -1.0820E-4
5.8400E-2 -1.0800E-4
7.8600E-2 -1.0800E-4
9.8700E-2 -1.0770E-4
1.1890E-1 -1.0760E-4
1.3910E-1 -1.0720E-4
1.5930E-1 -1.0690E-4
1.7940E-1 -1.0650E-4
1.9950E-1 -1.0590E-4
2.1970E-1 -1.0510E-4
2.3990E-1 -1.0380E-4
2.6000E-1 -1.0190E-4
2.8000E-1 -9.8950E-5
3.0010E-1 -9.3200E-5
3.2020E-1 -8.2720E-5
3.4030E-1 -6.2110E-5
3.6050E-1 -2.0650E-5
3.8070E-1 6.3240E-5
4.0080E-1 2.2000E-4
4.2110E-1 5.7140E-4
4.4120E-1 1.2100E-3
4.6130E-1 2.3320E-3
4.8140E-1 4.1220E-3
5.0150E-1 6.7070E-3
5.2160E-1 1.0075E-2
5.4170E-1 1.4160E-2
5.6170E-1 1.8810E-2
5.8160E-1 2.3920E-2
