-2.1000E-3 -1.0940E-4
1.8100E-2 -1.0920E-4
3.8300E-2 -1.0920E-4
5.8600E-2 -1.0890E-4
7.8600E-2 -1.0860E-4
9.8700E-2 -1.0850E-4
1.1890E-1 -1.0830E-4
1.3920E-1 -1.0800E-4
1.5930E-1 -1.0760E-4
1.7940E-1 -1.0720E-4
1.9960E-1 -1.0670E-4
2.1980E-1 -1.0580E-4
2.3990E-1 -1.0460E-4
2.6000E-1 -1.0270E-4
2.8010E-1 -9.9650E-5
3.0020E-1 -9.4180E-5
3.2020E-1 -8.3560E-5
3.4040E-1 -6.2840E-5
3.6060E-1 -2.1410E-5
3.8080E-1 6.2280E-5
4.0040E-1 2.2000E-4
4.2120E-1 5.6960E-4
4.4140E-1 1.2060E-3
4.6140E-1 2.3230E-3
4.8150E-1 4.1040E-3
5.0170E-1 6.6590E-3
5.2170E-1 9.9960E-3
5.4190E-1 1.4020E-2
5.6180E-1 1.8610E-2
5.8180E-1 2.3670E-2
