0.000E+0 -0.348129837
1.000E-2 -0.348129209
2.000E-2 -0.348128572
3.000E-2 -0.348127925
4.000E-2 -0.348127264
5.000E-2 -0.348126585
6.000E-2 -0.348125883
7.000E-2 -0.348125146
8.000E-2 -0.348124363
9.000E-2 -0.348123514
1.000E-1 -0.348122572
1.100E-1 -0.348121496
1.200E-1 -0.348120231
1.300E-1 -0.348118691
1.400E-1 -0.34811676
1.500E-1 -0.348114262
1.600E-1 -0.348110951
1.700E-1 -0.348106466
1.800E-1 -0.348100287
1.900E-1 -0.348091663
2.000E-1 -0.348079513
2.100E-1 -0.348062269
2.200E-1 -0.348037673
2.300E-1 -0.348002458
2.400E-1 -0.34795191
2.500E-1 -0.347879217
2.600E-1 -0.347774543
2.700E-1 -0.347623678
2.800E-1 -0.347406102
2.900E-1 -0.347092171
3.000E-1 -0.346639074
3.100E-1 -0.345984974
3.200E-1 -0.345040555
3.300E-1 -0.343676814
3.400E-1 -0.341707422
3.500E-1 -0.338863256
3.600E-1 -0.334755605
3.700E-1 -0.328823036
3.800E-1 -0.320254645
3.900E-1 -0.307879222
4.000E-1 -0.290005167
4.100E-1 -0.264189317
4.200E-1 -0.226903104
4.300E-1 -0.173050516
4.400E-1 -0.0952721529
4.500E-1 0.0170593753
