-9.0054510E-2 -2.0067110E-4
-6.0027600E-2 -1.9920980E-4
-2.9909610E-2 -1.9814280E-4
8.1241130E-5 -1.9652500E-4
1.0398300E-2 -1.9621190E-4
2.0243050E-2 -1.9527820E-4
3.0076030E-2 -1.9489550E-4
3.9948460E-2 -1.9464040E-4
5.0025940E-2 -1.9412430E-4
6.0137750E-2 -1.9354440E-4
7.0009710E-2 -1.9297030E-4
7.9961780E-2 -1.9207720E-4
9.0005400E-2 -1.9142210E-4
1.0006000E-1 -1.9055220E-4
1.0996630E-1 -1.8982160E-4
1.1998700E-1 -1.8861540E-4
1.2997340E-1 -1.8721780E-4
1.3994840E-1 -1.8546080E-4
1.5004830E-1 -1.8378500E-4
1.6000030E-1 -1.8128570E-4
1.7007780E-1 -1.7842100E-4
1.7997310E-1 -1.7426340E-4
1.9001630E-1 -1.6916610E-4
1.9999120E-1 -1.6201630E-4
2.0997760E-1 -1.5271490E-4
2.1996640E-1 -1.4186530E-4
2.2994140E-1 -1.2402240E-4
2.3997350E-1 -1.0187110E-4
2.4978880E-1 -7.0993720E-5
2.6013990E-1 -2.2864460E-5
2.6987550E-1 3.2217240E-5
2.7993010E-1 1.0915540E-4
2.8992800E-1 2.1362280E-4
3.0005120E-1 3.8084600E-4
3.0996890E-1 5.6496700E-4
3.2005830E-1 8.3583990E-4
3.2996460E-1 1.1595040E-3
3.3996250E-1 1.6589560E-3
3.5002850E-1 2.1906870E-3
3.5996910E-1 2.9059370E-3
3.6987590E-1 3.6524220E-3
3.7994190E-1 4.7524480E-3
3.8990550E-1 5.9169680E-3
4.0005160E-1 7.4739120E-3
4.1002660E-1 8.9071950E-3
4.1992190E-1 1.0753290E-2
4.3002220E-1 1.2468050E-2
4.3999720E-1 1.4475380E-2
4.4996070E-1 1.6311230E-2
4.5994710E-1 1.8703210E-2
4.7000170E-1 2.0957320E-2
4.7999950E-1 2.3696880E-2
4.9004270E-1 2.6026890E-2
5.0004050E-1 2.8696360E-2
5.1004980E-1 3.1012460E-2
