1.000000E+10 1.135174093E+00
1.468000E+10 1.136893156E+00
2.154000E+10 1.138245485E+00
3.162000E+10 1.139305319E+00
4.642000E+10 1.140160200E+00
6.813000E+10 1.140900044E+00
1.000000E+11 1.141614919E+00
1.468000E+11 1.142398824E+00
2.154000E+11 1.143357008E+00
3.162000E+11 1.144615637E+00
4.642000E+11 1.145844871E+00
6.813000E+11 1.146348157E+00
1.000000E+12 1.146957941E+00
1.468000E+12 1.147661912E+00
2.154000E+12 1.148863887E+00
3.162000E+12 1.149302517E+00
4.642000E+12 1.149265512E+00
6.813000E+12 1.149443462E+00
1.000000E+13 1.149867297E+00
