9.534E-4 -4.724E-5
1.080E-2 -4.709E-5
2.066E-2 -4.689E-5
3.038E-2 -4.674E-5
4.034E-2 -4.648E-5
5.015E-2 -4.623E-5
6.097E-2 -4.603E-5
7.086E-2 -4.573E-5
8.088E-2 -4.548E-5
9.046E-2 -4.523E-5
1.002E-1 -4.497E-5
1.115E-1 -4.462E-5
1.213E-1 -4.437E-5
1.311E-1 -4.407E-5
1.410E-1 -4.372E-5
1.509E-1 -4.326E-5
1.620E-1 -4.281E-5
1.717E-1 -4.246E-5
1.817E-1 -4.196E-5
1.914E-1 -4.145E-5
2.014E-1 -4.090E-5
2.112E-1 -4.020E-5
2.224E-1 -3.939E-5
2.320E-1 -3.864E-5
2.419E-1 -3.763E-5
2.517E-1 -3.672E-5
2.617E-1 -3.537E-5
2.726E-1 -3.376E-5
2.825E-1 -3.200E-5
2.921E-1 -3.023E-5
3.022E-1 -2.792E-5
3.119E-1 -2.535E-5
3.229E-1 -2.224E-5
3.330E-1 -1.897E-5
3.425E-1 -1.529E-5
3.524E-1 -1.112E-5
3.622E-1 -6.540E-6
3.733E-1 -1.409E-6
3.832E-1 4.779E-6
3.932E-1 1.056E-5
4.027E-1 1.731E-5
4.225E-1 3.225E-5
4.434E-1 5.026E-5
4.632E-1 7.068E-5
4.841E-1 9.402E-5
5.037E-1 1.178E-4
5.543E-1 1.916E-4
6.048E-1 2.771E-4
6.548E-1 3.727E-4
7.055E-1 4.702E-4
7.556E-1 5.659E-4
8.063E-1 6.576E-4
8.567E-1 7.503E-4
9.069E-1 8.383E-4
9.574E-1 9.235E-4
1.007E+0 1.002E-3
