0.000E+0 0
1.000E-2 1.83638632E-14
2.000E-2 4.5256949E-14
3.000E-2 8.46708225E-14
4.000E-2 1.42460123E-13
5.000E-2 2.27208874E-13
6.000E-2 3.51498213E-13
7.000E-2 5.33761142E-13
8.000E-2 8.00995791E-13
9.000E-2 1.19273484E-12
1.000E-1 1.76685378E-12
1.100E-1 2.60807334E-12
1.200E-1 3.84041395E-12
1.300E-1 5.64545459E-12
1.400E-1 8.28912994E-12
1.500E-1 1.21611065E-11
1.600E-1 1.78327172E-11
1.700E-1 2.61423144E-11
1.800E-1 3.83211495E-11
1.900E-1 5.61792522E-11
2.000E-1 8.23800346E-11
2.100E-1 1.2084631E-10
2.200E-1 1.7736072E-10
2.300E-1 2.60453926E-10
2.400E-1 3.82718684E-10
2.500E-1 5.62754122E-10
2.600E-1 8.28042788E-10
2.700E-1 1.21920819E-9
2.800E-1 1.79631592E-9
2.900E-1 2.64819965E-9
3.000E-1 3.90625356E-9
3.100E-1 5.76490822E-9
3.200E-1 8.51181565E-9
3.300E-1 1.25726614E-8
3.400E-1 1.85774327E-8
3.500E-1 2.74585256E-8
3.600E-1 4.05959578E-8
3.700E-1 6.00322834E-8
3.800E-1 8.87906077E-8
3.900E-1 1.31345037E-7
4.000E-1 1.94316267E-7
4.100E-1 2.87499881E-7
4.200E-1 4.25384158E-7
4.300E-1 6.2938777E-7
4.400E-1 9.31155366E-7
4.500E-1 1.37738952E-6
4.600E-1 2.03691483E-6
4.700E-1 3.01094377E-6
4.800E-1 4.44784668E-6
4.900E-1 6.56418226E-6
5.000E-1 9.674063E-6
5.100E-1 1.42290868E-5
5.200E-1 2.08704454E-5
5.300E-1 3.04924006E-5
5.400E-1 4.43111972E-5
5.500E-1 6.39237203E-5
5.600E-1 9.132572E-5
5.700E-1 0.000128865359
5.800E-1 0.000179081526
5.900E-1 0.000244453569
6.000E-1 0.000327125099
6.100E-1 0.000428516183
6.200E-1 0.000549187714
