0.000E+0 0
1.000E-2 8.340509E-15
2.000E-2 2.05619816E-14
3.000E-2 3.8482725E-14
4.000E-2 6.47707988E-14
5.000E-2 1.03339714E-13
6.000E-2 1.59927777E-13
7.000E-2 2.4294617E-13
8.000E-2 3.64720299E-13
9.000E-2 5.43306787E-13
1.000E-1 8.05153686E-13
1.100E-1 1.18899659E-12
1.200E-1 1.7515683E-12
1.300E-1 2.57597277E-12
1.400E-1 3.783979E-12
1.500E-1 5.55409008E-12
1.600E-1 8.14813442E-12
1.700E-1 1.1950441E-11
1.800E-1 1.75256299E-11
1.900E-1 2.57039307E-11
2.000E-1 3.77072482E-11
2.100E-1 5.53355367E-11
2.200E-1 8.12424114E-11
2.300E-1 1.19342851E-10
2.400E-1 1.75416383E-10
2.500E-1 2.57999457E-10
2.600E-1 3.7970603E-10
2.700E-1 5.59181621E-10
2.800E-1 8.23995263E-10
2.900E-1 1.21491941E-9
3.000E-1 1.79226456E-9
3.100E-1 2.6452483E-9
3.200E-1 3.90589712E-9
3.300E-1 5.76954864E-9
3.400E-1 8.5252687E-9
3.500E-1 1.26008206E-8
3.600E-1 1.86291685E-8
3.700E-1 2.75469952E-8
3.800E-1 4.07399639E-8
3.900E-1 6.02576172E-8
4.000E-1 8.91303873E-8
4.100E-1 1.3183653E-7
4.200E-1 1.94988114E-7
4.300E-1 2.88337223E-7
4.400E-1 4.26244156E-7
4.500E-1 6.29810319E-7
4.600E-1 9.29958459E-7
4.700E-1 1.3718469E-6
4.800E-1 2.02113155E-6
4.900E-1 2.9727471E-6
5.000E-1 4.36287175E-6
5.100E-1 6.38457613E-6
5.200E-1 9.30689201E-6
5.300E-1 1.34955308E-5
5.400E-1 1.9431601E-5
5.500E-1 2.77224473E-5
5.600E-1 3.90992574E-5
5.700E-1 5.43970347E-5
5.800E-1 7.45294792E-5
5.900E-1 0.000100448693
6.000E-1 0.000133114338
6.100E-1 0.000173455336
6.200E-1 0.000222316019
