0.000E+0 0
1.000E-2 2.31718428E-14
2.000E-2 5.54138835E-14
3.000E-2 1.00324558E-13
4.000E-2 1.62930719E-13
5.000E-2 2.5025559E-13
6.000E-2 3.72113432E-13
7.000E-2 5.42222002E-13
8.000E-2 7.7976082E-13
9.000E-2 1.11155512E-12
1.000E-1 1.5751385E-12
1.100E-1 2.22304997E-12
1.200E-1 3.12886578E-12
1.300E-1 4.39566919E-12
1.400E-1 6.16794731E-12
1.500E-1 8.64830464E-12
1.600E-1 1.21209468E-11
1.700E-1 1.69846798E-11
1.800E-1 2.37992833E-11
1.900E-1 3.33506809E-11
2.000E-1 4.6742529E-11
2.100E-1 6.5524939E-11
2.200E-1 9.1875395E-11
2.300E-1 1.28853032E-10
2.400E-1 1.8075604E-10
2.500E-1 2.53624026E-10
2.600E-1 3.55944117E-10
2.700E-1 4.99643475E-10
2.800E-1 7.01484364E-10
2.900E-1 9.85024989E-10
3.000E-1 1.38337552E-9
3.100E-1 1.94307146E-9
3.200E-1 2.72951697E-9
3.300E-1 3.83463339E-9
3.400E-1 5.38760445E-9
3.500E-1 7.56996769E-9
3.600E-1 1.06368022E-8
3.700E-1 1.49464593E-8
3.800E-1 2.10022486E-8
3.900E-1 2.9510825E-8
4.000E-1 4.14638414E-8
4.100E-1 5.82518962E-8
4.200E-1 8.182306E-8
4.300E-1 1.1490246E-7
4.400E-1 1.61294631E-7
4.500E-1 2.26295937E-7
