0.000E+0 -0.288300966
1.000E-2 -0.288300556
2.000E-2 -0.288300142
3.000E-2 -0.288299725
4.000E-2 -0.288299303
5.000E-2 -0.288298876
6.000E-2 -0.288298442
7.000E-2 -0.288298
8.000E-2 -0.288297547
9.000E-2 -0.288297081
1.000E-1 -0.288296595
1.100E-1 -0.288296084
1.200E-1 -0.288295536
1.300E-1 -0.288294937
1.400E-1 -0.288294263
1.500E-1 -0.288293481
1.600E-1 -0.288292545
1.700E-1 -0.288291381
1.800E-1 -0.288289888
1.900E-1 -0.28828791
2.000E-1 -0.288285224
2.100E-1 -0.288281499
2.200E-1 -0.288276249
2.300E-1 -0.28826876
2.400E-1 -0.28825798
2.500E-1 -0.288242365
2.600E-1 -0.288219641
2.700E-1 -0.288186466
2.800E-1 -0.288137923
2.900E-1 -0.288066781
3.000E-1 -0.287962404
3.100E-1 -0.287809147
3.200E-1 -0.287584007
3.300E-1 -0.287253153
3.400E-1 -0.286766849
3.500E-1 -0.286051992
3.600E-1 -0.285001174
3.700E-1 -0.283456683
3.800E-1 -0.281187129
3.900E-1 -0.277853452
4.000E-1 -0.272959683
4.100E-1 -0.265782094
4.200E-1 -0.255268128
4.300E-1 -0.239893645
4.400E-1 -0.217463442
4.500E-1 -0.184834402
4.600E-1 -0.1375298
4.700E-1 -0.0691895827
4.800E-1 0.0292460069
