0.000E+0 0
1.000E-2 2.41358719E-13
2.000E-2 5.77044626E-13
3.000E-2 1.04520271E-12
4.000E-2 1.6993324E-12
5.000E-2 2.61445145E-12
6.000E-2 3.89574557E-12
7.000E-2 5.69072349E-12
8.000E-2 8.20633028E-12
9.000E-2 1.17330941E-11
1.000E-1 1.66792808E-11
1.100E-1 2.36193267E-11
1.200E-1 3.33626893E-11
1.300E-1 4.70519446E-11
1.400E-1 6.63028188E-11
1.500E-1 9.34043833E-11
1.600E-1 1.31605568E-10
1.700E-1 1.85525512E-10
1.800E-1 2.6174156E-10
1.900E-1 3.6963205E-10
2.000E-1 5.22584561E-10
2.100E-1 7.39728382E-10
2.200E-1 1.04841905E-9
2.300E-1 1.48780199E-9
2.400E-1 2.11392466E-9
2.500E-1 3.00707119E-9
2.600E-1 4.28228704E-9
2.700E-1 6.10448279E-9
2.800E-1 8.71011128E-9
2.900E-1 1.24382821E-8
3.000E-1 1.77754232E-8
3.100E-1 2.5419393E-8
3.200E-1 3.63715152E-8
3.300E-1 5.20687008E-8
3.400E-1 7.45731143E-8
3.500E-1 1.06844441E-7
3.600E-1 1.53130706E-7
3.700E-1 2.19529097E-7
3.800E-1 3.14791267E-7
3.900E-1 4.51477628E-7
4.000E-1 6.47613819E-7
4.100E-1 9.29064448E-7
4.200E-1 1.33293292E-6
4.300E-1 1.91242486E-6
4.400E-1 2.74361725E-6
4.500E-1 3.93624619E-6
