-9.0623860E-2 -4.5607690E-8
-6.0175420E-2 -2.4451570E-8
-2.9590130E-2 -1.1072640E-8
-3.3453110E-4 -7.3891040E-9
1.0324000E-2 3.3967070E-9
1.9835320E-2 5.3480850E-9
3.0714510E-2 8.1966410E-8
3.9788720E-2 2.5583760E-8
5.0333500E-2 4.1210730E-8
6.0376640E-2 6.5801500E-8
6.9872860E-2 8.3741230E-8
7.9619880E-2 9.4084880E-8
8.9993480E-2 1.1931300E-7
9.9979880E-2 1.4739500E-7
1.0997720E-1 1.8814690E-7
1.2000890E-1 2.4183670E-7
1.3000680E-1 3.1209240E-7
1.4001560E-1 4.0346690E-7
1.5002490E-1 5.1793060E-7
1.6002230E-1 6.6583880E-7
1.7000870E-1 8.5803800E-7
1.7997220E-1 1.0955750E-6
1.8998100E-1 1.4689050E-6
1.9996740E-1 1.9318760E-6
2.0999910E-1 2.5571350E-6
2.1997590E-1 3.4219010E-6
2.2995090E-1 4.6187270E-6
2.3998260E-1 6.2873350E-6
2.4994610E-1 8.5888710E-6
2.5996690E-1 1.1813190E-5
2.6995330E-1 1.6309600E-5
2.7997350E-1 2.2571180E-5
2.8994850E-1 3.1360480E-5
2.9995730E-1 4.3761860E-5
3.0995510E-1 6.1129390E-5
3.1995300E-1 8.5463600E-5
3.2995030E-1 1.1897200E-4
3.3998250E-1 1.6622710E-4
3.4996840E-1 2.3228770E-4
3.5997770E-1 3.2287740E-4
3.6994120E-1 4.4563340E-4
3.7995000E-1 6.1154480E-4
3.8998220E-1 8.3150130E-4
3.9997960E-1 1.1242050E-3
4.0998890E-1 1.4943150E-3
4.1995240E-1 1.9536070E-3
4.2998410E-1 2.5181300E-3
4.3994760E-1 3.1911900E-3
4.4996830E-1 3.9780590E-3
4.5995430E-1 4.8728830E-3
4.6998640E-1 5.8651160E-3
4.8000670E-1 6.9525580E-3
4.9002740E-1 8.1398430E-3
5.0002480E-1 9.4145700E-3
5.0998830E-1 1.0758430E-2
5.2002000E-1 1.2185840E-2
5.2998350E-1 1.3676400E-2
5.4003860E-1 1.5225470E-2
5.5003600E-1 1.6814510E-2
5.5998800E-1 1.8447010E-2
5.7005410E-1 2.0132210E-2
