0.000E+0 -0.126418104
1.000E-2 -0.126414766
2.000E-2 -0.126411395
3.000E-2 -0.126407983
4.000E-2 -0.12640452
5.000E-2 -0.126400992
6.000E-2 -0.12639738
7.000E-2 -0.126393655
8.000E-2 -0.126389777
9.000E-2 -0.12638569
1.000E-1 -0.126381313
1.100E-1 -0.126376531
1.200E-1 -0.12637118
1.300E-1 -0.126365024
1.400E-1 -0.12635773
1.500E-1 -0.126348817
1.600E-1 -0.126337595
1.700E-1 -0.126323078
1.800E-1 -0.126303845
1.900E-1 -0.126277853
2.000E-1 -0.126242163
2.100E-1 -0.12619254
2.200E-1 -0.126122883
2.300E-1 -0.126024398
2.400E-1 -0.125884404
2.500E-1 -0.125684609
2.600E-1 -0.125398627
2.700E-1 -0.124988381
2.800E-1 -0.124398923
2.900E-1 -0.123550944
3.000E-1 -0.12232996
3.100E-1 -0.120570704
3.200E-1 -0.118034574
3.300E-1 -0.114377074
3.400E-1 -0.109100787
3.500E-1 -0.10148747
3.600E-1 -0.0904999769
3.700E-1 -0.0746406271
3.800E-1 -0.0517466734
3.900E-1 -0.0186949401
4.000E-1 0.0290246765
