0.000E+0 0
1.000E-2 4.79708304E-12
2.000E-2 1.15147776E-11
3.000E-2 2.09416542E-11
4.000E-2 3.41705702E-11
5.000E-2 5.27331949E-11
6.000E-2 7.87930468E-11
7.000E-2 1.15374569E-10
8.000E-2 1.66729833E-10
9.000E-2 2.3882733E-10
1.000E-1 3.40047836E-10
1.100E-1 4.82161994E-10
1.200E-1 6.81706256E-10
1.300E-1 9.61920737E-10
1.400E-1 1.35548056E-9
1.500E-1 1.9083466E-9
1.600E-1 2.68519877E-9
1.700E-1 3.77710323E-9
1.800E-1 5.31233661E-9
1.900E-1 7.47166848E-9
2.000E-1 1.0509943E-8
2.100E-1 1.47865562E-8
2.200E-1 2.0808501E-8
2.300E-1 2.92911615E-8
2.400E-1 4.12441799E-8
2.500E-1 5.80927417E-8
2.600E-1 8.18488897E-8
2.700E-1 1.15353511E-7
2.800E-1 1.62618152E-7
2.900E-1 2.2930785E-7
3.000E-1 3.23423136E-7
3.100E-1 4.56263335E-7
3.200E-1 6.43787087E-7
3.300E-1 9.08533668E-7
3.400E-1 1.28233582E-6
3.500E-1 1.81014826E-6
3.600E-1 2.55545499E-6
3.700E-1 3.60788581E-6
3.800E-1 5.09396092E-6
3.900E-1 7.1922135E-6
4.000E-1 1.01544513E-5
4.100E-1 1.43355862E-5
4.200E-1 2.02335811E-5
4.300E-1 2.85564768E-5
4.400E-1 4.02853018E-5
4.500E-1 5.68016183E-5
4.600E-1 8.00298253E-5
4.700E-1 0.000112637795
4.800E-1 0.000158296862
4.900E-1 0.000222006075
5.000E-1 0.000310473742
5.100E-1 0.000432523289
5.200E-1 0.000599448304
5.300E-1 0.000825164948
5.400E-1 0.0011260462
5.500E-1 0.00152008524
5.600E-1 0.00202543804
5.700E-1 0.00265855939
5.800E-1 0.00343145728
5.900E-1 0.00435000837
6.000E-1 0.005413954
6.100E-1 0.00661598218
6.200E-1 0.007941088
