8.782E-4 -2.243E-4
1.070E-2 -2.228E-4
2.056E-2 -2.212E-4
3.042E-2 -2.196E-4
4.036E-2 -2.180E-4
4.997E-2 -2.164E-4
6.108E-2 -2.143E-4
7.069E-2 -2.125E-4
8.059E-2 -2.107E-4
9.046E-2 -2.088E-4
1.003E-1 -2.066E-4
1.115E-1 -2.043E-4
1.214E-1 -2.020E-4
1.310E-1 -1.998E-4
1.410E-1 -1.975E-4
1.508E-1 -1.946E-4
1.619E-1 -1.913E-4
1.718E-1 -1.886E-4
1.815E-1 -1.853E-4
1.914E-1 -1.820E-4
2.013E-1 -1.783E-4
2.111E-1 -1.745E-4
2.222E-1 -1.696E-4
2.319E-1 -1.653E-4
2.419E-1 -1.608E-4
2.516E-1 -1.556E-4
2.615E-1 -1.505E-4
2.724E-1 -1.440E-4
2.823E-1 -1.379E-4
2.921E-1 -1.324E-4
3.021E-1 -1.253E-4
3.118E-1 -1.179E-4
3.230E-1 -1.099E-4
3.327E-1 -1.023E-4
3.424E-1 -9.433E-5
3.524E-1 -8.562E-5
3.622E-1 -7.737E-5
3.732E-1 -6.701E-5
3.831E-1 -5.720E-5
3.931E-1 -4.689E-5
4.027E-1 -3.828E-5
4.224E-1 -1.549E-5
4.434E-1 9.508E-6
4.631E-1 3.345E-5
4.840E-1 6.314E-5
5.038E-1 9.040E-5
5.540E-1 1.682E-4
6.044E-1 2.487E-4
6.550E-1 3.294E-4
7.052E-1 4.086E-4
7.557E-1 4.825E-4
8.062E-1 5.546E-4
8.566E-1 6.227E-4
9.070E-1 6.878E-4
9.572E-1 7.472E-4
1.007E+0 8.072E-4
