5.38940000E+4 3.20444182E+2 3.20444182E+2 3.20068804E+2
5.39140000E+4 3.20251130E+2 3.20251130E+2 3.20444182E+2
5.39330000E+4 3.20143879E+2 3.20143879E+2 3.20251130E+2
5.39520000E+4 3.20068804E+2 3.20068804E+2 3.20143879E+2
5.39710000E+4 3.20047354E+2 3.20047354E+2 3.20068804E+2
5.39900000E+4 3.20004453E+2 3.20004453E+2 3.20047354E+2
5.40090000E+4 3.19983003E+2 3.19983003E+2 3.20004453E+2
5.40280000E+4 3.19929377E+2 3.19929377E+2 3.19983003E+2
5.40470000E+4 3.19929377E+2 3.19929377E+2 3.19929377E+2
5.40660000E+4 3.19897202E+2 3.19897202E+2 3.19929377E+2
5.40850000E+4 3.19854302E+2 3.19854302E+2 3.19897202E+2
5.41040000E+4 3.19865027E+2 3.19865027E+2 3.19854302E+2
5.41230000E+4 3.19865027E+2 3.19865027E+2 3.19865027E+2
5.41420000E+4 3.19865027E+2 3.19865027E+2 3.19865027E+2
5.41610000E+4 3.19832852E+2 3.19832852E+2 3.19865027E+2
5.41800000E+4 3.19832852E+2 3.19832852E+2 3.19832852E+2
5.41990000E+4 3.19854302E+2 3.19832852E+2 3.19832852E+2
5.42180000E+4 3.19832852E+2 3.19832852E+2 3.19854302E+2
5.42370000E+4 3.19843577E+2 3.19843577E+2 3.19832852E+2
5.42560000E+4 3.19843577E+2 3.19843577E+2 3.19843577E+2
5.42750000E+4 3.19843577E+2 3.19843577E+2 3.19843577E+2
5.42940000E+4 3.19822126E+2 3.19822126E+2 3.19843577E+2
5.43130000E+4 3.19822126E+2 3.19822126E+2 3.19822126E+2
5.43320000E+4 3.19843577E+2 3.19843577E+2 3.19822126E+2
5.43510000E+4 3.19822126E+2 3.19822126E+2 3.19843577E+2
5.43700000E+4 3.19832852E+2 3.19832852E+2 3.19822126E+2
5.43890000E+4 3.19843577E+2 3.19843577E+2 3.19832852E+2
5.44080000E+4 3.19854302E+2 3.19854302E+2 3.19843577E+2
5.44270000E+4 3.19843577E+2 3.19843577E+2 3.19854302E+2
5.44460000E+4 3.19843577E+2 3.19843577E+2 3.19843577E+2
5.44650000E+4 3.19854302E+2 3.19854302E+2 3.19843577E+2
5.44840000E+4 3.19875752E+2 3.19875752E+2 3.19854302E+2
5.45030000E+4 3.19854302E+2 3.19854302E+2 3.19875752E+2
5.45220000E+4 3.19854302E+2 3.19854302E+2 3.19854302E+2
5.45410000E+4 3.19875752E+2 3.19875752E+2 3.19854302E+2
5.45600000E+4 3.19854302E+2 3.19854302E+2 3.19875752E+2
5.45790000E+4 3.19854302E+2 3.19854302E+2 3.19854302E+2
5.45980000E+4 3.19875752E+2 3.19875752E+2 3.19854302E+2
5.46170000E+4 3.19875752E+2 3.19875752E+2 3.19875752E+2
5.46360000E+4 3.19865027E+2 3.19865027E+2 3.19875752E+2
5.46550000E+4 3.19897202E+2 3.19897202E+2 3.19865027E+2
5.46740000E+4 3.19897202E+2 3.19897202E+2 3.19897202E+2
5.46930000E+4 3.19897202E+2 3.19897202E+2 3.19897202E+2
5.47120000E+4 3.19918652E+2 3.19918652E+2 3.19897202E+2
5.47310000E+4 3.19907927E+2 3.19907927E+2 3.19918652E+2
5.47500000E+4 3.19886477E+2 3.19886477E+2 3.19907927E+2
5.47690000E+4 3.19886477E+2 3.19886477E+2 3.19886477E+2
5.47880000E+4 3.19875752E+2 3.19875752E+2 3.19886477E+2
5.48070000E+4 3.19907927E+2 3.19907927E+2 3.19875752E+2
5.48260000E+4 3.19907927E+2 3.19907927E+2 3.19907927E+2
5.48450000E+4 3.19918652E+2 3.19918652E+2 3.19907927E+2
5.48640000E+4 3.19907927E+2 3.19907927E+2 3.19918652E+2
5.48830000E+4 3.19918652E+2 3.19918652E+2 3.19907927E+2
5.49020000E+4 3.19907927E+2 3.19907927E+2 3.19918652E+2
5.49210000E+4 3.19950828E+2 3.19950828E+2 3.19907927E+2
5.49400000E+4 3.19918652E+2 3.19918652E+2 3.19950828E+2
5.49590000E+4 3.19929377E+2 3.19929377E+2 3.19918652E+2
5.49780000E+4 3.19929377E+2 3.19929377E+2 3.19929377E+2
5.49970000E+4 3.19929377E+2 3.19929377E+2 3.19929377E+2
5.50160000E+4 3.19929377E+2 3.19929377E+2 3.19929377E+2
5.50350000E+4 3.19929377E+2 3.19929377E+2 3.19929377E+2
5.50540000E+4 3.19918652E+2 3.19918652E+2 3.19929377E+2
5.50730000E+4 3.19907927E+2 3.19907927E+2 3.19918652E+2
5.50920000E+4 3.19907927E+2 3.19907927E+2 3.19907927E+2
5.51110000E+4 3.19929377E+2 3.19929377E+2 3.19907927E+2
5.51300000E+4 3.19940103E+2 3.19940103E+2 3.19929377E+2
5.51490000E+4 3.19940103E+2 3.19940103E+2 3.19940103E+2
5.51680000E+4 3.19950828E+2 3.19950828E+2 3.19940103E+2
5.51870000E+4 3.19961553E+2 3.19961553E+2 3.19950828E+2
5.52060000E+4 3.19940103E+2 3.19940103E+2 3.19961553E+2
5.52250000E+4 3.19929377E+2 3.19929377E+2 3.19940103E+2
5.52440000E+4 3.19918652E+2 3.19918652E+2 3.19929377E+2
5.52630000E+4 3.19929377E+2 3.19929377E+2 3.19918652E+2
5.52820000E+4 3.19940103E+2 3.19940103E+2 3.19929377E+2
5.53010000E+4 3.19940103E+2 3.19940103E+2 3.19940103E+2
5.53200000E+4 3.19929377E+2 3.19929377E+2 3.19940103E+2
5.53390000E+4 3.19940103E+2 3.19940103E+2 3.19929377E+2
5.53580000E+4 3.19961553E+2 3.19961553E+2 3.19940103E+2
5.53770000E+4 3.19950828E+2 3.19950828E+2 3.19961553E+2
5.53960000E+4 3.19950828E+2 3.19950828E+2 3.19950828E+2
5.54150000E+4 3.19940103E+2 3.19940103E+2 3.19950828E+2
5.54340000E+4 3.19950828E+2 3.19950828E+2 3.19940103E+2
5.54530000E+4 3.19961553E+2 3.19961553E+2 3.19950828E+2
5.54720000E+4 3.19929377E+2 3.19929377E+2 3.19961553E+2
5.54910000E+4 3.19950828E+2 3.19950828E+2 3.19929377E+2
5.55100000E+4 3.19918652E+2 3.19918652E+2 3.19950828E+2
5.55290000E+4 3.19950828E+2 3.19950828E+2 3.19918652E+2
5.55480000E+4 3.19961553E+2 3.19961553E+2 3.19950828E+2
5.55670000E+4 3.19950828E+2 3.19950828E+2 3.19961553E+2
5.55860000E+4 3.19950828E+2 3.19950828E+2 3.19950828E+2
5.56050000E+4 3.19950828E+2 3.19950828E+2 3.19950828E+2
5.56240000E+4 3.19940103E+2 3.19940103E+2 3.19950828E+2
5.56430000E+4 3.19940103E+2 3.19940103E+2 3.19940103E+2
5.56620000E+4 3.19961553E+2 3.19961553E+2 3.19940103E+2
5.56810000E+4 3.19950828E+2 3.19950828E+2 3.19961553E+2
5.57000000E+4 3.19983003E+2 3.19983003E+2 3.19950828E+2
5.57190000E+4 3.19983003E+2 3.19983003E+2 3.19983003E+2
5.57380000E+4 3.19972278E+2 3.19972278E+2 3.19983003E+2
5.57570000E+4 3.19983003E+2 3.19983003E+2 3.19972278E+2
5.57760000E+4 3.19983003E+2 3.19983003E+2 3.19983003E+2
5.57950000E+4 3.19961553E+2 3.19961553E+2 3.19983003E+2
5.58140000E+4 3.19972278E+2 3.19972278E+2 3.19961553E+2
5.58330000E+4 3.19950828E+2 3.19950828E+2 3.19972278E+2
5.58520000E+4 3.19972278E+2 3.19972278E+2 3.19950828E+2
5.58710000E+4 3.19961553E+2 3.19961553E+2 3.19972278E+2
5.58900000E+4 3.19972278E+2 3.19972278E+2 3.19961553E+2
5.59090000E+4 3.19961553E+2 3.19961553E+2 3.19972278E+2
5.59280000E+4 3.19961553E+2 3.19961553E+2 3.19961553E+2
5.59470000E+4 3.19983003E+2 3.19983003E+2 3.19961553E+2
5.59660000E+4 3.19983003E+2 3.19983003E+2 3.19983003E+2
5.59850000E+4 3.19961553E+2 3.19961553E+2 3.19983003E+2
5.60040000E+4 3.19961553E+2 3.19961553E+2 3.19961553E+2
5.60230000E+4 3.19950828E+2 3.19950828E+2 3.19961553E+2
5.60420000E+4 3.19940103E+2 3.19940103E+2 3.19950828E+2
5.60610000E+4 3.19961553E+2 3.19961553E+2 3.19940103E+2
5.60800000E+4 3.19950828E+2 3.19950828E+2 3.19961553E+2
5.60990000E+4 3.19950828E+2 3.19950828E+2 3.19950828E+2
5.61180000E+4 3.19950828E+2 3.19950828E+2 3.19950828E+2
5.61370000E+4 3.19961553E+2 3.19961553E+2 3.19950828E+2
5.61560000E+4 3.19950828E+2 3.19950828E+2 3.19961553E+2
5.61750000E+4 3.19950828E+2 3.19950828E+2 3.19950828E+2
5.61940000E+4 3.19972278E+2 3.19972278E+2 3.19950828E+2
5.62130000E+4 3.19961553E+2 3.19961553E+2 3.19972278E+2
5.62320000E+4 3.19929377E+2 3.19929377E+2 3.19961553E+2
5.62510000E+4 3.19961553E+2 3.19961553E+2 3.19929377E+2
5.62700000E+4 3.19950828E+2 3.19950828E+2 3.19961553E+2
5.62890000E+4 3.19950828E+2 3.19950828E+2 3.19950828E+2
5.63080000E+4 3.19961553E+2 3.19961553E+2 3.19950828E+2
5.63270000E+4 3.19983003E+2 3.19983003E+2 3.19961553E+2
5.63460000E+4 3.19961553E+2 3.19961553E+2 3.19983003E+2
5.63650000E+4 3.19961553E+2 3.19961553E+2 3.19961553E+2
5.63840000E+4 3.19972278E+2 3.19972278E+2 3.19961553E+2
5.64030000E+4 3.19961553E+2 3.19961553E+2 3.19972278E+2
5.64220000E+4 3.19972278E+2 3.19972278E+2 3.19961553E+2
5.64410000E+4 3.19972278E+2 3.19972278E+2 3.19972278E+2
5.64600000E+4 3.19961553E+2 3.19961553E+2 3.19972278E+2
5.64790000E+4 3.19972278E+2 3.19972278E+2 3.19961553E+2
5.64980000E+4 3.19950828E+2 3.19950828E+2 3.19972278E+2
5.65170000E+4 3.19972278E+2 3.19972278E+2 3.19950828E+2
5.65360000E+4 3.19983003E+2 3.19983003E+2 3.19972278E+2
5.65550000E+4 3.19972278E+2 3.19972278E+2 3.19983003E+2
5.65740000E+4 3.19950828E+2 3.19950828E+2 3.19972278E+2
5.65930000E+4 3.19950828E+2 3.19950828E+2 3.19950828E+2
5.66120000E+4 3.19961553E+2 3.19961553E+2 3.19950828E+2
5.66310000E+4 3.19972278E+2 3.19972278E+2 3.19961553E+2
5.66500000E+4 3.19972278E+2 3.19972278E+2 3.19972278E+2
5.66690000E+4 3.19972278E+2 3.19972278E+2 3.19972278E+2
5.66880000E+4 3.19972278E+2 3.19972278E+2 3.19972278E+2
5.67070000E+4 3.19961553E+2 3.19961553E+2 3.19972278E+2
5.67260000E+4 3.19993728E+2 3.19993728E+2 3.19961553E+2
5.67450000E+4 3.19983003E+2 3.19983003E+2 3.19993728E+2
5.67640000E+4 3.19972278E+2 3.19972278E+2 3.19983003E+2
5.67830000E+4 3.19950828E+2 3.19950828E+2 3.19972278E+2
5.68020000E+4 3.19961553E+2 3.19961553E+2 3.19950828E+2
5.68210000E+4 3.19961553E+2 3.19961553E+2 3.19961553E+2
5.68400000E+4 3.19929377E+2 3.19929377E+2 3.19961553E+2
5.68590000E+4 3.19961553E+2 3.19961553E+2 3.19929377E+2
5.68780000E+4 3.19961553E+2 3.19961553E+2 3.19961553E+2
5.68970000E+4 3.19929377E+2 3.19929377E+2 3.19961553E+2
5.69160000E+4 3.19961553E+2 3.19961553E+2 3.19929377E+2
5.69350000E+4 3.19950828E+2 3.19950828E+2 3.19961553E+2
5.69540000E+4 3.19950828E+2 3.19950828E+2 3.19950828E+2
5.69730000E+4 3.19950828E+2 3.19950828E+2 3.19950828E+2
5.69920000E+4 3.19961553E+2 3.19961553E+2 3.19950828E+2
5.70110000E+4 3.19961553E+2 3.19961553E+2 3.19961553E+2
5.70300000E+4 3.19972278E+2 3.19972278E+2 3.19961553E+2
5.70490000E+4 3.19961553E+2 3.19961553E+2 3.19972278E+2
5.70680000E+4 3.19983003E+2 3.19983003E+2 3.19961553E+2
5.70870000E+4 3.19993728E+2 3.19993728E+2 3.19983003E+2
5.71060000E+4 3.19983003E+2 3.19983003E+2 3.19993728E+2
5.71250000E+4 3.19983003E+2 3.19983003E+2 3.19983003E+2
5.71440000E+4 3.19972278E+2 3.19972278E+2 3.19983003E+2
5.71630000E+4 3.19993728E+2 3.19993728E+2 3.19972278E+2
5.71820000E+4 3.20004453E+2 3.20004453E+2 3.19993728E+2
5.72010000E+4 3.20004453E+2 3.20004453E+2 3.20004453E+2
5.72200000E+4 3.19983003E+2 3.19983003E+2 3.20004453E+2
5.72390000E+4 3.20004453E+2 3.20004453E+2 3.19983003E+2
5.72580000E+4 3.20015178E+2 3.20015178E+2 3.20004453E+2
5.72770000E+4 3.19993728E+2 3.19993728E+2 3.20015178E+2
5.72960000E+4 3.19993728E+2 3.19993728E+2 3.19993728E+2
5.73150000E+4 3.19983003E+2 3.19983003E+2 3.19993728E+2
5.73340000E+4 3.19983003E+2 3.19983003E+2 3.19983003E+2
5.73530000E+4 3.19961553E+2 3.19961553E+2 3.19983003E+2
5.73720000E+4 3.19993728E+2 3.19993728E+2 3.19961553E+2
5.73910000E+4 3.19972278E+2 3.19972278E+2 3.19993728E+2
5.74100000E+4 3.19993728E+2 3.19993728E+2 3.19972278E+2
5.74290000E+4 3.19983003E+2 3.19983003E+2 3.19993728E+2
5.74480000E+4 3.19983003E+2 3.19983003E+2 3.19983003E+2
5.74670000E+4 3.19972278E+2 3.19972278E+2 3.19983003E+2
5.74860000E+4 3.19993728E+2 3.19993728E+2 3.19972278E+2
5.75050000E+4 3.19983003E+2 3.19983003E+2 3.19993728E+2
5.75240000E+4 3.19972278E+2 3.19972278E+2 3.19983003E+2
5.75430000E+4 3.19983003E+2 3.19983003E+2 3.19972278E+2
5.75620000E+4 3.19972278E+2 3.19972278E+2 3.19983003E+2
5.75810000E+4 3.19950828E+2 3.19950828E+2 3.19972278E+2
5.76000000E+4 3.19983003E+2 3.19983003E+2 3.19950828E+2
5.76190000E+4 3.19961553E+2 3.19961553E+2 3.19983003E+2
5.76380000E+4 3.19961553E+2 3.19961553E+2 3.19961553E+2
5.76570000E+4 3.19950828E+2 3.19950828E+2 3.19961553E+2
5.76760000E+4 3.19961553E+2 3.19961553E+2 3.19950828E+2
5.76950000E+4 3.19961553E+2 3.19961553E+2 3.19961553E+2
5.77140000E+4 3.19950828E+2 3.19950828E+2 3.19961553E+2
5.77330000E+4 3.19961553E+2 3.19961553E+2 3.19950828E+2
5.77520000E+4 3.19983003E+2 3.19983003E+2 3.19961553E+2
5.77710000E+4 3.19983003E+2 3.19983003E+2 3.19983003E+2
5.77900000E+4 3.19983003E+2 3.19983003E+2 3.19983003E+2
5.78090000E+4 3.19983003E+2 3.19983003E+2 3.19983003E+2
5.78280000E+4 3.19993728E+2 3.19993728E+2 3.19983003E+2
5.78470000E+4 3.19972278E+2 3.19972278E+2 3.19993728E+2
5.78660000E+4 3.19961553E+2 3.19961553E+2 3.19972278E+2
5.78850000E+4 3.19961553E+2 3.19961553E+2 3.19961553E+2
5.79040000E+4 3.19983003E+2 3.19983003E+2 3.19961553E+2
5.79230000E+4 3.19972278E+2 3.19972278E+2 3.19983003E+2
5.79420000E+4 3.19961553E+2 3.19961553E+2 3.19972278E+2
5.79610000E+4 3.19983003E+2 3.19983003E+2 3.19961553E+2
5.79800000E+4 3.19993728E+2 3.19993728E+2 3.19983003E+2
5.79990000E+4 3.19983003E+2 3.19983003E+2 3.19993728E+2
5.80180000E+4 3.19983003E+2 3.19983003E+2 3.19983003E+2
5.80370000E+4 3.19950828E+2 3.19950828E+2 3.19983003E+2
5.80560000E+4 3.19983003E+2 3.19983003E+2 3.19950828E+2
5.80750000E+4 3.19983003E+2 3.19983003E+2 3.19983003E+2
5.80940000E+4 3.19983003E+2 3.19983003E+2 3.19983003E+2
5.81130000E+4 3.19993728E+2 3.19993728E+2 3.19983003E+2
5.81320000E+4 3.19983003E+2 3.19983003E+2 3.19993728E+2
5.81510000E+4 3.19993728E+2 3.19993728E+2 3.19983003E+2
5.81700000E+4 3.19983003E+2 3.19983003E+2 3.19993728E+2
5.81890000E+4 3.19993728E+2 3.19993728E+2 3.19983003E+2
5.82080000E+4 3.19993728E+2 3.19993728E+2 3.19993728E+2
5.82270000E+4 3.19993728E+2 3.19993728E+2 3.19993728E+2
5.82460000E+4 3.19972278E+2 3.19972278E+2 3.19993728E+2
5.82650000E+4 3.19972278E+2 3.19972278E+2 3.19972278E+2
5.82840000E+4 3.19993728E+2 3.19993728E+2 3.19972278E+2
5.83030000E+4 3.19983003E+2 3.19983003E+2 3.19993728E+2
5.83220000E+4 3.19993728E+2 3.19993728E+2 3.19983003E+2
5.83410000E+4 3.19983003E+2 3.19983003E+2 3.19993728E+2
5.83600000E+4 3.19961553E+2 3.19961553E+2 3.19983003E+2
5.83790000E+4 3.19961553E+2 3.19961553E+2 3.19961553E+2
5.83980000E+4 3.19972278E+2 3.19972278E+2 3.19961553E+2
5.84170000E+4 3.19972278E+2 3.19972278E+2 3.19972278E+2
5.84360000E+4 3.19983003E+2 3.19983003E+2 3.19972278E+2
5.84550000E+4 3.19950828E+2 3.19950828E+2 3.19983003E+2
5.84740000E+4 3.19993728E+2 3.19993728E+2 3.19950828E+2
5.84930000E+4 3.20004453E+2 3.20004453E+2 3.19993728E+2
5.85120000E+4 3.19983003E+2 3.19983003E+2 3.20004453E+2
5.85310000E+4 3.19993728E+2 3.19993728E+2 3.19983003E+2
5.85500000E+4 3.19961553E+2 3.19961553E+2 3.19993728E+2
5.85690000E+4 3.19972278E+2 3.19972278E+2 3.19961553E+2
5.85880000E+4 3.19993728E+2 3.19993728E+2 3.19972278E+2
5.86070000E+4 3.19972278E+2 3.19972278E+2 3.19993728E+2
5.86260000E+4 3.19993728E+2 3.19993728E+2 3.19972278E+2
5.86450000E+4 3.19983003E+2 3.19983003E+2 3.19993728E+2
5.86640000E+4 3.19972278E+2 3.19972278E+2 3.19983003E+2
5.86830000E+4 3.19972278E+2 3.19972278E+2 3.19972278E+2
5.87020000E+4 3.19972278E+2 3.19972278E+2 3.19972278E+2
5.87210000E+4 3.19983003E+2 3.19983003E+2 3.19972278E+2
5.87400000E+4 3.19983003E+2 3.19983003E+2 3.19983003E+2
5.87590000E+4 3.19972278E+2 3.19972278E+2 3.19983003E+2
5.87780000E+4 3.19972278E+2 3.19972278E+2 3.19972278E+2
5.87970000E+4 3.19961553E+2 3.19961553E+2 3.19972278E+2
5.88160000E+4 3.19983003E+2 3.19983003E+2 3.19961553E+2
5.88350000E+4 3.19961553E+2 3.19961553E+2 3.19983003E+2
5.88540000E+4 3.19983003E+2 3.19983003E+2 3.19961553E+2
5.88730000E+4 3.19972278E+2 3.19972278E+2 3.19983003E+2
5.88920000E+4 3.19983003E+2 3.19983003E+2 3.19972278E+2
5.89110000E+4 3.19993728E+2 3.19993728E+2 3.19983003E+2
5.89300000E+4 3.19993728E+2 3.19993728E+2 3.19993728E+2
5.89490000E+4 3.19993728E+2 3.19993728E+2 3.19993728E+2
5.89680000E+4 3.19993728E+2 3.19993728E+2 3.19993728E+2
5.89870000E+4 3.20004453E+2 3.20004453E+2 3.19993728E+2
5.90060000E+4 3.19983003E+2 3.19983003E+2 3.20004453E+2
5.90250000E+4 3.19983003E+2 3.19983003E+2 3.19983003E+2
5.90440000E+4 3.19983003E+2 3.19983003E+2 3.19983003E+2
5.90630000E+4 3.20004453E+2 3.20004453E+2 3.19983003E+2
5.90820000E+4 3.20004453E+2 3.20004453E+2 3.20004453E+2
5.91010000E+4 3.19983003E+2 3.19983003E+2 3.20004453E+2
5.91200000E+4 3.19993728E+2 3.19993728E+2 3.19983003E+2
5.91390000E+4 3.19983003E+2 3.19983003E+2 3.19993728E+2
5.91580000E+4 3.19983003E+2 3.19983003E+2 3.19983003E+2
5.91770000E+4 3.19961553E+2 3.19961553E+2 3.19983003E+2
5.91960000E+4 3.19993728E+2 3.19993728E+2 3.19961553E+2
5.92150000E+4 3.19961553E+2 3.19961553E+2 3.19993728E+2
5.92340000E+4 3.19972278E+2 3.19972278E+2 3.19961553E+2
5.92530000E+4 3.19993728E+2 3.19993728E+2 3.19972278E+2
5.92720000E+4 3.19983003E+2 3.19983003E+2 3.19993728E+2
5.92910000E+4 3.19983003E+2 3.19983003E+2 3.19983003E+2
5.93100000E+4 3.19972278E+2 3.19972278E+2 3.19983003E+2
5.93290000E+4 3.19983003E+2 3.19983003E+2 3.19972278E+2
5.93480000E+4 3.19983003E+2 3.19983003E+2 3.19983003E+2
5.93670000E+4 3.19993728E+2 3.19993728E+2 3.19983003E+2
5.93860000E+4 3.19972278E+2 3.19972278E+2 3.19993728E+2
5.94050000E+4 3.20004453E+2 3.20004453E+2 3.19972278E+2
5.94240000E+4 3.19983003E+2 3.19983003E+2 3.20004453E+2
5.94430000E+4 3.19983003E+2 3.19983003E+2 3.19983003E+2
5.94620000E+4 3.19983003E+2 3.19983003E+2 3.19983003E+2
5.94810000E+4 3.19983003E+2 3.19983003E+2 3.19983003E+2
5.95000000E+4 3.19983003E+2 3.19983003E+2 3.19983003E+2
5.95190000E+4 3.19993728E+2 3.19993728E+2 3.19983003E+2
5.95380000E+4 3.19993728E+2 3.19993728E+2 3.19993728E+2
5.95570000E+4 3.19983003E+2 3.19983003E+2 3.19993728E+2
5.95760000E+4 3.19983003E+2 3.19983003E+2 3.19983003E+2
5.95950000E+4 3.19961553E+2 3.19961553E+2 3.19983003E+2
5.96140000E+4 3.19983003E+2 3.19983003E+2 3.19961553E+2
5.96330000E+4 3.19983003E+2 3.19983003E+2 3.19983003E+2
5.96520000E+4 3.19961553E+2 3.19961553E+2 3.19983003E+2
5.96710000E+4 3.19983003E+2 3.19983003E+2 3.19961553E+2
5.96900000E+4 3.19983003E+2 3.19983003E+2 3.19983003E+2
5.97090000E+4 3.19983003E+2 3.19983003E+2 3.19983003E+2
5.97280000E+4 3.19972278E+2 3.19972278E+2 3.19983003E+2
5.97470000E+4 3.19993728E+2 3.19993728E+2 3.19972278E+2
5.97660000E+4 3.20004453E+2 3.20004453E+2 3.19993728E+2
5.97850000E+4 3.19983003E+2 3.19983003E+2 3.20004453E+2
5.98040000E+4 3.19961553E+2 3.19961553E+2 3.19983003E+2
5.98230000E+4 3.19993728E+2 3.19993728E+2 3.19961553E+2
5.98420000E+4 3.19983003E+2 3.19983003E+2 3.19993728E+2
5.98610000E+4 3.19993728E+2 3.19993728E+2 3.19983003E+2
5.98800000E+4 3.19993728E+2 3.19993728E+2 3.19993728E+2
5.98990000E+4 3.19983003E+2 3.19983003E+2 3.19993728E+2
