-1.5000000E+0 1.1131958E+8
-1.4625000E+0 1.0961882E+8
-1.4250000E+0 1.0767233E+8
-1.3875000E+0 1.0530134E+8
-1.3500000E+0 1.0370187E+8
-1.3125000E+0 1.0133429E+8
-1.2750000E+0 9.9074581E+7
-1.2375000E+0 9.6920565E+7
-1.2000000E+0 9.4858009E+7
-1.1625000E+0 9.3080589E+7
-1.1250000E+0 9.0697345E+7
-1.0875000E+0 8.8698149E+7
-1.0500000E+0 8.6334323E+7
-1.0125000E+0 8.4401391E+7
-9.7500000E-1 8.2336842E+7
-9.3750000E-1 7.9967743E+7
-9.0000000E-1 7.8044890E+7
-8.6250000E-1 7.5940265E+7
-8.2500000E-1 7.3622352E+7
-7.8750000E-1 7.1517380E+7
-7.5000000E-1 6.9588562E+7
-7.1250000E-1 6.7369987E+7
-6.7500000E-1 6.5014879E+7
-6.3750000E-1 6.3018434E+7
-6.0000000E-1 6.0812043E+7
-5.6250000E-1 5.8538507E+7
-5.2500000E-1 5.6424018E+7
-4.8750000E-1 5.4388222E+7
-4.5000000E-1 5.2381458E+7
-4.1250000E-1 5.0346750E+7
-3.7500000E-1 4.8316675E+7
-3.3750000E-1 4.6286205E+7
-3.0000000E-1 4.4201362E+7
-2.6250000E-1 4.1785777E+7
-2.2500000E-1 3.9474300E+7
-1.8750000E-1 3.7078013E+7
-1.5000000E-1 3.4452055E+7
-1.1250000E-1 3.1915019E+7
-7.5000000E-2 2.9501664E+7
-3.7500000E-2 2.7251188E+7
0.0000000E+0 2.5173055E+7
