0.000E+0 -0.300900111
1.000E-2 -0.300891499
2.000E-2 -0.300882823
3.000E-2 -0.300874066
4.000E-2 -0.300865219
5.000E-2 -0.300856268
6.000E-2 -0.300847196
7.000E-2 -0.300837977
8.000E-2 -0.300828575
9.000E-2 -0.300818941
1.000E-1 -0.300809006
1.100E-1 -0.300798665
1.200E-1 -0.300787775
1.300E-1 -0.300776127
1.400E-1 -0.300763423
1.500E-1 -0.30074923
1.600E-1 -0.300732926
1.700E-1 -0.300713605
1.800E-1 -0.30068996
1.900E-1 -0.30066009
2.000E-1 -0.300621233
2.100E-1 -0.300569369
2.200E-1 -0.300498646
2.300E-1 -0.300400536
2.400E-1 -0.300262605
2.500E-1 -0.30006672
2.600E-1 -0.299786421
2.700E-1 -0.299383091
2.800E-1 -0.298800354
2.900E-1 -0.297955895
3.000E-1 -0.296729508
3.100E-1 -0.294945628
3.200E-1 -0.292347812
3.300E-1 -0.288561475
3.400E-1 -0.283039428
3.500E-1 -0.274982381
3.600E-1 -0.263222868
3.700E-1 -0.246055896
3.800E-1 -0.220992041
3.900E-1 -0.184397853
4.000E-1 -0.130972946
4.100E-1 -0.052991222
4.200E-1 0.0607969326
