0.000E+0 -0.354536877
1.000E-2 -0.354536093
2.000E-2 -0.354535243
3.000E-2 -0.354534301
4.000E-2 -0.354533232
5.000E-2 -0.354531984
6.000E-2 -0.354530485
7.000E-2 -0.354528633
8.000E-2 -0.354526283
9.000E-2 -0.354523231
1.000E-1 -0.354519191
1.100E-1 -0.354513755
1.200E-1 -0.35450635
1.300E-1 -0.354496163
1.400E-1 -0.354482049
1.500E-1 -0.354462388
1.600E-1 -0.354434892
1.700E-1 -0.354396327
1.800E-1 -0.354342126
1.900E-1 -0.354265835
2.000E-1 -0.354158334
2.100E-1 -0.354006737
2.200E-1 -0.353792838
2.300E-1 -0.353490909
2.400E-1 -0.353064599
2.500E-1 -0.352462547
2.600E-1 -0.351612175
2.700E-1 -0.350410934
2.800E-1 -0.348713923
2.900E-1 -0.346316399
3.000E-1 -0.342929062
3.100E-1 -0.338143139
3.200E-1 -0.331381044
3.300E-1 -0.321826678
3.400E-1 -0.308326944
3.500E-1 -0.289252624
3.600E-1 -0.262301858
3.700E-1 -0.224222562
3.800E-1 -0.170420439
3.900E-1 -0.0944055384
4.000E-1 0.012988827
