6.543E-4 -3.265E-4
1.061E-2 -3.238E-4
2.019E-2 -3.210E-4
2.991E-2 -3.181E-4
3.976E-2 -3.152E-4
4.965E-2 -3.120E-4
6.070E-2 -3.085E-4
7.057E-2 -3.054E-4
8.046E-2 -3.017E-4
9.019E-2 -2.982E-4
1.001E-1 -2.948E-4
1.112E-1 -2.901E-4
1.210E-1 -2.859E-4
1.310E-1 -2.818E-4
1.408E-1 -2.772E-4
1.505E-1 -2.728E-4
1.617E-1 -2.671E-4
1.715E-1 -2.617E-4
1.813E-1 -2.569E-4
1.911E-1 -2.507E-4
2.009E-1 -2.448E-4
2.108E-1 -2.384E-4
2.218E-1 -2.320E-4
2.319E-1 -2.250E-4
2.416E-1 -2.179E-4
2.514E-1 -2.108E-4
2.611E-1 -2.039E-4
2.722E-1 -1.947E-4
2.820E-1 -1.871E-4
2.920E-1 -1.798E-4
3.016E-1 -1.714E-4
3.118E-1 -1.629E-4
3.226E-1 -1.534E-4
3.323E-1 -1.449E-4
3.423E-1 -1.359E-4
3.521E-1 -1.264E-4
3.621E-1 -1.179E-4
3.730E-1 -1.076E-4
3.826E-1 -9.770E-5
3.928E-1 -8.784E-5
4.025E-1 -7.853E-5
4.221E-1 -5.916E-5
4.431E-1 -3.939E-5
4.628E-1 -2.088E-5
4.835E-1 -1.157E-6
5.032E-1 1.534E-5
5.536E-1 5.458E-5
6.041E-1 8.748E-5
6.545E-1 1.163E-4
7.050E-1 1.438E-4
7.553E-1 1.690E-4
8.059E-1 1.936E-4
8.560E-1 2.164E-4
9.065E-1 2.378E-4
9.569E-1 2.583E-4
1.006E+0 2.773E-4
