8.000E-4 -1.024E-5
9.800E-3 -1.530E-6
1.890E-2 4.488E-6
2.980E-2 1.816E-5
4.040E-2 2.904E-5
4.890E-2 3.945E-5
5.920E-2 5.263E-5
6.950E-2 7.020E-5
7.910E-2 8.534E-5
8.900E-2 9.819E-5
9.860E-2 1.157E-4
1.110E-1 1.407E-4
1.185E-1 1.564E-4
1.303E-1 1.843E-4
1.406E-1 2.178E-4
1.487E-1 2.360E-4
1.601E-1 2.790E-4
1.706E-1 3.162E-4
1.809E-1 3.583E-4
1.903E-1 3.911E-4
2.004E-1 4.534E-4
2.088E-1 4.883E-4
2.205E-1 5.606E-4
2.292E-1 6.258E-4
2.404E-1 7.348E-4
2.505E-1 8.073E-4
2.591E-1 8.994E-4
2.705E-1 1.066E-3
2.792E-1 1.191E-3
2.907E-1 1.358E-3
3.005E-1 1.597E-3
3.091E-1 1.788E-3
3.214E-1 2.094E-3
3.304E-1 2.474E-3
3.402E-1 2.798E-3
3.490E-1 3.216E-3
3.609E-1 4.072E-3
3.706E-1 4.666E-3
3.809E-1 5.867E-3
3.901E-1 6.773E-3
3.989E-1 8.433E-3
4.092E-1 9.985E-3
4.208E-1 1.330E-2
4.308E-1 1.576E-2
4.397E-1 1.908E-2
4.510E-1 2.557E-2
