9.374E-4 -2.267E-4
1.082E-2 -2.252E-4
2.049E-2 -2.238E-4
3.026E-2 -2.221E-4
4.022E-2 -2.206E-4
4.990E-2 -2.187E-4
6.091E-2 -2.169E-4
7.084E-2 -2.148E-4
8.046E-2 -2.131E-4
9.035E-2 -2.108E-4
1.003E-1 -2.090E-4
1.112E-1 -2.064E-4
1.210E-1 -2.042E-4
1.310E-1 -2.015E-4
1.409E-1 -1.990E-4
1.507E-1 -1.965E-4
1.618E-1 -1.934E-4
1.716E-1 -1.902E-4
1.814E-1 -1.866E-4
1.912E-1 -1.833E-4
2.011E-1 -1.795E-4
2.108E-1 -1.753E-4
2.219E-1 -1.706E-4
2.319E-1 -1.662E-4
2.414E-1 -1.609E-4
2.515E-1 -1.558E-4
2.613E-1 -1.504E-4
2.724E-1 -1.439E-4
2.821E-1 -1.373E-4
2.921E-1 -1.313E-4
3.019E-1 -1.247E-4
3.118E-1 -1.177E-4
3.228E-1 -1.096E-4
3.326E-1 -1.013E-4
3.424E-1 -9.433E-5
3.523E-1 -8.421E-5
3.620E-1 -7.561E-5
3.730E-1 -6.540E-5
3.829E-1 -5.488E-5
3.930E-1 -4.588E-5
4.025E-1 -3.547E-5
4.221E-1 -1.308E-5
4.431E-1 1.127E-5
4.627E-1 3.688E-5
4.837E-1 6.630E-5
5.034E-1 9.251E-5
5.539E-1 1.715E-4
6.044E-1 2.502E-4
6.547E-1 3.316E-4
7.050E-1 4.081E-4
7.552E-1 4.819E-4
8.056E-1 5.524E-4
8.562E-1 6.215E-4
9.065E-1 6.861E-4
9.568E-1 7.476E-4
1.006E+0 8.046E-4
