7.809E-4 -2.259E-4
1.071E-2 -2.243E-4
2.033E-2 -2.227E-4
3.021E-2 -2.213E-4
4.014E-2 -2.195E-4
4.997E-2 -2.177E-4
6.106E-2 -2.157E-4
7.073E-2 -2.139E-4
8.077E-2 -2.120E-4
9.048E-2 -2.102E-4
1.001E-1 -2.079E-4
1.111E-1 -2.055E-4
1.212E-1 -2.030E-4
1.309E-1 -2.010E-4
1.409E-1 -1.985E-4
1.506E-1 -1.956E-4
1.617E-1 -1.923E-4
1.714E-1 -1.892E-4
1.815E-1 -1.859E-4
1.911E-1 -1.826E-4
2.012E-1 -1.786E-4
2.110E-1 -1.749E-4
2.221E-1 -1.698E-4
2.320E-1 -1.652E-4
2.416E-1 -1.607E-4
2.513E-1 -1.555E-4
2.612E-1 -1.500E-4
2.723E-1 -1.443E-4
2.822E-1 -1.373E-4
2.920E-1 -1.321E-4
3.019E-1 -1.244E-4
3.115E-1 -1.179E-4
3.226E-1 -1.095E-4
3.324E-1 -1.017E-4
3.424E-1 -9.342E-5
3.524E-1 -8.502E-5
3.621E-1 -7.637E-5
3.730E-1 -6.625E-5
3.828E-1 -5.624E-5
3.929E-1 -4.744E-5
4.024E-1 -3.693E-5
4.223E-1 -1.494E-5
4.432E-1 9.810E-6
4.629E-1 3.376E-5
4.835E-1 6.188E-5
5.032E-1 8.990E-5
5.538E-1 1.657E-4
6.042E-1 2.483E-4
6.548E-1 3.275E-4
7.051E-1 4.046E-4
7.554E-1 4.786E-4
8.059E-1 5.509E-4
8.561E-1 6.184E-4
9.065E-1 6.824E-4
9.569E-1 7.466E-4
1.006E+0 8.047E-4
