0.000E+0 -33.5176496
1.000E-2 -33.5167594
2.000E-2 -33.5158775
3.000E-2 -33.5149875
4.000E-2 -33.5140891
5.000E-2 -33.5131819
6.000E-2 -33.5122648
7.000E-2 -33.511338
8.000E-2 -33.5104004
9.000E-2 -33.5094513
1.000E-1 -33.5084897
1.100E-1 -33.5075137
1.200E-1 -33.5065214
1.300E-1 -33.5055105
1.400E-1 -33.5044771
1.500E-1 -33.5034165
1.600E-1 -33.5023213
1.700E-1 -33.5011822
1.800E-1 -33.4999853
1.900E-1 -33.4987112
2.000E-1 -33.4973329
2.100E-1 -33.4958113
2.200E-1 -33.4940916
2.300E-1 -33.4920956
2.400E-1 -33.4897121
2.500E-1 -33.4867825
2.600E-1 -33.4830814
2.700E-1 -33.478287
2.800E-1 -33.4719416
2.900E-1 -33.4633923
3.000E-1 -33.4517092
3.100E-1 -33.4355682
3.200E-1 -33.4130852
3.300E-1 -33.3815828
3.400E-1 -33.3372614
3.500E-1 -33.2747439
3.600E-1 -33.1864455
3.700E-1 -33.0617226
3.800E-1 -32.8857439
3.900E-1 -32.6380519
4.000E-1 -32.2908269
4.100E-1 -31.8069893
4.200E-1 -31.1384907
4.300E-1 -30.225506
4.400E-1 -28.997716
4.500E-1 -27.3793795
4.600E-1 -25.3000687
4.700E-1 -22.7117132
4.800E-1 -19.6071356
4.900E-1 -16.0222742
5.000E-1 -11.9939048
5.100E-1 -7.47134777
5.200E-1 -2.23671965
5.300E-1 4.11931492
