0.000E+0 0
1.000E-2 2.57007374E-10
2.000E-2 6.13390945E-10
3.000E-2 1.10817505E-9
4.000E-2 1.79569231E-9
5.000E-2 2.75158648E-9
6.000E-2 4.08117447E-9
7.000E-2 5.93110141E-9
8.000E-2 8.50559596E-9
9.000E-2 1.20891585E-8
1.000E-1 1.70782521E-8
1.100E-1 2.40256034E-8
1.200E-1 3.37021746E-8
1.300E-1 4.71839064E-8
1.400E-1 6.59731865E-8
1.500E-1 9.21689818E-8
1.600E-1 1.28705127E-7
1.700E-1 1.79683981E-7
1.800E-1 2.50843327E-7
1.900E-1 3.50209114E-7
2.000E-1 4.89006643E-7
2.100E-1 6.82929859E-7
2.200E-1 9.53904169E-7
2.300E-1 1.33252417E-6
2.400E-1 1.86140428E-6
2.500E-1 2.59976165E-6
2.600E-1 3.62952095E-6
2.700E-1 5.06350214E-6
2.800E-1 7.05588408E-6
2.900E-1 9.81525041E-6
3.000E-1 1.36199041E-5
3.100E-1 1.88343002E-5
3.200E-1 2.59240367E-5
3.300E-1 3.54630024E-5
3.400E-1 4.81351505E-5
3.500E-1 6.47081134E-5
3.600E-1 8.59950575E-5
3.700E-1 0.000112815914
3.800E-1 0.00014589194
3.900E-1 0.000185835798
4.000E-1 0.000233166727
4.100E-1 0.000288256608
4.200E-1 0.000351405576
4.300E-1 0.00042287645
4.400E-1 0.000502940193
4.500E-1 0.000591920124
