1.1257E-3 -2.3972E-3
2.1495E-2 -2.3946E-3
4.1298E-2 -2.3845E-3
6.1667E-2 -2.3807E-3
8.2036E-2 -2.3693E-3
1.0071E-1 -2.3503E-3
1.1995E-1 -2.3339E-3
1.4145E-1 -2.3086E-3
1.6068E-1 -2.2782E-3
1.8105E-1 -2.2466E-3
2.0142E-1 -2.2074E-3
2.2179E-1 -2.1581E-3
2.4216E-1 -2.1011E-3
2.6253E-1 -2.0392E-3
2.8120E-1 -1.9658E-3
3.0100E-1 -1.8810E-3
3.2137E-1 -1.7900E-3
3.4118E-1 -1.6837E-3
3.6098E-1 -1.5370E-3
3.7965E-1 -1.3839E-3
4.0059E-1 -1.1967E-3
4.2039E-1 -9.4495E-4
4.4076E-1 -6.2490E-4
4.6056E-1 -1.6951E-4
4.8036E-1 4.5540E-4
4.9960E-1 1.4041E-3
5.2110E-1 2.7906E-3
5.3977E-1 5.1004E-3
5.6071E-1 8.1921E-3
5.8108E-1 1.2063E-2
5.9975E-1 1.7199E-2
6.2068E-1 2.2813E-2
6.3936E-1 2.9212E-2
6.5859E-1 3.6396E-2
