Bo nFsrh nFBsrh dnsrh nF nFB dn dnF dnFB
1.000E+15 1.023497428E+00 1.014075492E+00 9.421936000E-03 1.023280534E+00 1.013863600E+00 9.416934000E-03 2.168940000E-04 2.118920000E-04
1.778E+15 1.013145763E+00 1.159270169E+00 -1.461244060E-01 1.012976976E+00 1.158926054E+00 -1.459490780E-01 1.687870000E-04 3.441150000E-04
3.162E+15 1.079449263E+00 1.206341241E+00 -1.268919780E-01 1.079489260E+00 1.205567947E+00 -1.260786870E-01 -3.999700000E-05 7.732940000E-04
5.623E+15 1.199432218E+00 1.221419109E+00 -2.198689100E-02 1.198698927E+00 1.220231059E+00 -2.153213200E-02 7.332910000E-04 1.188050000E-03
1.000E+16 1.248242688E+00 1.229330037E+00 1.891265100E-02 1.246634388E+00 1.227644409E+00 1.898997900E-02 1.608300000E-03 1.685628000E-03
1.778E+16 1.273575439E+00 1.232548201E+00 4.102723800E-02 1.270711085E+00 1.230224481E+00 4.048660400E-02 2.864354000E-03 2.323720000E-03
3.162E+16 1.292785271E+00 1.233953918E+00 5.883135300E-02 1.287837957E+00 1.230792810E+00 5.704514700E-02 4.947314000E-03 3.161108000E-03
5.623E+16 1.310916456E+00 1.238882687E+00 7.203376900E-02 1.302433176E+00 1.234640206E+00 6.779297000E-02 8.483280000E-03 4.242481000E-03
1.000E+17 1.332266023E+00 1.250648871E+00 8.161715200E-02 1.317999743E+00 1.244832078E+00 7.316766500E-02 1.426628000E-02 5.816793000E-03
