0.000E+0 -0.281614169
1.000E-2 -0.2816088
2.000E-2 -0.28160339
3.000E-2 -0.281597933
4.000E-2 -0.281592426
5.000E-2 -0.281586861
6.000E-2 -0.281581232
7.000E-2 -0.281575527
8.000E-2 -0.28156973
9.000E-2 -0.28156382
1.000E-1 -0.281557763
1.100E-1 -0.281551517
1.200E-1 -0.281545014
1.300E-1 -0.281538163
1.400E-1 -0.281530829
1.500E-1 -0.281522817
1.600E-1 -0.281513847
1.700E-1 -0.28150351
1.800E-1 -0.281491216
1.900E-1 -0.281476103
2.000E-1 -0.281456921
2.100E-1 -0.281431845
2.200E-1 -0.281398218
2.300E-1 -0.281352168
2.400E-1 -0.28128804
2.500E-1 -0.281197586
2.600E-1 -0.281068767
2.700E-1 -0.280883999
2.800E-1 -0.280617607
2.900E-1 -0.280232089
3.000E-1 -0.279672659
3.100E-1 -0.278859278
3.200E-1 -0.277674996
3.300E-1 -0.275948929
3.400E-1 -0.273431362
3.500E-1 -0.26975737
3.600E-1 -0.264393652
3.700E-1 -0.256560834
3.800E-1 -0.245119936
3.900E-1 -0.228406494
4.000E-1 -0.203988289
4.100E-1 -0.16831158
4.200E-1 -0.116184841
4.300E-1 -0.0400259076
4.400E-1 0.0712346427
