0.000E+0 0
1.000E-2 2.54140399E-12
2.000E-2 6.10302423E-12
3.000E-2 1.1095662E-11
4.000E-2 1.80955036E-11
5.000E-2 2.79106988E-11
6.000E-2 4.16747599E-11
7.000E-2 6.09776069E-11
8.000E-2 8.80494617E-11
9.000E-2 1.2601896E-10
1.000E-1 1.79275504E-10
1.100E-1 2.53978067E-10
1.200E-1 3.58769764E-10
1.300E-1 5.05781564E-10
1.400E-1 7.12042325E-10
1.500E-1 1.00145975E-9
1.600E-1 1.40760349E-9
1.700E-1 1.97761506E-9
1.800E-1 2.77770021E-9
1.900E-1 3.90084267E-9
2.000E-1 5.47763497E-9
2.100E-1 7.69147949E-9
2.200E-1 1.07999111E-8
2.300E-1 1.51644819E-8
2.400E-1 2.12925996E-8
2.500E-1 2.98960046E-8
2.600E-1 4.19723231E-8
2.700E-1 5.89184496E-8
2.800E-1 8.26875098E-8
2.900E-1 1.16004894E-7
3.000E-1 1.62663286E-7
3.100E-1 2.27921475E-7
3.200E-1 3.19036593E-7
3.300E-1 4.45963878E-7
3.400E-1 6.22266684E-7
3.500E-1 8.6626026E-7
3.600E-1 1.20254772E-6
3.700E-1 1.66397639E-6
3.800E-1 2.29446511E-6
3.900E-1 3.1531891E-6
4.000E-1 4.32094608E-6
4.100E-1 5.9095565E-6
4.200E-1 8.07486024E-6
4.300E-1 1.10334056E-5
4.400E-1 1.50826345E-5
4.500E-1 2.06243178E-5
