-9.0043070E-2 -1.6060130E-4
-5.9982300E-2 -1.5902400E-4
-2.9989240E-2 -1.5756280E-4
-2.3603440E-5 -1.5593330E-4
9.9212830E-3 -1.5516210E-4
1.9786030E-2 -1.5439080E-4
2.9939170E-2 -1.5418210E-4
4.0085320E-2 -1.5378780E-4
5.0003050E-2 -1.5301650E-4
5.9989450E-2 -1.5216980E-4
6.9987300E-2 -1.5127110E-4
7.9996110E-2 -1.5049400E-4
8.9982510E-2 -1.4974600E-4
9.9980350E-2 -1.4866740E-4
1.0997770E-1 -1.4744380E-4
1.2002130E-1 -1.4586650E-4
1.2998440E-1 -1.4419070E-4
1.3999370E-1 -1.4205100E-4
1.5002540E-1 -1.3937770E-4
1.5998890E-1 -1.3567230E-4
1.6999820E-1 -1.3123030E-4
1.7998460E-1 -1.2450970E-4
1.8998190E-1 -1.1708120E-4
1.9996830E-1 -1.0609840E-4
2.1005730E-1 -9.1445670E-5
2.1997790E-1 -7.2930530E-5
2.2999860E-1 -4.6252960E-5
2.3991630E-1 -8.3469860E-6
2.4993710E-1 3.8801850E-5
2.5993490E-1 1.0441390E-4
2.6992130E-1 2.0010560E-4
2.7993010E-1 3.1771320E-4
2.8995080E-1 4.8931460E-4
2.9999400E-1 7.1555310E-4
3.0998040E-1 1.0373460E-3
3.2000110E-1 1.4102440E-3
3.2996460E-1 1.8802600E-3
3.3997390E-1 2.5091670E-3
3.4993740E-1 3.2858440E-3
3.5998060E-1 4.2044330E-3
3.6991020E-1 5.2668510E-3
3.7997630E-1 6.4277220E-3
3.8992830E-1 7.8697540E-3
3.9996050E-1 9.4228160E-3
4.0998080E-1 1.1106680E-2
4.1993280E-1 1.2979610E-2
4.2996500E-1 1.5033270E-2
4.3997430E-1 1.7108950E-2
4.4994930E-1 1.9291220E-2
4.5995810E-1 2.1426570E-2
4.6999030E-1 2.3969750E-2
4.7999950E-1 2.6471810E-2
4.8999690E-1 2.9326660E-2
5.0001760E-1 3.1803240E-2
