2.562E-5 -2.365E-4
8.598E-3 -2.351E-4
1.864E-2 -2.333E-4
2.841E-2 -2.318E-4
3.846E-2 -2.300E-4
4.822E-2 -2.283E-4
5.944E-2 -2.264E-4
6.890E-2 -2.243E-4
7.891E-2 -2.223E-4
8.870E-2 -2.203E-4
9.864E-2 -2.179E-4
1.097E-1 -2.152E-4
1.194E-1 -2.128E-4
1.293E-1 -2.105E-4
1.392E-1 -2.077E-4
1.492E-1 -2.050E-4
1.602E-1 -2.014E-4
1.700E-1 -1.983E-4
1.798E-1 -1.947E-4
1.897E-1 -1.911E-4
1.995E-1 -1.871E-4
2.091E-1 -1.831E-4
2.207E-1 -1.777E-4
2.306E-1 -1.731E-4
2.401E-1 -1.683E-4
2.502E-1 -1.627E-4
2.599E-1 -1.572E-4
2.708E-1 -1.508E-4
2.809E-1 -1.440E-4
2.908E-1 -1.376E-4
3.004E-1 -1.308E-4
3.105E-1 -1.227E-4
3.213E-1 -1.142E-4
3.313E-1 -1.059E-4
3.410E-1 -9.724E-5
3.510E-1 -8.829E-5
3.607E-1 -7.913E-5
3.716E-1 -6.817E-5
3.818E-1 -5.846E-5
3.915E-1 -4.764E-5
4.015E-1 -3.773E-5
4.210E-1 -1.318E-5
4.420E-1 1.409E-5
4.617E-1 4.085E-5
4.826E-1 7.295E-5
5.024E-1 1.048E-4
5.528E-1 1.946E-4
6.033E-1 2.935E-4
6.538E-1 4.016E-4
7.043E-1 5.070E-4
7.545E-1 6.079E-4
8.053E-1 7.099E-4
8.558E-1 8.043E-4
9.061E-1 8.982E-4
9.568E-1 9.866E-4
1.006E+0 1.070E-3
