2.611E-5 -2.395E-4
8.980E-3 -2.379E-4
1.863E-2 -2.363E-4
2.851E-2 -2.346E-4
3.830E-2 -2.328E-4
4.812E-2 -2.310E-4
5.907E-2 -2.289E-4
6.898E-2 -2.269E-4
7.909E-2 -2.250E-4
8.862E-2 -2.228E-4
9.868E-2 -2.206E-4
1.096E-1 -2.178E-4
1.195E-1 -2.154E-4
1.292E-1 -2.127E-4
1.389E-1 -2.102E-4
1.492E-1 -2.070E-4
1.601E-1 -2.033E-4
1.702E-1 -2.002E-4
1.799E-1 -1.968E-4
1.896E-1 -1.928E-4
1.996E-1 -1.886E-4
2.093E-1 -1.842E-4
2.204E-1 -1.789E-4
2.304E-1 -1.743E-4
2.401E-1 -1.690E-4
2.501E-1 -1.637E-4
2.599E-1 -1.576E-4
2.710E-1 -1.514E-4
2.807E-1 -1.438E-4
2.905E-1 -1.378E-4
3.003E-1 -1.304E-4
3.105E-1 -1.230E-4
3.216E-1 -1.136E-4
3.312E-1 -1.045E-4
3.411E-1 -9.619E-5
3.511E-1 -8.718E-5
3.608E-1 -7.757E-5
3.719E-1 -6.625E-5
3.817E-1 -5.584E-5
3.917E-1 -4.538E-5
4.014E-1 -3.340E-5
4.211E-1 -9.558E-6
4.422E-1 1.866E-5
4.616E-1 4.553E-5
4.825E-1 7.828E-5
5.025E-1 1.114E-4
5.530E-1 2.031E-4
6.035E-1 3.060E-4
6.538E-1 4.116E-4
7.044E-1 5.179E-4
7.546E-1 6.214E-4
8.054E-1 7.207E-4
8.556E-1 8.157E-4
9.062E-1 9.067E-4
9.569E-1 9.955E-4
1.006E+0 1.080E-3
