80
8.2073500E+0 1.6819700E+2 1.0000000E+6
9.1784600E+0 1.8676000E+2 8.9779585E+5
1.0266500E+1 2.0730800E+2 8.0603739E+5
1.1453300E+1 2.3023200E+2 7.2365703E+5
1.2722900E+1 2.5560800E+2 6.4969628E+5
1.4197400E+1 2.8369800E+2 5.8329463E+5
1.5767900E+1 3.1482200E+2 5.2367949E+5
1.7575800E+1 3.4934800E+2 4.7015728E+5
1.9515100E+1 3.8749900E+2 4.2210526E+5
2.1524400E+1 4.2991400E+2 3.7896435E+5
2.3615600E+1 4.7688500E+2 3.4023262E+5
2.5750500E+1 5.2906200E+2 3.0545943E+5
2.8086800E+1 5.8683000E+2 2.7424021E+5
3.0253800E+1 6.5114500E+2 2.4621173E+5
3.2488100E+1 7.2270000E+2 2.2104787E+5
3.4761300E+1 8.0223300E+2 1.9845586E+5
3.7091300E+1 8.9084300E+2 1.7817285E+5
3.9266200E+1 9.8939300E+2 1.5996284E+5
4.1695900E+1 1.0989600E+3 1.4361398E+5
4.4075000E+1 1.2207200E+3 1.2893603E+5
4.6406800E+1 1.3576900E+3 1.1575824E+5
4.9710100E+1 1.5086000E+3 1.0392726E+5
5.1477600E+1 1.6785500E+3 9.3305466E+4
5.5169300E+1 1.8676800E+3 8.3769261E+4
5.8315700E+1 2.0765900E+3 7.5207695E+4
6.2849700E+1 2.3115200E+3 6.7521156E+4
6.7427100E+1 2.5720500E+3 6.0620214E+4
7.3739900E+1 2.8614800E+3 5.4424577E+4
8.0431200E+1 3.1867600E+3 4.8862159E+4
8.8248700E+1 3.5440200E+3 4.3868244E+4
9.8402000E+1 3.9437400E+3 3.9384728E+4
1.1149500E+2 4.3927800E+3 3.5359445E+4
1.3163400E+2 4.8836300E+3 3.1745563E+4
1.4534400E+2 5.4368600E+3 2.8501035E+4
1.6952100E+2 6.0569900E+3 2.5588111E+4
1.9200700E+2 6.7517900E+3 2.2972900E+4
2.1605000E+2 7.5089600E+3 2.0624974E+4
2.5054000E+2 8.3568000E+3 1.8517016E+4
3.0252800E+2 9.3069400E+3 1.6624501E+4
3.8348300E+2 1.0369900E+4 1.4925408E+4
4.5258600E+2 1.1514500E+4 1.3399969E+4
5.2245600E+2 1.2802100E+4 1.2030437E+4
6.3821900E+2 1.4276500E+4 1.0800876E+4
7.9916200E+2 1.5912200E+4 9.6969820E+3
9.8261100E+2 1.7717800E+4 8.7059100E+3
1.2177500E+3 1.9677400E+4 7.8161300E+3
1.3228200E+3 2.1811000E+4 7.0172890E+3
1.6760100E+3 2.4315300E+4 6.3000930E+3
2.1981300E+3 2.7115800E+4 5.6561970E+3
2.8241200E+3 3.0318100E+4 5.0781110E+3
3.3614300E+3 3.3731300E+4 4.5591070E+3
4.0012300E+3 3.7417000E+4 4.0931470E+3
4.6198800E+3 4.1268900E+4 3.6748100E+3
5.9499600E+3 4.6278100E+4 3.2992300E+3
6.7710900E+3 5.0769000E+4 2.9620350E+3
8.7303700E+3 5.7003500E+4 2.6593020E+3
1.0613500E+4 6.2032600E+4 2.3875110E+3
1.3951500E+4 7.0009800E+4 2.1434970E+3
1.8155500E+4 7.7057600E+4 1.9244230E+3
2.1455400E+4 8.4974200E+4 1.7277390E+3
2.5911900E+4 9.2813200E+4 1.5511570E+3
3.0657700E+4 1.0133100E+5 1.3926220E+3
3.4377800E+4 1.1041100E+5 1.2502900E+3
4.2726900E+4 1.1937100E+5 1.1225050E+3
5.1098500E+4 1.2951700E+5 1.0077810E+3
6.7108900E+4 1.3945300E+5 9.0478100E+2
7.8862700E+4 1.5585700E+5 8.1230900E+2
9.7234700E+4 1.5499700E+5 7.2928800E+2
1.0065800E+5 1.6145100E+5 6.5475100E+2
1.2977500E+5 1.8411000E+5 5.8783300E+2
1.4032000E+5 1.8376500E+5 5.2775400E+2
1.6343400E+5 1.8304300E+5 4.7381500E+2
1.7116300E+5 1.9496800E+5 4.2539000E+2
2.0963800E+5 1.7082400E+5 3.8191300E+2
2.1090500E+5 1.9353400E+5 3.4288000E+2
2.0236100E+5 1.7434000E+5 3.0783600E+2
2.7569000E+5 1.5779600E+5 2.7637400E+2
3.2271900E+5 1.6931000E+5 2.4812700E+2
2.9140700E+5 1.4395100E+5 2.2276800E+2
3.1100200E+5 1.4795100E+5 2.0000000E+2
