-9.0039250E-2 -1.5693170E-4
-5.9998040E-2 -1.0626930E-4
-3.0003070E-2 -5.4496370E-5
1.0243060E-4 -3.8185140E-9
1.0016290E-2 1.8968900E-5
1.9992590E-2 3.7993680E-5
3.0010220E-2 5.7491120E-5
3.9986130E-2 7.7755220E-5
4.9995900E-2 9.8480380E-5
5.9971330E-2 1.1988170E-4
7.0004460E-2 1.4165840E-4
8.0014230E-2 1.6428740E-4
9.0012550E-2 1.8767640E-4
1.0001130E-1 2.1187150E-4
1.0997530E-1 2.3654780E-4
1.1999650E-1 2.6198380E-4
1.2997250E-1 2.8795940E-4
1.3998220E-1 3.1503080E-4
1.5001490E-1 3.4271690E-4
1.5997930E-1 3.7138330E-4
1.7001200E-1 4.0021210E-4
1.7998790E-1 4.2988170E-4
1.8998620E-1 4.5992250E-4
1.9998460E-1 4.9122750E-4
2.0998330E-1 5.2282820E-4
2.1997310E-1 5.5521770E-4
2.2992610E-1 5.8790320E-4
2.3997020E-1 6.2105830E-4
2.4994610E-1 6.5515280E-4
2.5995590E-1 6.8969370E-4
2.6996610E-1 7.2528470E-4
2.7994160E-1 7.6095080E-4
2.8996320E-1 7.9757980E-4
2.9995010E-1 8.3480010E-4
3.0997180E-1 8.7366770E-4
3.1995870E-1 9.1383980E-4
3.2998040E-1 9.5609990E-4
3.3993290E-1 9.9971700E-4
3.4995460E-1 1.0469760E-3
3.5996440E-1 1.0991520E-3
3.6989450E-1 1.1556580E-3
3.8005260E-1 1.2229400E-3
3.8990310E-1 1.2979300E-3
4.0002730E-1 1.3922770E-3
4.0990020E-1 1.5077780E-3
4.1997860E-1 1.6558450E-3
4.2990880E-1 1.8499290E-3
4.4003300E-1 2.1009800E-3
4.4991730E-1 2.4322940E-3
4.5996140E-1 2.8775450E-3
4.7000550E-1 3.4617070E-3
4.7997000E-1 4.2367650E-3
4.9003700E-1 5.2310000E-3
5.0001290E-1 6.4619150E-3
5.0997730E-1 7.9696090E-3
5.2001000E-1 9.7919870E-3
5.3000830E-1 1.1927380E-2
5.4003000E-1 1.4334050E-2
5.5003980E-1 1.7044870E-2
5.6000420E-1 2.0010040E-2
5.7008270E-1 2.3203480E-2
5.8000140E-1 2.6577090E-2
5.9004550E-1 3.0117560E-2
