0.000E+0 -0.145745132
1.000E-2 -0.145742336
2.000E-2 -0.14573942
3.000E-2 -0.14573634
4.000E-2 -0.145733032
5.000E-2 -0.145729408
6.000E-2 -0.145725344
7.000E-2 -0.145720663
8.000E-2 -0.145715116
9.000E-2 -0.145708355
1.000E-1 -0.145699884
1.100E-1 -0.145689008
1.200E-1 -0.145674742
1.300E-1 -0.145655697
1.400E-1 -0.145629914
1.500E-1 -0.145594624
1.600E-1 -0.145545919
1.700E-1 -0.14547828
1.800E-1 -0.145383915
1.900E-1 -0.145251815
2.000E-1 -0.145066437
2.100E-1 -0.144805823
2.200E-1 -0.144438963
2.300E-1 -0.143922052
2.400E-1 -0.143193216
2.500E-1 -0.142165049
2.600E-1 -0.140714084
2.700E-1 -0.138665904
2.800E-1 -0.135774114
2.900E-1 -0.131690631
3.000E-1 -0.125923714
3.100E-1 -0.117778661
3.200E-1 -0.106274029
3.300E-1 -0.0900232754
3.400E-1 -0.0670675398
3.500E-1 -0.0346394087
3.600E-1 0.0111708074
