Bo nFsrh nFBsrh dnsrh nF nFB dn dnF dnFB
1.000E+15 1.036360245E+00 1.175786266E+00 -1.394260210E-01 1.036377155E+00 1.175768437E+00 -1.393912820E-01 -1.691000000E-05 1.782900000E-05
1.778E+15 1.171287516E+00 1.205428996E+00 -3.414148000E-02 1.171279809E+00 1.205394120E+00 -3.411431100E-02 7.707000000E-06 3.487600000E-05
3.162E+15 1.223479805E+00 1.216151353E+00 7.328452000E-03 1.223447532E+00 1.216098094E+00 7.349438000E-03 3.227300000E-05 5.325900000E-05
5.623E+15 1.248530265E+00 1.226200539E+00 2.232972600E-02 1.248464469E+00 1.226122991E+00 2.234147800E-02 6.579600000E-05 7.754800000E-05
1.000E+16 1.265790443E+00 1.236179321E+00 2.961112200E-02 1.265665927E+00 1.236069474E+00 2.959645300E-02 1.245160000E-04 1.098470000E-04
1.778E+16 1.281271896E+00 1.243057348E+00 3.821454800E-02 1.281032609E+00 1.242906807E+00 3.812580200E-02 2.392870000E-04 1.505410000E-04
3.162E+16 1.297641181E+00 1.249032899E+00 4.860828200E-02 1.297163650E+00 1.248829208E+00 4.833444200E-02 4.775310000E-04 2.036910000E-04
5.623E+16 1.315773059E+00 1.260330236E+00 5.544282300E-02 1.314790382E+00 1.260049015E+00 5.474136700E-02 9.826770000E-04 2.812210000E-04
1.000E+17 1.338427909E+00 1.278455596E+00 5.997231300E-02 1.336388773E+00 1.278062178E+00 5.832659500E-02 2.039136000E-03 3.934180000E-04
