0.000E+0 -32.9865073
1.000E-2 -32.9851415
2.000E-2 -32.9837691
3.000E-2 -32.9823824
4.000E-2 -32.9809803
5.000E-2 -32.9795613
6.000E-2 -32.9781239
7.000E-2 -32.9766669
8.000E-2 -32.9751877
9.000E-2 -32.9736824
1.000E-1 -32.9721481
1.100E-1 -32.9705782
1.200E-1 -32.9689658
1.300E-1 -32.9672998
1.400E-1 -32.9655657
1.500E-1 -32.9637433
1.600E-1 -32.9618036
1.700E-1 -32.9597065
1.800E-1 -32.9573958
1.900E-1 -32.9547901
2.000E-1 -32.9517782
2.100E-1 -32.9482
2.200E-1 -32.9438296
2.300E-1 -32.9383474
2.400E-1 -32.9313016
2.500E-1 -32.9220516
2.600E-1 -32.9096906
2.700E-1 -32.8929372
2.800E-1 -32.86998
2.900E-1 -32.8382633
3.000E-1 -32.7941882
3.100E-1 -32.7327047
3.200E-1 -32.6467554
3.300E-1 -32.5265419
3.400E-1 -32.358575
3.500E-1 -32.1245043
3.600E-1 -31.7997634
3.700E-1 -31.3521529
3.800E-1 -30.7406035
3.900E-1 -29.9144776
4.000E-1 -28.8138123
4.100E-1 -27.3708112
4.200E-1 -25.5127624
4.300E-1 -23.1668758
4.400E-1 -20.2693547
4.500E-1 -16.78554
4.600E-1 -12.7524142
4.700E-1 -8.33214433
4.800E-1 -3.76645417
4.900E-1 0.864835603
