-9.0066910E-2 -4.1833880E-6
-6.0028080E-2 -2.8293960E-6
-3.0046460E-2 -1.4454160E-6
9.1820960E-5 -1.0998120E-8
1.0047380E-2 4.6438870E-7
1.9928720E-2 9.5475230E-7
2.9996870E-2 1.4748260E-6
3.9960380E-2 1.9899780E-6
5.0026890E-2 2.5883060E-6
6.0070040E-2 3.1099880E-6
6.9988250E-2 3.6953190E-6
8.0042840E-2 4.2503470E-6
8.9994910E-2 5.0064030E-6
1.0000420E-1 5.7637260E-6
1.0999060E-1 6.7577690E-6
1.1995410E-1 7.6988760E-6
1.2998630E-1 8.9236780E-6
1.4001800E-1 1.0207060E-5
1.5000440E-1 1.2193210E-5
1.6000220E-1 1.4487840E-5
1.6997720E-1 1.7070110E-5
1.8010040E-1 2.1092240E-5
1.8997290E-1 2.6010310E-5
1.9995930E-1 3.3604010E-5
2.1000240E-1 4.2066390E-5
2.2005940E-1 5.3966940E-5
2.2985220E-1 7.0021280E-5
2.3997550E-1 9.2194650E-5
2.4991610E-1 1.2326520E-4
2.5995970E-1 1.6573680E-4
2.6988890E-1 2.1602520E-4
2.8000070E-1 2.9348770E-4
2.8986170E-1 3.9378650E-4
2.9998490E-1 5.3932280E-4
3.0994890E-1 7.1765810E-4
3.2004930E-1 9.5463820E-4
3.2994460E-1 1.2476540E-3
3.3998780E-1 1.6859160E-3
3.4987160E-1 2.1485760E-3
3.6001780E-1 2.7553530E-3
3.7000420E-1 3.3833980E-3
3.7995620E-1 4.2275320E-3
3.8987450E-1 5.1430000E-3
3.9981510E-1 6.2379350E-3
4.0988160E-1 7.3601040E-3
4.1998200E-1 8.5722690E-3
4.3009380E-1 9.8825970E-3
4.3995480E-1 1.1364560E-2
4.4985010E-1 1.2717280E-2
4.5995040E-1 1.4307500E-2
4.6999410E-1 1.5909900E-2
4.7996900E-1 1.7609040E-2
4.9003510E-1 1.9307600E-2
5.0001000E-1 2.0973710E-2
5.0990530E-1 2.2778290E-2
5.2004000E-1 2.4608360E-2
5.2999210E-1 2.6611060E-2
5.4000140E-1 2.8388980E-2
5.5004500E-1 3.0299570E-2
