-8.9919090E-2 -4.1625660E-6
-5.9971810E-2 -2.8642230E-6
-3.0081270E-2 -1.4103720E-6
-8.2492830E-5 -1.7970900E-9
9.8790230E-3 4.4686340E-7
2.0004270E-2 9.3188740E-7
3.0054090E-2 1.4707170E-6
3.9983750E-2 1.9950660E-6
5.0015930E-2 2.5279730E-6
6.0002330E-2 3.1073500E-6
6.9886210E-2 3.6810850E-6
7.9998020E-2 4.3269650E-6
8.9938640E-2 4.9504650E-6
9.9925040E-2 5.7661180E-6
1.1005970E-1 6.6461830E-6
1.2003470E-1 7.7959360E-6
1.3002160E-1 8.9248920E-6
1.3998510E-1 1.0419710E-5
1.5002820E-1 1.2342350E-5
1.6000370E-1 1.4614970E-5
1.7002440E-1 1.7586940E-5
1.7997650E-1 2.1050670E-5
1.9013400E-1 2.6476770E-5
2.0000650E-1 3.3245920E-5
2.1002670E-1 4.3620300E-5
2.2001550E-1 5.5306390E-5
2.3000240E-1 7.2320570E-5
2.4001170E-1 9.3910170E-5
2.4995230E-1 1.2883310E-4
2.5997300E-1 1.6879410E-4
2.6998230E-1 2.2845990E-4
2.8003740E-1 2.9659830E-4
2.8996710E-1 4.0568900E-4
2.9983950E-1 5.4126400E-4
3.1003090E-1 7.4745900E-4
3.1991480E-1 9.8324080E-4
3.2998130E-1 1.2855030E-3
3.3994530E-1 1.6739330E-3
3.4994320E-1 2.2303590E-3
3.5994100E-1 2.7906670E-3
3.6997320E-1 3.5172290E-3
3.8003920E-1 4.2395610E-3
3.8992310E-1 5.2155350E-3
3.9985280E-1 6.2237290E-3
4.0997600E-1 7.4824950E-3
4.1997390E-1 8.6677220E-3
4.3006320E-1 1.0006630E-2
4.3997000E-1 1.1402900E-2
4.4997930E-1 1.2920720E-2
4.6006820E-1 1.4287350E-2
4.7000930E-1 1.5961010E-2
4.7998430E-1 1.7570940E-2
4.8993680E-1 1.9421890E-2
5.0009390E-1 2.1096710E-2
5.1000070E-1 2.2879290E-2
5.2001000E-1 2.4631740E-2
5.2996250E-1 2.6489620E-2
5.4005150E-1 2.8443100E-2
5.5000400E-1 3.0319530E-2
