-9.0044020E-2 -4.2792420E-6
-5.9971330E-2 -2.9140900E-6
-3.0012610E-2 -1.4717880E-6
-8.3655120E-5 -4.0256790E-9
1.0050920E-2 4.9916000E-7
1.9958170E-2 9.9904380E-7
3.0019280E-2 1.5193930E-6
3.9971350E-2 2.0845650E-6
4.9912450E-2 2.5879250E-6
5.9887410E-2 3.1889160E-6
6.9942000E-2 3.7779250E-6
7.9996590E-2 4.5042470E-6
9.0005870E-2 5.1959560E-6
1.0010620E-1 6.0039970E-6
1.0993290E-1 6.8645280E-6
1.1998800E-1 7.9196830E-6
1.2991710E-1 9.1631260E-6
1.3983540E-1 1.0708680E-5
1.4998100E-1 1.2457070E-5
1.5993360E-1 1.4803880E-5
1.7006780E-1 1.8021720E-5
1.7996310E-1 2.1901780E-5
1.9012070E-1 2.6979320E-5
1.9991300E-1 3.3827850E-5
2.0993380E-1 4.2942030E-5
2.1997980E-1 5.6635620E-5
2.2992040E-1 7.2542670E-5
2.3999830E-1 9.5922210E-5
2.4990460E-1 1.2575300E-4
2.5998260E-1 1.7188370E-4
2.7000330E-1 2.2739130E-4
2.7989820E-1 3.0648310E-4
2.8988460E-1 4.0207310E-4
2.9991670E-1 5.5326360E-4
3.0999420E-1 7.4445500E-4
3.2006070E-1 1.0312250E-3
3.2996750E-1 1.3372990E-3
3.3987380E-1 1.7716210E-3
3.4997420E-1 2.3242180E-3
3.5997200E-1 3.0607410E-3
3.6995890E-1 3.8559660E-3
3.7999060E-1 4.8454930E-3
3.8989730E-1 5.8754090E-3
4.0007730E-1 7.2466410E-3
4.1001840E-1 8.6965100E-3
4.1994760E-1 1.0471870E-2
4.2993450E-1 1.2073670E-2
4.3998910E-1 1.4088530E-2
4.4978190E-1 1.5972470E-2
4.6005300E-1 1.8080030E-2
4.7000550E-1 2.0035800E-2
4.8004870E-1 2.2466610E-2
4.9003510E-1 2.4783890E-2
5.0002190E-1 2.7484670E-2
5.1012230E-1 2.9782830E-2
5.1990320E-1 3.2418150E-2
