-9.0002540E-2 -7.1030810E-6
-6.0053830E-2 -5.1071780E-6
-2.9991150E-2 -2.7834430E-6
-1.1783840E-4 1.6982990E-8
1.0143280E-2 1.1935970E-6
1.9955610E-2 2.2574900E-6
3.0100820E-2 3.5540560E-6
3.9916520E-2 4.7273750E-6
5.0074580E-2 6.2837480E-6
5.9810640E-2 7.8983210E-6
6.9865700E-2 9.8525230E-6
8.0057620E-2 1.1768730E-5
8.9953420E-2 1.3941110E-5
9.9940300E-2 1.6812890E-5
1.0999540E-1 1.9606940E-5
1.2005090E-1 2.2986730E-5
1.2990090E-1 2.6638490E-5
1.4010430E-1 3.1149700E-5
1.5001150E-1 3.6610250E-5
1.6002080E-1 4.2760880E-5
1.6989370E-1 5.0019170E-5
1.7997170E-1 5.7824930E-5
1.8987890E-1 6.8711190E-5
1.9999120E-1 8.0974790E-5
2.0995520E-1 9.7906170E-5
2.1988770E-1 1.1151030E-4
2.2988610E-1 1.3388370E-4
2.3998740E-1 1.5730110E-4
2.4997430E-1 1.8962030E-4
2.5976710E-1 2.1874390E-4
2.6994800E-1 2.5601570E-4
2.7996920E-1 2.8922800E-4
2.8987600E-1 3.3559860E-4
2.9989720E-1 3.8034560E-4
3.0999800E-1 4.3773490E-4
3.2000780E-1 4.8862330E-4
3.3006330E-1 5.4667940E-4
3.3992480E-1 6.0065860E-4
3.4991170E-1 6.6387020E-4
3.5989860E-1 7.2798090E-4
3.6997650E-1 7.9593640E-4
3.7987230E-1 8.6307410E-4
3.9000750E-1 9.2732390E-4
4.0011980E-1 1.0007480E-3
4.0995880E-1 1.0793080E-3
4.2011640E-1 1.1494290E-3
4.2989830E-1 1.2256930E-3
4.3995380E-1 1.2966820E-3
4.4988350E-1 1.3739900E-3
4.6009830E-1 1.4559330E-3
4.6997120E-1 1.5345140E-3
4.7999240E-1 1.6149510E-3
4.9008180E-1 1.6837980E-3
5.0005770E-1 1.7735050E-3
5.0991920E-1 1.8520880E-3
5.1991750E-1 1.9487500E-3
5.3000690E-1 2.0237380E-3
5.4006240E-1 2.1094490E-3
5.4992390E-1 2.1795690E-3
5.6005910E-1 2.2721760E-3
5.6996580E-1 2.3535970E-3
5.8006670E-1 2.4535040E-3
5.8998540E-1 2.5324910E-3
6.0004090E-1 2.6229550E-3
