0.000E+0 0
1.000E-2 1.24111268E-15
2.000E-2 3.03896914E-15
3.000E-2 5.64752967E-15
4.000E-2 9.43650086E-15
5.000E-2 1.4944075E-14
6.000E-2 2.29537454E-14
7.000E-2 3.46062518E-14
8.000E-2 5.15628406E-14
9.000E-2 7.62435658E-14
1.000E-1 1.12175479E-13
1.100E-1 1.64501918E-13
1.200E-1 2.40728244E-13
1.300E-1 3.5181495E-13
1.400E-1 5.1378138E-13
1.500E-1 7.50060361E-13
1.600E-1 1.09495729E-12
1.700E-1 1.59873369E-12
1.800E-1 2.33507995E-12
1.900E-1 3.41210184E-12
2.000E-1 4.98847441E-12
2.100E-1 7.29719533E-12
2.200E-1 1.06868541E-11
2.300E-1 1.56600043E-11
2.400E-1 2.29261543E-11
2.500E-1 3.36056744E-11
2.600E-1 4.92888925E-11
2.700E-1 7.23215975E-11
2.800E-1 1.06157308E-10
2.900E-1 1.55874707E-10
3.000E-1 2.28942946E-10
3.100E-1 3.36347459E-10
3.200E-1 4.94246143E-10
3.300E-1 7.26405811E-10
3.400E-1 1.06778651E-9
3.500E-1 1.56981463E-9
3.600E-1 2.30814053E-9
3.700E-1 3.39405135E-9
3.800E-1 4.99126138E-9
3.900E-1 7.34061396E-9
4.000E-1 1.07964229E-8
4.100E-1 1.58799382E-8
4.200E-1 2.33580052E-8
4.300E-1 3.43587891E-8
4.400E-1 5.05435828E-8
4.500E-1 7.4347582E-8
