0.000E+0 -33.3920721
1.000E-2 -33.3917691
2.000E-2 -33.391464
3.000E-2 -33.3911572
4.000E-2 -33.3908487
5.000E-2 -33.3905383
6.000E-2 -33.3901972
7.000E-2 -33.389883
8.000E-2 -33.3895668
9.000E-2 -33.3892485
1.000E-1 -33.3889281
1.100E-1 -33.3886054
1.200E-1 -33.3882803
1.300E-1 -33.3879527
1.400E-1 -33.3876223
1.500E-1 -33.3872889
1.600E-1 -33.3869522
1.700E-1 -33.3866114
1.800E-1 -33.3862354
1.900E-1 -33.3858844
2.000E-1 -33.3855263
2.100E-1 -33.3851592
2.200E-1 -33.3847801
2.300E-1 -33.3843849
2.400E-1 -33.3839677
2.500E-1 -33.38352
2.600E-1 -33.3830296
2.700E-1 -33.3824787
2.800E-1 -33.381842
2.900E-1 -33.3810829
3.000E-1 -33.3801482
3.100E-1 -33.3789618
3.200E-1 -33.3774133
3.300E-1 -33.3753436
3.400E-1 -33.3725228
3.500E-1 -33.3686193
3.600E-1 -33.3631537
3.700E-1 -33.3554343
3.800E-1 -33.3444619
3.900E-1 -33.3287935
4.000E-1 -33.3063453
4.100E-1 -33.2741079
4.200E-1 -33.2277359
4.300E-1 -33.1609538
4.400E-1 -33.0647007
4.500E-1 -32.9258946
4.600E-1 -32.7256513
4.700E-1 -32.4367165
4.800E-1 -32.0197703
4.900E-1 -31.4181126
5.000E-1 -30.5500376
5.100E-1 -29.2979257
5.200E-1 -27.4927026
5.300E-1 -24.8918342
5.400E-1 -21.1484393
5.500E-1 -15.7684795
5.600E-1 -8.05247635
5.700E-1 2.98174139
