0.000E+0 0
1.000E-2 1.97791989E-12
2.000E-2 4.77474724E-12
3.000E-2 8.73344069E-12
4.000E-2 1.43401208E-11
5.000E-2 2.22836272E-11
6.000E-2 3.35398546E-11
7.000E-2 4.94912475E-11
8.000E-2 7.20962581E-11
9.000E-2 1.04129919E-10
1.000E-1 1.49525815E-10
1.100E-1 2.1386289E-10
1.200E-1 3.05059439E-10
1.300E-1 4.34363867E-10
1.400E-1 6.17770919E-10
1.500E-1 8.78048267E-10
1.600E-1 1.24763889E-9
1.700E-1 1.77282031E-9
1.800E-1 2.51966717E-9
1.900E-1 3.58260166E-9
2.000E-1 5.09665665E-9
2.100E-1 7.25506625E-9
2.200E-1 1.03345004E-8
2.300E-1 1.47312688E-8
2.400E-1 2.1013267E-8
2.500E-1 2.99945155E-8
2.600E-1 4.28421254E-8
2.700E-1 6.1229806E-8
2.800E-1 8.75581694E-8
2.900E-1 1.25270904E-7
3.000E-1 1.7930852E-7
3.100E-1 2.56759484E-7
3.200E-1 3.67794504E-7
3.300E-1 5.27006833E-7
3.400E-1 7.55334479E-7
3.500E-1 1.08281579E-6
3.600E-1 1.5525373E-6
3.700E-1 2.22613186E-6
3.800E-1 3.19262042E-6
3.900E-1 4.5784164E-6
4.000E-1 6.56527411E-6
4.100E-1 9.41195484E-6
4.200E-1 1.34916529E-5
4.300E-1 1.93296869E-5
4.400E-1 2.76769849E-5
4.500E-1 3.95953712E-5
