0.000E+0 -0.218401734
1.000E-2 -0.218398455
2.000E-2 -0.218395153
3.000E-2 -0.218391826
4.000E-2 -0.21838847
5.000E-2 -0.21838508
6.000E-2 -0.218381648
7.000E-2 -0.218378165
8.000E-2 -0.218374617
9.000E-2 -0.218370982
1.000E-1 -0.218367233
1.100E-1 -0.218363325
1.200E-1 -0.2183592
1.300E-1 -0.218354769
1.400E-1 -0.218349908
1.500E-1 -0.218344433
1.600E-1 -0.218338083
1.700E-1 -0.218330479
1.800E-1 -0.218321069
1.900E-1 -0.218309057
2.000E-1 -0.218293289
2.100E-1 -0.218272088
2.200E-1 -0.218243025
2.300E-1 -0.218202573
2.400E-1 -0.218145613
2.500E-1 -0.218064713
2.600E-1 -0.217949085
2.700E-1 -0.21778306
2.800E-1 -0.217543884
2.900E-1 -0.21719851
3.000E-1 -0.216698939
3.100E-1 -0.215975452
3.200E-1 -0.214926771
3.300E-1 -0.213405779
3.400E-1 -0.211198754
3.500E-1 -0.207995217
3.600E-1 -0.203344115
3.700E-1 -0.19659016
3.800E-1 -0.186781352
3.900E-1 -0.172534608
4.000E-1 -0.151840574
4.100E-1 -0.121780061
4.200E-1 -0.078112143
4.300E-1 -0.0146758925
4.400E-1 0.0774784424
