0.000E+0 -0.146519769
1.000E-2 -0.146515051
2.000E-2 -0.146510297
3.000E-2 -0.146505502
4.000E-2 -0.146500661
5.000E-2 -0.146495763
6.000E-2 -0.146490796
7.000E-2 -0.146485741
8.000E-2 -0.146480573
9.000E-2 -0.146475254
1.000E-1 -0.146469732
1.100E-1 -0.146463935
1.200E-1 -0.146457756
1.300E-1 -0.146451047
1.400E-1 -0.146443593
1.500E-1 -0.146435087
1.600E-1 -0.14642509
1.700E-1 -0.146412969
1.800E-1 -0.146397812
1.900E-1 -0.146378307
2.000E-1 -0.146352554
2.100E-1 -0.146317809
2.200E-1 -0.146270101
2.300E-1 -0.146203678
2.400E-1 -0.146110209
2.500E-1 -0.145977613
2.600E-1 -0.145788375
2.700E-1 -0.145517087
2.800E-1 -0.145126881
2.900E-1 -0.144564257
3.000E-1 -0.143751556
3.100E-1 -0.142576039
3.200E-1 -0.140874021
3.300E-1 -0.138407821
3.400E-1 -0.134832279
3.500E-1 -0.129646126
3.600E-1 -0.122121323
3.700E-1 -0.111200434
3.800E-1 -0.0953475249
3.900E-1 -0.0723315953
4.000E-1 -0.0389119866
4.100E-1 0.00961853086
