0.000E+0 -0.230651067
1.000E-2 -0.230640022
2.000E-2 -0.230628883
3.000E-2 -0.230617636
4.000E-2 -0.230606261
5.000E-2 -0.230594745
6.000E-2 -0.230583059
7.000E-2 -0.230571173
8.000E-2 -0.230559033
9.000E-2 -0.230546574
1.000E-1 -0.230533698
1.100E-1 -0.230520266
1.200E-1 -0.230506082
1.300E-1 -0.230490869
1.400E-1 -0.230474231
1.500E-1 -0.230455595
1.600E-1 -0.230434148
1.700E-1 -0.230408714
1.800E-1 -0.230377601
1.900E-1 -0.23033836
2.000E-1 -0.230287448
2.100E-1 -0.230219723
2.200E-1 -0.230127721
2.300E-1 -0.230000592
2.400E-1 -0.229822541
2.500E-1 -0.229570577
2.600E-1 -0.229211194
2.700E-1 -0.228695549
2.800E-1 -0.227952413
2.900E-1 -0.226877869
3.000E-1 -0.225320271
3.100E-1 -0.223058279
3.200E-1 -0.219768754
3.300E-1 -0.214979887
3.400E-1 -0.208002719
3.500E-1 -0.197831154
3.600E-1 -0.182995966
3.700E-1 -0.16135175
3.800E-1 -0.129766187
3.900E-1 -0.083667242
4.000E-1 -0.0163842254
4.100E-1 0.0818092599
