0.000E+0 0
1.000E-2 7.65200964E-14
2.000E-2 1.86772445E-13
3.000E-2 3.45818619E-13
4.000E-2 5.75404126E-13
5.000E-2 9.06901311E-13
6.000E-2 1.38554083E-12
7.000E-2 2.07649665E-12
8.000E-2 3.07364099E-12
9.000E-2 4.512153E-12
1.000E-1 6.58670305E-12
1.100E-1 9.57772774E-12
1.200E-1 1.38894797E-11
1.300E-1 2.01052645E-11
1.400E-1 2.9067827E-11
1.500E-1 4.1996613E-11
1.600E-1 6.06591645E-11
1.700E-1 8.76220456E-11
1.800E-1 1.26618627E-10
1.900E-1 1.83088579E-10
2.000E-1 2.64969639E-10
2.100E-1 3.83859975E-10
2.200E-1 5.56725008E-10
2.300E-1 8.08404128E-10
2.400E-1 1.17529282E-9
2.500E-1 1.71075214E-9
2.600E-1 2.49305689E-9
2.700E-1 3.63707542E-9
2.800E-1 5.31143415E-9
2.900E-1 7.76374345E-9
3.000E-1 1.13576706E-8
3.100E-1 1.66274195E-8
3.200E-1 2.43577763E-8
3.300E-1 3.57016889E-8
3.400E-1 5.23529014E-8
3.500E-1 7.67991895E-8
3.600E-1 1.12693975E-7
3.700E-1 1.65399574E-7
3.800E-1 2.42781706E-7
3.900E-1 3.56368172E-7
4.000E-1 5.23031634E-7
4.100E-1 7.67430522E-7
4.200E-1 1.12553072E-6
4.300E-1 1.64969416E-6
4.400E-1 2.41601593E-6
4.500E-1 3.5349739E-6
