-9.0033530E-2 -4.5346350E-6
-5.9903140E-2 -3.1081690E-6
-2.9967310E-2 -1.5351980E-6
2.4706130E-5 -1.0170600E-8
1.0160570E-2 5.8102090E-7
1.9900620E-2 1.1030820E-6
3.0020240E-2 1.7624020E-6
4.0006640E-2 2.3479920E-6
4.9970150E-2 2.9920960E-6
5.9922220E-2 3.5931530E-6
6.9931510E-2 4.4063360E-6
7.9975130E-2 5.2039850E-6
8.9995860E-2 6.2323320E-6
9.9993710E-2 7.1651430E-6
1.0999160E-1 8.3582580E-6
1.1993220E-1 9.5357120E-6
1.2998720E-1 1.1339130E-5
1.3999650E-1 1.3344990E-5
1.5005110E-1 1.5458720E-5
1.5994640E-1 1.8729350E-5
1.7002440E-1 2.2565950E-5
1.7998790E-1 2.8417110E-5
1.9002010E-1 3.4800630E-5
2.0000650E-1 4.4146260E-5
2.0991280E-1 5.4618630E-5
2.1998170E-1 7.1766790E-5
2.2995660E-1 9.5269470E-5
2.4000020E-1 1.2544660E-4
2.4994090E-1 1.6240940E-4
2.5991630E-1 2.1936720E-4
2.6989130E-1 2.9395960E-4
2.7994630E-1 4.0102680E-4
2.8994420E-1 5.3795260E-4
2.9995350E-1 7.1773350E-4
3.0996270E-1 9.6326320E-4
3.1989240E-1 1.3232860E-3
3.3002710E-1 1.7263780E-3
3.3994530E-1 2.2767190E-3
3.4988590E-1 2.8957850E-3
3.5990670E-1 3.7306550E-3
3.6985920E-1 4.7052970E-3
3.8001630E-1 5.8858880E-3
3.8980910E-1 7.1761780E-3
3.9989850E-1 8.5791180E-3
4.0991930E-1 1.0236860E-2
4.1996240E-1 1.2129950E-2
4.2997170E-1 1.3940920E-2
4.3987850E-1 1.6048490E-2
4.4993350E-1 1.8265560E-2
4.5993140E-1 2.0612970E-2
4.6990680E-1 2.2990510E-2
4.7995000E-1 2.5327500E-2
4.8997070E-1 2.8014390E-2
4.9999140E-1 3.0686810E-2
