-8.9927670E-2 -5.8791750E-4
-6.0060980E-2 -4.6132000E-4
-2.9874800E-2 -3.3484420E-4
1.8805270E-5 -2.0807270E-4
1.0014180E-2 -1.6549280E-4
1.9997750E-2 -1.2246640E-4
3.0007360E-2 -7.8811620E-5
4.0016170E-2 -3.5020600E-5
5.0024990E-2 8.2133870E-6
5.9965610E-2 5.2235310E-5
6.9997310E-2 9.6708520E-5
8.0017570E-2 1.4077450E-4
8.9992520E-2 1.8649250E-4
1.0001280E-1 2.3228560E-4
1.0999870E-1 2.7919230E-4
1.1999650E-1 3.2583790E-4
1.2997100E-1 3.7414790E-4
1.4000270E-1 4.2336810E-4
1.5001200E-1 4.7540080E-4
1.5998650E-1 5.2889510E-4
1.7000680E-1 5.8541030E-4
1.7998170E-1 6.4457560E-4
1.8999050E-1 7.0769550E-4
1.9998790E-1 7.7667250E-4
2.0998570E-1 8.5236430E-4
2.1997450E-1 9.3791420E-4
2.2992660E-1 1.0312870E-3
2.3996970E-1 1.1394360E-3
2.4992180E-1 1.2643690E-3
2.5996490E-1 1.4114960E-3
2.6997380E-1 1.5823820E-3
2.7996020E-1 1.7859510E-3
2.8996900E-1 2.0268350E-3
2.9995540E-1 2.3231770E-3
3.0994130E-1 2.6750300E-3
3.1993910E-1 3.1013450E-3
3.2997080E-1 3.5949390E-3
3.3996820E-1 4.1850690E-3
3.4996600E-1 4.8708730E-3
3.5997490E-1 5.6788850E-3
3.6996130E-1 6.5928830E-3
3.8000440E-1 7.6326240E-3
3.8995650E-1 8.7711080E-3
3.9995380E-1 1.0020210E-2
4.0999700E-1 1.1407730E-2
4.1996050E-1 1.2882050E-2
4.2999220E-1 1.4450240E-2
4.3995570E-1 1.6129060E-2
4.4998740E-1 1.7879130E-2
4.5995090E-1 1.9721900E-2
4.6999410E-1 2.1602320E-2
4.8000290E-1 2.3537770E-2
4.9000070E-1 2.5553170E-2
5.0003240E-1 2.7613180E-2
5.0997300E-1 2.9737490E-2
5.2002760E-1 3.1876270E-2
