5.010E-2 4.387E+0
5.210E-2 5.415E+0
5.410E-2 6.444E+0
5.610E-2 7.477E+0
5.810E-2 8.516E+0
6.010E-2 9.562E+0
6.210E-2 1.062E+1
6.410E-2 1.162E+1
6.610E-2 1.246E+1
6.810E-2 1.301E+1
7.010E-2 1.317E+1
7.210E-2 1.283E+1
7.410E-2 1.196E+1
7.610E-2 1.056E+1
7.810E-2 8.610E+0
8.010E-2 6.114E+0
8.210E-2 3.228E+0
8.410E-2 2.684E-1
8.610E-2 -2.442E+0
8.810E-2 -4.581E+0
9.010E-2 -5.835E+0
9.210E-2 -6.139E+0
9.410E-2 -5.674E+0
9.610E-2 -4.627E+0
9.810E-2 -3.188E+0
1.001E-1 -1.546E+0
1.021E-1 1.080E-1
1.041E-1 1.575E+0
1.061E-1 2.643E+0
1.081E-1 3.101E+0
1.101E-1 2.737E+0
1.121E-1 1.428E+0
1.141E-1 -6.012E-1
1.161E-1 -3.044E+0
1.181E-1 -5.593E+0
1.201E-1 -7.941E+0
1.221E-1 -9.785E+0
1.241E-1 -1.091E+1
1.261E-1 -1.118E+1
1.281E-1 -1.047E+1
1.301E-1 -8.656E+0
1.321E-1 -5.622E+0
1.341E-1 -1.600E+0
1.361E-1 2.846E+0
1.381E-1 7.142E+0
1.401E-1 1.072E+1
1.421E-1 1.328E+1
1.441E-1 1.475E+1
1.461E-1 1.507E+1
1.481E-1 1.419E+1
1.501E-1 1.206E+1
1.521E-1 8.622E+0
1.541E-1 4.116E+0
1.561E-1 -9.726E-1
1.581E-1 -6.146E+0
1.601E-1 -1.091E+1
1.621E-1 -1.477E+1
1.641E-1 -1.742E+1
1.661E-1 -1.874E+1
1.681E-1 -1.859E+1
1.701E-1 -1.687E+1
1.721E-1 -1.377E+1
1.741E-1 -9.740E+0
1.761E-1 -5.262E+0
1.781E-1 -8.058E-1
1.801E-1 3.164E+0
1.821E-1 6.364E+0
1.841E-1 8.670E+0
1.861E-1 9.967E+0
1.881E-1 1.014E+1
1.901E-1 9.074E+0
1.921E-1 6.897E+0
1.941E-1 3.918E+0
1.961E-1 4.564E-1
1.981E-1 -3.168E+0
2.001E-1 -6.639E+0
2.021E-1 -9.706E+0
2.041E-1 -1.218E+1
2.061E-1 -1.386E+1
2.081E-1 -1.456E+1
2.101E-1 -1.409E+1
2.121E-1 -1.237E+1
2.141E-1 -9.734E+0
2.161E-1 -6.568E+0
2.181E-1 -3.274E+0
2.201E-1 -2.400E-1
2.221E-1 2.336E+0
2.241E-1 4.412E+0
2.261E-1 5.951E+0
2.281E-1 6.916E+0
2.301E-1 7.269E+0
2.321E-1 6.985E+0
2.341E-1 6.186E+0
2.361E-1 5.115E+0
2.381E-1 4.014E+0
2.401E-1 3.114E+0
2.421E-1 2.430E+0
2.441E-1 1.823E+0
2.461E-1 1.147E+0
2.481E-1 2.587E-1
2.501E-1 -9.872E-1
2.521E-1 -2.629E+0
2.541E-1 -4.429E+0
2.561E-1 -6.106E+0
2.581E-1 -7.377E+0
2.601E-1 -7.979E+0
2.621E-1 -7.853E+0
2.641E-1 -7.071E+0
2.661E-1 -5.710E+0
2.681E-1 -3.844E+0
2.701E-1 -1.549E+0
2.721E-1 1.088E+0
2.741E-1 3.876E+0
2.761E-1 6.559E+0
2.781E-1 8.884E+0
2.801E-1 1.062E+1
2.821E-1 1.171E+1
2.841E-1 1.219E+1
2.861E-1 1.211E+1
2.881E-1 1.149E+1
2.901E-1 1.038E+1
2.921E-1 8.816E+0
2.941E-1 6.810E+0
2.961E-1 4.389E+0
2.981E-1 1.574E+0
3.001E-1 -1.576E+0
3.021E-1 -4.794E+0
3.041E-1 -7.745E+0
3.061E-1 -1.009E+1
3.081E-1 -1.150E+1
3.101E-1 -1.165E+1
3.121E-1 -1.044E+1
3.141E-1 -8.052E+0
3.161E-1 -4.658E+0
3.181E-1 -4.424E-1
3.201E-1 4.397E+0
3.221E-1 9.423E+0
3.241E-1 1.402E+1
3.261E-1 1.758E+1
3.281E-1 1.949E+1
3.301E-1 1.924E+1
3.321E-1 1.707E+1
3.341E-1 1.347E+1
3.361E-1 8.948E+0
3.381E-1 3.992E+0
3.401E-1 -9.041E-1
3.421E-1 -5.317E+0
3.441E-1 -8.874E+0
3.461E-1 -1.121E+1
3.481E-1 -1.199E+1
3.501E-1 -1.135E+1
3.521E-1 -9.619E+0
3.541E-1 -7.142E+0
3.561E-1 -4.259E+0
