-9.0064530E-2 -4.1619220E-6
-5.9958460E-2 -2.8056800E-6
-3.0034540E-2 -1.4429080E-6
-1.5670060E-4 -1.8062990E-9
9.9906030E-3 4.6159740E-7
1.9748000E-2 9.2956790E-7
3.0007360E-2 1.4094310E-6
3.9936540E-2 1.9937980E-6
4.9979690E-2 2.5344850E-6
5.9965610E-2 3.1800260E-6
7.0020200E-2 3.7294630E-6
8.0006120E-2 4.3906620E-6
8.9992520E-2 5.0103390E-6
9.9978450E-2 5.8575370E-6
1.0996480E-1 6.7381420E-6
1.2007620E-1 7.9427550E-6
1.2997100E-1 9.1509210E-6
1.3999130E-1 1.0640000E-5
1.4998910E-1 1.2858610E-5
1.5998650E-1 1.5200170E-5
1.7000680E-1 1.8504320E-5
1.7995880E-1 2.2193500E-5
1.8997910E-1 2.8051440E-5
1.9997640E-1 3.5298190E-5
2.1003100E-1 4.6671350E-5
2.1991730E-1 5.9524360E-5
2.2991510E-1 7.6638350E-5
2.3999210E-1 1.0256880E-4
2.4994420E-1 1.3945250E-4
2.5994210E-1 1.8447430E-4
2.6996230E-1 2.4823820E-4
2.7995970E-1 3.2937530E-4
2.8995750E-1 4.4422640E-4
2.9987530E-1 5.9912450E-4
3.0988410E-1 7.9781490E-4
3.1995010E-1 1.0286420E-3
3.2994790E-1 1.3649650E-3
3.3993390E-1 1.7543120E-3
3.4996600E-1 2.2856850E-3
3.5997490E-1 2.8420330E-3
3.6998370E-1 3.5143350E-3
3.7997010E-1 4.2361780E-3
3.8993360E-1 5.1002260E-3
3.9989660E-1 6.0522370E-3
4.0998550E-1 7.0714080E-3
4.1992620E-1 8.1511340E-3
4.2998080E-1 9.2334670E-3
4.3993280E-1 1.0485120E-2
4.4999890E-1 1.1790080E-2
4.5997330E-1 1.3074980E-2
4.7001700E-1 1.4455470E-2
4.8001430E-1 1.5897930E-2
4.8997780E-1 1.7335180E-2
4.9999810E-1 1.8811240E-2
5.0997300E-1 2.0206790E-2
5.2002760E-1 2.1817830E-2
5.2996830E-1 2.3381950E-2
5.4002290E-1 2.5148240E-2
5.5000880E-1 2.6642860E-2
5.5999520E-1 2.8285180E-2
5.7007270E-1 2.9740390E-2
5.8000180E-1 3.1528120E-2
