0.000E+0 0
1.000E-2 9.60191452E-13
2.000E-2 2.31138313E-12
3.000E-2 4.21342325E-12
4.000E-2 6.89149278E-12
5.000E-2 1.06628059E-11
6.000E-2 1.59742323E-11
7.000E-2 2.34553193E-11
8.000E-2 3.39930355E-11
9.000E-2 4.88371636E-11
1.000E-1 6.97489517E-11
1.100E-1 9.92108414E-11
1.200E-1 1.40722448E-10
1.300E-1 1.99218368E-10
1.400E-1 2.81658085E-10
1.500E-1 3.97858987E-10
1.600E-1 5.61672839E-10
1.700E-1 7.92647404E-10
1.800E-1 1.1183734E-9
1.900E-1 1.57779941E-9
2.000E-1 2.22591391E-9
2.100E-1 3.14035774E-9
2.200E-1 4.43076238E-9
2.300E-1 6.25193551E-9
2.400E-1 8.82247555E-9
2.500E-1 1.24510425E-8
2.600E-1 1.75734187E-8
2.700E-1 2.48047598E-8
2.800E-1 3.50131988E-8
2.900E-1 4.94234046E-8
3.000E-1 6.9762039E-8
3.100E-1 9.84615795E-8
3.200E-1 1.3894499E-7
3.300E-1 1.96021514E-7
3.400E-1 2.76433584E-7
3.500E-1 3.89606395E-7
3.600E-1 5.48664437E-7
3.700E-1 7.71792419E-7
3.800E-1 1.08403166E-6
3.900E-1 1.51962239E-6
4.000E-1 2.12504711E-6
4.100E-1 2.9630464E-6
4.200E-1 4.11814139E-6
4.300E-1 5.70466532E-6
4.400E-1 7.87890065E-6
4.500E-1 1.08573134E-5
