0.000E+0 -0.158977893
1.000E-2 -0.158969828
2.000E-2 -0.158961517
3.000E-2 -0.158952879
4.000E-2 -0.158943802
5.000E-2 -0.158934128
6.000E-2 -0.158923635
7.000E-2 -0.158912011
8.000E-2 -0.158898821
9.000E-2 -0.15888345
1.000E-1 -0.158865033
1.100E-1 -0.158842352
1.200E-1 -0.15881369
1.300E-1 -0.158776625
1.400E-1 -0.158727733
1.500E-1 -0.158662167
1.600E-1 -0.158573068
1.700E-1 -0.158450702
1.800E-1 -0.158281258
1.900E-1 -0.158045107
2.000E-1 -0.157714342
2.100E-1 -0.157249251
2.200E-1 -0.1565933
2.300E-1 -0.155665962
2.400E-1 -0.154352495
2.500E-1 -0.152489356
2.600E-1 -0.149843374
2.700E-1 -0.146082046
2.800E-1 -0.140731132
2.900E-1 -0.133114141
3.000E-1 -0.122265975
3.100E-1 -0.106809702
3.200E-1 -0.0847807401
3.300E-1 -0.0533760753
3.400E-1 -0.00859666441
3.500E-1 0.0552622078
