-8.9995380E-2 -4.2494340E-6
-6.0003760E-2 -2.9302250E-6
-2.9988770E-2 -1.4792220E-6
-3.9577480E-4 -3.9688600E-8
1.0057660E-2 4.6676470E-7
2.0154240E-2 9.8172520E-7
3.0064110E-2 1.4814980E-6
3.9970400E-2 2.0114040E-6
4.9956800E-2 2.5553840E-6
5.9942720E-2 3.0717240E-6
6.9962980E-2 3.7111750E-6
7.9994680E-2 4.3517670E-6
8.9992050E-2 5.1224420E-6
1.0002370E-1 5.8419570E-6
1.1000970E-1 6.7358690E-6
1.1997270E-1 7.6528580E-6
1.2991330E-1 8.9068440E-6
1.3999080E-1 1.0334780E-5
1.5002200E-1 1.2050750E-5
1.5995120E-1 1.4416630E-5
1.7001720E-1 1.7271930E-5
1.8004890E-1 2.1439480E-5
1.9005780E-1 2.6201990E-5
1.9999790E-1 3.2938970E-5
2.0993850E-1 4.0890210E-5
2.1996120E-1 5.3421860E-5
2.2993560E-1 7.0201120E-5
2.4002460E-1 9.1964350E-5
2.5004480E-1 1.1950360E-4
2.5990530E-1 1.6123730E-4
2.6994850E-1 2.1585590E-4
2.7995730E-1 2.9468420E-4
2.8994370E-1 3.9473620E-4
3.0003210E-1 5.3056070E-4
3.0994990E-1 7.0904100E-4
3.2006170E-1 9.5039140E-4
3.2996800E-1 1.2701530E-3
3.3999970E-1 1.6760100E-3
3.4994030E-1 2.1361060E-3
3.5993770E-1 2.7640130E-3
3.6991210E-1 3.4887490E-3
3.8001250E-1 4.3874420E-3
3.8995310E-1 5.3554960E-3
4.0000720E-1 6.4499900E-3
4.0997080E-1 7.6672140E-3
4.1994520E-1 9.0079790E-3
4.2994310E-1 1.0401410E-2
4.3992900E-1 1.1978250E-2
4.4994930E-1 1.3588130E-2
4.5994710E-1 1.5351520E-2
4.6993300E-1 1.7087670E-2
4.7999910E-1 1.8877710E-2
4.9005320E-1 2.0766790E-2
5.0003960E-1 2.2706880E-2
5.0996880E-1 2.4813790E-2
5.2002330E-1 2.6764290E-2
5.2998640E-1 2.8817330E-2
5.4000660E-1 3.0755650E-2
