5.000E-2 1.935E+1
5.200E-2 1.884E+1
5.400E-2 1.834E+1
5.600E-2 1.785E+1
5.800E-2 1.738E+1
6.000E-2 1.692E+1
6.200E-2 1.648E+1
6.400E-2 1.604E+1
6.600E-2 1.562E+1
6.800E-2 1.520E+1
7.000E-2 1.480E+1
7.200E-2 1.440E+1
7.400E-2 1.402E+1
7.600E-2 1.364E+1
7.800E-2 1.328E+1
8.000E-2 1.293E+1
8.200E-2 1.259E+1
8.400E-2 1.226E+1
8.600E-2 1.193E+1
8.800E-2 1.161E+1
9.000E-2 1.129E+1
9.200E-2 1.097E+1
9.400E-2 1.065E+1
9.600E-2 1.034E+1
9.800E-2 1.005E+1
1.000E-1 9.781E+0
1.020E-1 9.544E+0
1.040E-1 9.332E+0
1.060E-1 9.135E+0
1.080E-1 8.945E+0
1.100E-1 8.756E+0
1.120E-1 8.558E+0
1.140E-1 8.348E+0
1.160E-1 8.122E+0
1.180E-1 7.875E+0
1.200E-1 7.604E+0
1.220E-1 7.313E+0
1.240E-1 7.018E+0
1.260E-1 6.731E+0
1.280E-1 6.468E+0
1.300E-1 6.242E+0
1.320E-1 6.056E+0
1.340E-1 5.901E+0
1.360E-1 5.768E+0
1.380E-1 5.650E+0
1.400E-1 5.536E+0
1.420E-1 5.420E+0
1.440E-1 5.299E+0
1.460E-1 5.173E+0
1.480E-1 5.040E+0
1.500E-1 4.899E+0
1.520E-1 4.750E+0
1.540E-1 4.595E+0
1.560E-1 4.435E+0
1.580E-1 4.273E+0
1.600E-1 4.109E+0
1.620E-1 3.947E+0
1.640E-1 3.789E+0
1.660E-1 3.638E+0
1.680E-1 3.496E+0
1.700E-1 3.365E+0
1.720E-1 3.249E+0
1.740E-1 3.143E+0
1.760E-1 3.046E+0
1.780E-1 2.952E+0
1.800E-1 2.858E+0
1.820E-1 2.762E+0
1.840E-1 2.660E+0
1.860E-1 2.550E+0
1.880E-1 2.430E+0
1.900E-1 2.298E+0
1.920E-1 2.154E+0
1.940E-1 2.002E+0
1.960E-1 1.849E+0
1.980E-1 1.699E+0
2.000E-1 1.560E+0
2.020E-1 1.435E+0
2.040E-1 1.321E+0
2.060E-1 1.213E+0
2.080E-1 1.106E+0
2.100E-1 9.952E-1
2.120E-1 8.770E-1
2.140E-1 7.528E-1
2.160E-1 6.259E-1
2.180E-1 4.992E-1
2.200E-1 3.758E-1
2.220E-1 2.577E-1
2.240E-1 1.423E-1
2.260E-1 2.634E-2
2.280E-1 -9.389E-2
2.300E-1 -2.218E-1
2.320E-1 -3.601E-1
2.340E-1 -5.073E-1
2.360E-1 -6.613E-1
2.380E-1 -8.197E-1
2.400E-1 -9.803E-1
2.420E-1 -1.141E+0
2.440E-1 -1.299E+0
2.460E-1 -1.453E+0
2.480E-1 -1.601E+0
2.500E-1 -1.740E+0
2.520E-1 -1.870E+0
2.540E-1 -1.997E+0
2.560E-1 -2.127E+0
2.580E-1 -2.266E+0
2.600E-1 -2.423E+0
2.620E-1 -2.603E+0
2.640E-1 -2.808E+0
2.660E-1 -3.033E+0
2.680E-1 -3.274E+0
2.700E-1 -3.527E+0
2.720E-1 -3.788E+0
2.740E-1 -4.048E+0
2.760E-1 -4.297E+0
2.780E-1 -4.524E+0
2.800E-1 -4.718E+0
2.820E-1 -4.874E+0
2.840E-1 -5.004E+0
2.860E-1 -5.126E+0
2.880E-1 -5.257E+0
2.900E-1 -5.415E+0
2.920E-1 -5.612E+0
2.940E-1 -5.845E+0
2.960E-1 -6.105E+0
2.980E-1 -6.384E+0
3.000E-1 -6.673E+0
3.020E-1 -6.963E+0
3.040E-1 -7.247E+0
3.060E-1 -7.515E+0
3.080E-1 -7.759E+0
3.100E-1 -7.970E+0
3.120E-1 -8.144E+0
3.140E-1 -8.292E+0
3.160E-1 -8.433E+0
3.180E-1 -8.582E+0
3.200E-1 -8.755E+0
3.220E-1 -8.962E+0
3.240E-1 -9.188E+0
3.260E-1 -9.411E+0
3.280E-1 -9.608E+0
3.300E-1 -9.757E+0
3.320E-1 -9.843E+0
3.340E-1 -9.882E+0
3.360E-1 -9.894E+0
3.380E-1 -9.904E+0
3.400E-1 -9.933E+0
3.420E-1 -9.999E+0
3.440E-1 -1.010E+1
3.460E-1 -1.023E+1
3.480E-1 -1.038E+1
3.500E-1 -1.055E+1
3.520E-1 -1.072E+1
3.540E-1 -1.089E+1
3.560E-1 -1.101E+1
3.580E-1 -1.108E+1
3.600E-1 -1.104E+1
3.620E-1 -1.090E+1
3.640E-1 -1.068E+1
3.660E-1 -1.043E+1
3.680E-1 -1.018E+1
3.700E-1 -9.989E+0
3.720E-1 -9.884E+0
3.740E-1 -9.848E+0
3.760E-1 -9.851E+0
3.780E-1 -9.865E+0
3.800E-1 -9.859E+0
3.820E-1 -9.805E+0
3.840E-1 -9.694E+0
3.860E-1 -9.535E+0
3.880E-1 -9.341E+0
3.900E-1 -9.121E+0
3.920E-1 -8.887E+0
3.940E-1 -8.651E+0
3.960E-1 -8.424E+0
3.980E-1 -8.220E+0
4.000E-1 -8.050E+0
4.020E-1 -7.925E+0
4.040E-1 -7.836E+0
4.060E-1 -7.753E+0
4.080E-1 -7.643E+0
4.100E-1 -7.475E+0
4.120E-1 -7.228E+0
4.140E-1 -6.922E+0
4.160E-1 -6.589E+0
4.180E-1 -6.258E+0
4.200E-1 -5.960E+0
4.220E-1 -5.719E+0
4.240E-1 -5.530E+0
4.260E-1 -5.380E+0
4.280E-1 -5.256E+0
4.300E-1 -5.147E+0
4.320E-1 -5.039E+0
4.340E-1 -4.925E+0
4.360E-1 -4.802E+0
4.380E-1 -4.666E+0
4.400E-1 -4.514E+0
4.420E-1 -4.344E+0
4.440E-1 -4.163E+0
4.460E-1 -3.979E+0
4.480E-1 -3.801E+0
4.500E-1 -3.636E+0
4.520E-1 -3.492E+0
4.540E-1 -3.365E+0
4.560E-1 -3.252E+0
4.580E-1 -3.147E+0
