-9.0068820E-2 -1.8511290E-4
-5.9949870E-2 -1.8368070E-4
-3.0001640E-2 -1.8192930E-4
-5.7756900E-5 -1.8042750E-4
1.0160710E-2 -1.7971420E-4
2.0059970E-2 -1.7905890E-4
2.9940610E-2 -1.7850790E-4
3.9995670E-2 -1.7791070E-4
5.0004960E-2 -1.7729600E-4
5.9946060E-2 -1.7655940E-4
6.9989680E-2 -1.7582880E-4
8.0033300E-2 -1.7510390E-4
8.9985370E-2 -1.7412970E-4
1.0001750E-1 -1.7306850E-4
1.1001590E-1 -1.7201890E-4
1.2002520E-1 -1.7047060E-4
1.2992050E-1 -1.6903240E-4
1.3992980E-1 -1.6702600E-4
1.5000770E-1 -1.6477010E-4
1.5998320E-1 -1.6155160E-4
1.7002680E-1 -1.5816500E-4
1.8001320E-1 -1.5323590E-4
1.9006820E-1 -1.4772100E-4
1.9997500E-1 -1.3910960E-4
2.0997330E-1 -1.2811460E-4
2.2003030E-1 -1.1230660E-4
2.2999430E-1 -9.2323150E-5
2.3992400E-1 -6.5105390E-5
2.4986510E-1 -3.1457060E-5
2.5996590E-1 2.0275680E-5
2.7000950E-1 8.7495020E-5
2.7988200E-1 1.8331200E-4
2.9003950E-1 3.0926850E-4
2.9988960E-1 4.7445580E-4
3.1000190E-1 7.0495810E-4
3.1994300E-1 1.0196580E-3
3.3002040E-1 1.4155040E-3
3.3991620E-1 1.8719170E-3
3.5001660E-1 2.5202020E-3
3.5988950E-1 3.2861230E-3
3.6997890E-1 4.2597970E-3
3.7994240E-1 5.3528450E-3
3.8994070E-1 6.5978370E-3
3.9989330E-1 8.0418880E-3
4.0998270E-1 9.6714370E-3
4.1988950E-1 1.1392650E-2
4.2997880E-1 1.3392510E-2
4.3993090E-1 1.5452610E-2
4.4989490E-1 1.7718370E-2
4.5999570E-1 2.0020650E-2
4.7001650E-1 2.2337970E-2
4.8010590E-1 2.4885300E-2
4.8997830E-1 2.7525890E-2
5.0001100E-1 3.0442250E-2
