0.000E+0 -0.124276886
1.000E-2 -0.124275376
2.000E-2 -0.124273856
3.000E-2 -0.124272324
4.000E-2 -0.124270777
5.000E-2 -0.124269213
6.000E-2 -0.124267626
7.000E-2 -0.12426601
8.000E-2 -0.124264355
9.000E-2 -0.124262646
1.000E-1 -0.124260863
1.100E-1 -0.124258976
1.200E-1 -0.124256941
1.300E-1 -0.124254695
1.400E-1 -0.124252149
1.500E-1 -0.124249168
1.600E-1 -0.124245562
1.700E-1 -0.124241053
1.800E-1 -0.124235236
1.900E-1 -0.124227524
2.000E-1 -0.124217066
2.100E-1 -0.124202626
2.200E-1 -0.124182406
2.300E-1 -0.124153799
2.400E-1 -0.124113016
2.500E-1 -0.124054553
2.600E-1 -0.123970418
2.700E-1 -0.123848999
2.800E-1 -0.123673432
2.900E-1 -0.123419216
3.000E-1 -0.123050762
3.100E-1 -0.122516368
3.200E-1 -0.121740927
3.300E-1 -0.120615329
3.400E-1 -0.118981062
3.500E-1 -0.116607846
3.600E-1 -0.113161135
3.700E-1 -0.108154903
3.800E-1 -0.100883056
3.900E-1 -0.0903197813
4.000E-1 -0.0749747863
4.100E-1 -0.0526829965
4.200E-1 -0.0202990675
4.300E-1 0.0267463567
