-9.0167050E-2 -4.2187880E-6
-5.9958460E-2 -2.8132870E-6
-2.9988770E-2 -1.4387260E-6
-5.9250000E-4 -2.7530970E-9
9.8940130E-3 5.0046150E-7
2.0026000E-2 1.0042100E-6
2.9962060E-2 1.5133970E-6
4.0005210E-2 2.0514850E-6
5.0002570E-2 2.5919200E-6
5.9943200E-2 3.1724810E-6
7.0100310E-2 3.7616660E-6
8.0029490E-2 4.4436580E-6
8.9970110E-2 5.1191860E-6
9.9967480E-2 5.8913250E-6
1.0994240E-1 6.6750650E-6
1.2009950E-1 7.7500370E-6
1.2999440E-1 8.9388670E-6
1.3998030E-1 1.0374990E-5
1.5003490E-1 1.2180740E-5
1.6004370E-1 1.4424860E-5
1.7000720E-1 1.7544040E-5
1.8002750E-1 2.1134650E-5
1.9002490E-1 2.6090290E-5
1.9994260E-1 3.1960400E-5
2.0992900E-1 4.1153210E-5
2.1988300E-1 5.2723550E-5
2.2992610E-1 6.9999300E-5
2.3998070E-1 9.1312730E-5
2.4992130E-1 1.1992780E-4
2.5991920E-1 1.5924380E-4
2.6997380E-1 2.2074600E-4
2.7994820E-1 2.9192050E-4
2.8999140E-1 3.9600930E-4
2.9984090E-1 5.1731480E-4
3.0994130E-1 7.0599070E-4
3.1980180E-1 9.4011190E-4
3.2997040E-1 1.2699310E-3
3.4000250E-1 1.6265940E-3
3.4994320E-1 2.1579100E-3
3.5998630E-1 2.7639200E-3
3.6990400E-1 3.5921560E-3
3.7992430E-1 4.4216660E-3
3.8997890E-1 5.4482540E-3
3.9986230E-1 6.4654560E-3
4.0996270E-1 7.7798660E-3
4.1983510E-1 9.1136900E-3
4.3010620E-1 1.0623370E-2
4.3985270E-1 1.2190390E-2
4.5002130E-1 1.4012870E-2
4.5991660E-1 1.5695750E-2
4.6998260E-1 1.7532140E-2
4.7992320E-1 1.9219650E-2
4.9001170E-1 2.1253000E-2
4.9997520E-1 2.3208740E-2
5.0990440E-1 2.5425150E-2
5.2003860E-1 2.7448650E-2
5.2997920E-1 2.9578760E-2
5.3998850E-1 3.1661940E-2
