0.000E+0 -0.317849022
1.000E-2 -0.317845237
2.000E-2 -0.317841413
3.000E-2 -0.31783754
4.000E-2 -0.317833609
5.000E-2 -0.317829607
6.000E-2 -0.317825515
7.000E-2 -0.317821308
8.000E-2 -0.317816946
9.000E-2 -0.317812378
1.000E-1 -0.317807526
1.100E-1 -0.317802279
1.200E-1 -0.317796481
1.300E-1 -0.317789904
1.400E-1 -0.317782222
1.500E-1 -0.317772966
1.600E-1 -0.317761462
1.700E-1 -0.317746738
1.800E-1 -0.317727394
1.900E-1 -0.317701412
2.000E-1 -0.317665881
2.100E-1 -0.317616605
2.200E-1 -0.317547527
2.300E-1 -0.317449909
2.400E-1 -0.317311139
2.500E-1 -0.317113013
2.600E-1 -0.316829253
2.700E-1 -0.316421919
2.800E-1 -0.315836236
2.900E-1 -0.314993115
3.000E-1 -0.313778355
3.100E-1 -0.312027049
3.200E-1 -0.309501068
3.300E-1 -0.305856539
3.400E-1 -0.300596882
3.500E-1 -0.29300501
3.600E-1 -0.282045422
3.700E-1 -0.266222893
3.800E-1 -0.24337851
3.900E-1 -0.210395432
4.000E-1 -0.162774575
4.100E-1 -0.0940231883
4.200E-1 0.00522530167
