-9.0020180E-2 -4.5570670E-6
-5.9981820E-2 -3.0973420E-6
-3.0012130E-2 -1.5813240E-6
9.9271540E-3 5.4122820E-7
2.0042810E-2 1.1533380E-6
2.9996400E-2 1.6646830E-6
4.0028100E-2 2.2867150E-6
5.0003050E-2 2.8613900E-6
5.9978010E-2 3.5356610E-6
6.9930080E-2 4.2298360E-6
7.9996110E-2 5.0208800E-6
8.9982510E-2 5.8467270E-6
1.0000280E-1 6.7799660E-6
1.0993240E-1 7.8764460E-6
1.2003280E-1 9.1515100E-6
1.2997340E-1 1.0745130E-5
1.3999370E-1 1.2547430E-5
1.5001440E-1 1.4970200E-5
1.5996650E-1 1.8005330E-5
1.7002110E-1 2.1872020E-5
1.7996170E-1 2.6852690E-5
1.9000480E-1 3.3087070E-5
1.9993450E-1 4.2182610E-5
2.1001200E-1 5.4170650E-5
2.2003510E-1 7.1800420E-5
2.2994140E-1 9.2756400E-5
2.3997350E-1 1.2183770E-4
2.4993710E-1 1.6219820E-4
2.5993490E-1 2.2425220E-4
2.6992130E-1 2.9604280E-4
2.7995300E-1 4.0015040E-4
2.8990510E-1 5.2273950E-4
2.9992580E-1 7.1762920E-4
3.0987790E-1 9.5624850E-4
3.1994390E-1 1.2930150E-3
3.2995320E-1 1.6667790E-3
3.3997390E-1 2.2165890E-3
3.4998320E-1 2.8589420E-3
3.5999200E-1 3.7328550E-3
3.6994410E-1 4.6045050E-3
3.7999920E-1 5.7035460E-3
3.8989400E-1 6.7971960E-3
3.9992620E-1 8.2458950E-3
4.0991260E-1 9.7324900E-3
4.1995570E-1 1.1412550E-2
4.2999940E-1 1.3180030E-2
4.3997430E-1 1.5288160E-2
4.4996070E-1 1.7153550E-2
4.5995810E-1 1.9298750E-2
4.6999030E-1 2.1259140E-2
4.8001100E-1 2.3661550E-2
4.8998590E-1 2.5965480E-2
5.0000620E-1 2.8627430E-2
5.0996970E-1 3.1001450E-2
