0.000E+0 0
1.000E-2 1.27766878E-13
2.000E-2 3.09245101E-13
3.000E-2 5.67158658E-13
4.000E-2 9.33844372E-13
5.000E-2 1.4553189E-12
6.000E-2 2.19706807E-12
7.000E-2 3.25228985E-12
8.000E-2 4.75363347E-12
9.000E-2 6.88992293E-12
1.000E-1 9.92998833E-12
1.100E-1 1.42566374E-11
1.200E-1 2.04150971E-11
1.300E-1 2.918211E-11
1.400E-1 4.16645159E-11
1.500E-1 5.94399303E-11
1.600E-1 8.47575256E-11
1.700E-1 1.20824618E-10
1.800E-1 1.7221575E-10
1.900E-1 2.45456614E-10
2.000E-1 3.49857531E-10
2.100E-1 4.9870301E-10
2.200E-1 7.10949278E-10
2.300E-1 1.01364621E-9
2.400E-1 1.44539164E-9
2.500E-1 2.06125591E-9
2.600E-1 2.93979765E-9
2.700E-1 4.19304914E-9
2.800E-1 5.98070829E-9
2.900E-1 8.53026864E-9
3.000E-1 1.21654886E-8
3.100E-1 1.73464856E-8
3.200E-1 2.47258572E-8
3.300E-1 3.52265368E-8
3.400E-1 5.01483787E-8
3.500E-1 7.13112865E-8
3.600E-1 1.01241489E-7
3.700E-1 1.43402724E-7
3.800E-1 2.02459925E-7
3.900E-1 2.84533642E-7
4.000E-1 3.97349037E-7
4.100E-1 5.50099183E-7
4.200E-1 7.5274306E-7
4.300E-1 1.0144128E-6
4.400E-1 1.34076114E-6
4.500E-1 1.7306242E-6
