0.000E+0 0
1.000E-2 4.75550012E-15
2.000E-2 1.15780122E-14
3.000E-2 2.13710507E-14
4.000E-2 3.54327887E-14
5.000E-2 5.56283531E-14
6.000E-2 8.46374103E-14
7.000E-2 1.26310059E-13
8.000E-2 1.86178619E-13
9.000E-2 2.72193963E-13
1.000E-1 3.95785485E-13
1.100E-1 5.73387796E-13
1.200E-1 8.286409E-13
1.300E-1 1.19556255E-12
1.400E-1 1.72312432E-12
1.500E-1 2.48185488E-12
1.600E-1 3.57337093E-12
1.700E-1 5.14413597E-12
1.800E-1 7.40532505E-12
1.900E-1 1.06615065E-11
2.000E-1 1.53520567E-11
2.100E-1 2.21109616E-11
2.200E-1 3.18531722E-11
2.300E-1 4.58993076E-11
2.400E-1 6.61557401E-11
2.500E-1 9.53746661E-11
2.600E-1 1.37529699E-10
2.700E-1 1.98358309E-10
2.800E-1 2.86145248E-10
2.900E-1 4.12854033E-10
3.000E-1 5.9576115E-10
3.100E-1 8.59816369E-10
3.200E-1 1.24105182E-9
3.300E-1 1.79150589E-9
3.400E-1 2.58633507E-9
3.500E-1 3.73408607E-9
3.600E-1 5.39153252E-9
3.700E-1 7.78510467E-9
3.800E-1 1.12418419E-8
3.900E-1 1.62340996E-8
4.000E-1 2.34441221E-8
4.100E-1 3.38573089E-8
4.200E-1 4.88969217E-8
4.300E-1 7.06186389E-8
4.400E-1 1.0199156E-7
4.500E-1 1.47303998E-7
