0.000E+0 0
1.000E-2 8.64320921E-14
2.000E-2 2.0947245E-13
3.000E-2 3.8474176E-13
4.000E-2 6.34520001E-13
5.000E-2 9.90583635E-13
6.000E-2 1.49825342E-12
7.000E-2 2.22217203E-12
8.000E-2 3.25455526E-12
9.000E-2 4.72698366E-12
1.000E-1 6.82726536E-12
1.100E-1 9.82356895E-12
1.200E-1 1.40989847E-11
1.300E-1 2.02010516E-11
1.400E-1 2.89127698E-11
1.500E-1 4.13544588E-11
1.600E-1 5.91299073E-11
1.700E-1 8.4536114E-11
1.800E-1 1.20864329E-10
1.900E-1 1.72832169E-10
2.000E-1 2.47203924E-10
2.100E-1 3.53681033E-10
2.200E-1 5.0618047E-10
2.300E-1 7.24670089E-10
2.400E-1 1.03780369E-9
2.500E-1 1.48670441E-9
2.600E-1 2.13039706E-9
2.700E-1 3.05360826E-9
2.800E-1 4.37796686E-9
2.900E-1 6.27808717E-9
3.000E-1 9.00466395E-9
3.100E-1 1.29176371E-8
3.200E-1 1.85338165E-8
3.300E-1 2.65952729E-8
3.400E-1 3.81675503E-8
3.500E-1 5.47807047E-8
3.600E-1 7.86300098E-8
3.700E-1 1.12871877E-7
3.800E-1 1.62037862E-7
3.900E-1 2.3263276E-7
4.000E-1 3.3399912E-7
4.100E-1 4.79553128E-7
4.200E-1 6.88560832E-7
4.300E-1 9.88688663E-7
4.400E-1 1.41966568E-6
4.500E-1 2.03854164E-6
