0.000E+0 0
1.000E-2 3.36638702E-16
2.000E-2 8.11917143E-16
3.000E-2 1.48464604E-15
4.000E-2 2.43844743E-15
5.000E-2 3.79215939E-15
6.000E-2 5.71458626E-15
7.000E-2 8.44541213E-15
8.000E-2 1.23248663E-14
9.000E-2 1.7835837E-14
1.000E-1 2.56637287E-14
1.100E-1 3.67816786E-14
1.200E-1 5.25721188E-14
1.300E-1 7.50005906E-14
1.400E-1 1.06864899E-13
1.500E-1 1.52153173E-13
1.600E-1 2.16559669E-13
1.700E-1 3.08229382E-13
1.800E-1 4.38834778E-13
1.900E-1 6.25134771E-13
2.000E-1 8.91233879E-13
2.100E-1 1.27185784E-12
2.200E-1 1.81710467E-12
2.300E-1 2.5993371E-12
2.400E-1 3.72318339E-12
2.500E-1 5.34005022E-12
2.600E-1 7.66918654E-12
2.700E-1 1.10282596E-11
2.800E-1 1.58777445E-11
2.900E-1 2.28853771E-11
3.000E-1 3.30197457E-11
3.100E-1 4.76862118E-11
3.200E-1 6.89243152E-11
3.300E-1 9.96945067E-11
3.400E-1 1.4429462E-10
3.500E-1 2.08964873E-10
3.600E-1 3.02766697E-10
3.700E-1 4.38859497E-10
3.800E-1 6.3635528E-10
3.900E-1 9.2301327E-10
4.000E-1 1.33915421E-9
4.100E-1 1.94334732E-9
4.200E-1 2.82067154E-9
4.300E-1 4.0947161E-9
4.400E-1 5.94501746E-9
4.500E-1 8.63237483E-9
4.600E-1 1.25356337E-8
4.700E-1 1.8205075E-8
4.800E-1 2.64399401E-8
4.900E-1 3.84009021E-8
5.000E-1 5.57731746E-8
5.100E-1 8.10028361E-8
5.200E-1 1.17638785E-7
5.300E-1 1.70826633E-7
5.400E-1 2.48020127E-7
5.500E-1 3.60001594E-7
5.600E-1 5.2233729E-7
5.700E-1 7.57434674E-7
5.800E-1 1.09741247E-6
5.900E-1 1.58802638E-6
6.000E-1 2.29387368E-6
6.100E-1 3.30495673E-6
6.200E-1 4.74427329E-6
