0.000E+0 0
1.000E-2 3.44231434E-16
2.000E-2 8.45350512E-16
3.000E-2 1.57562284E-15
4.000E-2 2.6404642E-15
5.000E-2 4.19357058E-15
6.000E-2 6.45893492E-15
7.000E-2 9.76289399E-15
8.000E-2 1.45808022E-14
9.000E-2 2.160507E-14
1.000E-1 3.18444685E-14
1.100E-1 4.67692944E-14
1.200E-1 6.85239466E-14
1.300E-1 1.00238813E-13
1.400E-1 1.4648872E-13
1.500E-1 2.13967988E-13
1.600E-1 3.12485877E-13
1.700E-1 4.56436174E-13
1.800E-1 6.66968495E-13
1.900E-1 9.7519806E-13
2.000E-1 1.42695218E-12
2.100E-1 2.08979054E-12
2.200E-1 3.06338999E-12
2.300E-1 4.49490817E-12
2.400E-1 6.60171539E-12
2.500E-1 9.70503235E-12
2.600E-1 1.42797111E-11
2.700E-1 2.10279133E-11
2.800E-1 3.09881679E-11
2.900E-1 4.56968075E-11
3.000E-1 6.7426955E-11
3.100E-1 9.95423336E-11
3.200E-1 1.47021089E-10
3.300E-1 2.17231345E-10
3.400E-1 3.21079511E-10
3.500E-1 4.74710515E-10
3.600E-1 7.02025327E-10
3.700E-1 1.03840866E-9
3.800E-1 1.53624865E-9
3.900E-1 2.27311008E-9
4.000E-1 3.3637706E-9
4.100E-1 4.97837374E-9
4.200E-1 7.36864606E-9
4.300E-1 1.09090991E-8
4.400E-1 1.61491075E-8
4.500E-1 2.3903493E-8
