-2.6000E-3 -2.8530E-3
1.7800E-2 -2.8020E-3
3.7900E-2 -2.7500E-3
5.8100E-2 -2.6960E-3
7.8200E-2 -2.6370E-3
9.8300E-2 -2.5740E-3
1.1850E-1 -2.5050E-3
1.3870E-1 -2.4290E-3
1.5880E-1 -2.3450E-3
1.7900E-1 -2.2540E-3
1.9910E-1 -2.1540E-3
2.1920E-1 -2.0440E-3
2.3940E-1 -1.9230E-3
2.5950E-1 -1.7900E-3
2.7950E-1 -1.6430E-3
2.9950E-1 -1.4780E-3
3.1950E-1 -1.2890E-3
3.3990E-1 -1.0640E-3
3.6010E-1 -7.8530E-4
3.8010E-1 -4.2200E-4
4.0030E-1 8.0440E-5
4.2050E-1 7.9000E-4
4.4070E-1 1.9370E-3
4.6060E-1 3.7010E-3
4.8080E-1 6.4720E-3
5.0090E-1 1.0671E-2
5.2100E-1 1.6700E-2
5.4100E-1 2.4820E-2
