-2.5000E-3 -2.8690E-3
1.7700E-2 -2.8180E-3
3.7900E-2 -2.7660E-3
5.8000E-2 -2.7110E-3
7.8100E-2 -2.6530E-3
9.8200E-2 -2.5900E-3
1.1840E-1 -2.5200E-3
1.3870E-1 -2.4440E-3
1.5870E-1 -2.3610E-3
1.7880E-1 -2.2700E-3
1.9900E-1 -2.1690E-3
2.1920E-1 -2.0590E-3
2.3930E-1 -1.9380E-3
2.5940E-1 -1.8050E-3
2.7950E-1 -1.6570E-3
2.9950E-1 -1.4910E-3
3.1960E-1 -1.3010E-3
3.3980E-1 -1.0740E-3
3.6000E-1 -7.9220E-4
3.8010E-1 -4.2190E-4
4.0020E-1 8.6720E-5
4.2010E-1 8.1000E-4
4.4050E-1 1.9480E-3
4.6070E-1 3.7030E-3
4.8070E-1 6.4470E-3
5.0090E-1 1.0633E-2
5.2100E-1 1.6610E-2
5.4090E-1 2.4700E-2
