-9.0042590E-2 -4.2538310E-4
-5.9970380E-2 -2.8468770E-4
-2.9989240E-2 -1.4322690E-4
8.0049040E-5 -3.7799170E-9
9.9636020E-3 4.8076210E-5
1.9861250E-2 9.3416140E-5
3.0019280E-2 1.4403490E-4
3.9982800E-2 1.9264080E-4
5.0003050E-2 2.4171660E-4
5.9989450E-2 2.9016030E-4
6.9986820E-2 3.3916650E-4
8.0007550E-2 3.8813190E-4
8.9993480E-2 4.3832110E-4
1.0000280E-1 4.8828990E-4
1.1000010E-1 5.3901830E-4
1.2002040E-1 5.8909160E-4
1.2997250E-1 6.4009270E-4
1.4001560E-1 6.9122110E-4
1.5000200E-1 7.4372390E-4
1.5998840E-1 7.9672550E-4
1.7002010E-1 8.5032450E-4
1.7994930E-1 9.0479320E-4
1.9000390E-1 9.5986510E-4
1.9996740E-1 1.0172620E-3
2.0997620E-1 1.0776720E-3
2.1998740E-1 1.1388660E-3
2.2995090E-1 1.2029560E-3
2.3997160E-1 1.2721440E-3
2.4991230E-1 1.3460270E-3
2.5994400E-1 1.4266910E-3
2.6994180E-1 1.5138420E-3
2.7996210E-1 1.6109050E-3
2.8997140E-1 1.7201940E-3
2.9995730E-1 1.8480250E-3
3.0996660E-1 1.9948070E-3
3.1996440E-1 2.1691140E-3
3.2996180E-1 2.3715240E-3
3.3999400E-1 2.6164670E-3
3.4994600E-1 2.9099710E-3
3.5998920E-1 3.2720850E-3
3.6995270E-1 3.7077910E-3
3.7998440E-1 4.2379520E-3
3.8994790E-1 4.8680720E-3
3.9995720E-1 5.6155360E-3
4.0998890E-1 6.5086220E-3
4.1996380E-1 7.5470400E-3
4.2999550E-1 8.7599960E-3
4.3994760E-1 1.0102230E-2
4.5003650E-1 1.1634930E-2
4.5987460E-1 1.3294070E-2
4.7010040E-1 1.5120630E-2
4.7993850E-1 1.7041030E-2
4.9003890E-1 1.9166510E-2
4.9999090E-1 2.1380050E-2
5.0998830E-1 2.3725670E-2
5.2002050E-1 2.6148330E-2
5.2999500E-1 2.8656750E-2
5.4002710E-1 3.1253200E-2
