-9.0080740E-2 -1.9976870E-4
-5.9961800E-2 -1.9821450E-4
-2.9990670E-2 -1.9670100E-4
-8.8363890E-5 -1.9542520E-4
1.0398720E-2 -1.9518170E-4
2.0298060E-2 -1.9455540E-4
3.0009270E-2 -1.9377250E-4
4.0087220E-2 -1.9338390E-4
4.9914360E-2 -1.9279820E-4
6.0037610E-2 -1.9203280E-4
6.9967270E-2 -1.9156300E-4
8.0045220E-2 -1.9096570E-4
8.9860920E-2 -1.9057140E-4
1.0016680E-1 -1.8958560E-4
1.0978890E-1 -1.8857070E-4
1.2003760E-1 -1.8748630E-4
1.2997870E-1 -1.8612350E-4
1.3991980E-1 -1.8455200E-4
1.5007730E-1 -1.8293980E-4
1.6001840E-1 -1.8060860E-4
1.7000530E-1 -1.7752940E-4
1.7995790E-1 -1.7370770E-4
1.9000150E-1 -1.6861620E-4
1.9993110E-1 -1.6250990E-4
2.0997480E-1 -1.5248910E-4
2.1996400E-1 -1.4060110E-4
2.2992800E-1 -1.2231080E-4
2.3998310E-1 -1.0019330E-4
2.4990130E-1 -6.9174550E-5
2.6017330E-1 -2.6923020E-5
2.6988600E-1 2.7430210E-5
2.7983860E-1 1.0443210E-4
2.8998520E-1 2.1773130E-4
3.0007460E-1 3.6769150E-4
3.0991320E-1 5.3909680E-4
3.1992240E-1 8.0371180E-4
3.2978390E-1 1.1536980E-3
3.3994200E-1 1.6003210E-3
3.4990550E-1 2.0725580E-3
3.5994960E-1 2.7916040E-3
3.6993650E-1 3.5897530E-3
3.7988900E-1 4.6819990E-3
3.8992120E-1 5.7689720E-3
4.0011310E-1 7.0880350E-3
4.0988350E-1 8.3845000E-3
4.2004110E-1 1.0017480E-2
4.2997070E-1 1.1611740E-2
4.3991180E-1 1.3575690E-2
4.4995590E-1 1.5458540E-2
4.5999960E-1 1.7748650E-2
4.6990630E-1 1.9768220E-2
4.8004150E-1 2.2058340E-2
4.9005080E-1 2.4131790E-2
5.0011730E-1 2.6580070E-2
5.0996730E-1 2.8994740E-2
5.2003380E-1 3.1567570E-2
