0.000E+0 0
1.000E-2 1.56261827E-14
2.000E-2 3.80292327E-14
3.000E-2 7.01664839E-14
4.000E-2 1.1628493E-13
5.000E-2 1.82483269E-13
6.000E-2 2.775191E-13
7.000E-2 4.13968566E-13
8.000E-2 6.0989299E-13
9.000E-2 8.91235365E-13
1.000E-1 1.29526818E-12
1.100E-1 1.87555679E-12
1.200E-1 2.70910877E-12
1.300E-1 3.90667792E-12
1.400E-1 5.62762228E-12
1.500E-1 8.10133805E-12
1.600E-1 1.16581895E-11
1.700E-1 1.6774152E-11
1.800E-1 2.41352586E-11
1.900E-1 3.4730642E-11
2.000E-1 4.99868709E-11
2.100E-1 7.19619147E-11
2.200E-1 1.03625215E-10
2.300E-1 1.49262104E-10
2.400E-1 2.15057801E-10
2.500E-1 3.09940743E-10
2.600E-1 4.4680047E-10
2.700E-1 6.44246441E-10
2.800E-1 9.29148113E-10
2.900E-1 1.34030339E-9
3.000E-1 1.93373674E-9
3.100E-1 2.79035102E-9
3.200E-1 4.02697879E-9
3.300E-1 5.81234313E-9
3.400E-1 8.39010907E-9
3.500E-1 1.21121748E-8
3.600E-1 1.74867496E-8
3.700E-1 2.52477827E-8
3.800E-1 3.64552173E-8
3.900E-1 5.26397374E-8
4.000E-1 7.60117191E-8
4.100E-1 1.09762793E-7
4.200E-1 1.58500908E-7
4.300E-1 2.28877704E-7
4.400E-1 3.30492566E-7
4.500E-1 4.77194191E-7
