0.000E+0 0
1.000E-2 4.69767072E-16
2.000E-2 1.15272677E-15
3.000E-2 2.14672917E-15
4.000E-2 3.59432717E-15
5.000E-2 5.70308186E-15
6.000E-2 8.77506108E-15
7.000E-2 1.3249705E-14
8.000E-2 1.97661539E-14
9.000E-2 2.92539625E-14
1.000E-1 4.30653057E-14
1.100E-1 6.31679775E-14
1.200E-1 9.24276841E-14
1.300E-1 1.35021805E-13
1.400E-1 1.97047109E-13
1.500E-1 2.87414037E-13
1.600E-1 4.19164827E-13
1.700E-1 6.11418794E-13
1.800E-1 8.92245736E-13
1.900E-1 1.30291278E-12
2.000E-1 1.90416337E-12
2.100E-1 2.78550295E-12
2.200E-1 4.07893308E-12
2.300E-1 5.97926778E-12
2.400E-1 8.77419046E-12
2.500E-1 1.28887269E-11
2.600E-1 1.89510561E-11
2.700E-1 2.78899073E-11
2.800E-1 4.10787172E-11
2.900E-1 6.05490113E-11
3.000E-1 8.93062775E-11
3.100E-1 1.31797582E-10
3.200E-1 1.94603862E-10
3.300E-1 2.87464878E-10
3.400E-1 4.24796601E-10
3.500E-1 6.27938576E-10
3.600E-1 9.28480007E-10
3.700E-1 1.37318606E-9
3.800E-1 2.03129138E-9
3.900E-1 3.00529954E-9
4.000E-1 4.44697204E-9
4.100E-1 6.58100792E-9
4.200E-1 9.74009791E-9
4.300E-1 1.44168145E-8
4.400E-1 2.13404586E-8
4.500E-1 3.15907662E-8
