-9.0032100E-2 -4.2726150E-6
-5.9970860E-2 -2.9357510E-6
-2.9966830E-2 -1.4332350E-6
1.1742120E-5 -4.0430310E-9
9.8788740E-3 4.8930430E-7
1.9993340E-2 9.9702080E-7
3.0019280E-2 1.5011250E-6
3.9903160E-2 2.0548160E-6
5.0049300E-2 2.5095490E-6
5.9853080E-2 3.1980200E-6
7.0147040E-2 3.7479080E-6
7.9905510E-2 4.5300770E-6
9.0074060E-2 5.1554050E-6
9.9877830E-2 5.9777030E-6
1.1006930E-1 6.7267160E-6
1.1987350E-1 7.8391710E-6
1.3003060E-1 9.0181310E-6
1.3995980E-1 1.0419810E-5
1.5001440E-1 1.2342130E-5
1.5997790E-1 1.4609500E-5
1.7003300E-1 1.7895730E-5
1.7998500E-1 2.1495100E-5
1.9002820E-1 2.6717000E-5
1.9992300E-1 3.2467740E-5
2.0995520E-1 4.1827140E-5
2.1993210E-1 5.4292420E-5
2.2987320E-1 7.0572790E-5
2.3993920E-1 9.2714080E-5
2.4994850E-1 1.2187240E-4
2.5987770E-1 1.6194860E-4
2.6989840E-1 2.2287200E-4
2.7997590E-1 2.9756200E-4
2.9006480E-1 4.0239470E-4
2.9995970E-1 5.3736430E-4
3.0992360E-1 7.2853690E-4
3.1988720E-1 9.8893090E-4
3.2995320E-1 1.3342740E-3
3.3998490E-1 1.7198030E-3
3.4990310E-1 2.2929650E-3
3.5995770E-1 2.9841680E-3
3.6988740E-1 3.8973690E-3
3.7995340E-1 4.8938410E-3
3.9003090E-1 6.0966070E-3
3.9984610E-1 7.4022320E-3
4.1002660E-1 8.9717510E-3
4.2004680E-1 1.0576620E-2
4.3009040E-1 1.2534110E-2
4.3995140E-1 1.4506100E-2
4.4991490E-1 1.6810600E-2
4.5995810E-1 1.9011990E-2
4.7003560E-1 2.1375020E-2
4.8006770E-1 2.3757730E-2
4.9008800E-1 2.6336830E-2
4.9999480E-1 2.9071180E-2
5.0999260E-1 3.1742980E-2
