0.000E+0 0
1.000E-2 1.59889371E-15
2.000E-2 3.90956587E-15
3.000E-2 7.25304419E-15
4.000E-2 1.2095122E-14
5.000E-2 1.91116688E-14
6.000E-2 2.92834723E-14
7.000E-2 4.40340329E-14
8.000E-2 6.54298776E-14
9.000E-2 9.64719694E-14
1.000E-1 1.41519925E-13
1.100E-1 2.06910074E-13
1.200E-1 3.01856504E-13
1.300E-1 4.39765637E-13
1.400E-1 6.40155048E-13
1.500E-1 9.31455491E-13
1.600E-1 1.35510399E-12
1.700E-1 1.97152378E-12
1.800E-1 2.86886246E-12
1.900E-1 4.17576086E-12
2.000E-1 6.08162503E-12
2.100E-1 8.85743111E-12
2.200E-1 1.29080394E-11
2.300E-1 1.88115024E-11
2.400E-1 2.74295788E-11
2.500E-1 4.00088722E-11
2.600E-1 5.83745002E-11
2.700E-1 8.51936209E-11
2.800E-1 1.24364167E-10
2.900E-1 1.81583092E-10
3.000E-1 2.65177046E-10
3.100E-1 3.87316682E-10
3.200E-1 5.65791818E-10
3.300E-1 8.26606428E-10
3.400E-1 1.2077723E-9
3.500E-1 1.76485486E-9
3.600E-1 2.57908056E-9
3.700E-1 3.76918925E-9
3.800E-1 5.50876102E-9
3.900E-1 8.05154636E-9
4.000E-1 1.17684982E-8
4.100E-1 1.7201906E-8
4.200E-1 2.514454E-8
4.300E-1 3.6755349E-8
4.400E-1 5.37286034E-8
4.500E-1 7.85411616E-8
