0.000E+0 0
1.000E-2 3.88094707E-15
2.000E-2 9.46984365E-15
3.000E-2 1.75310775E-14
4.000E-2 2.91709712E-14
5.000E-2 4.59907935E-14
6.000E-2 7.0308433E-14
7.000E-2 1.05479753E-13
8.000E-2 1.56364821E-13
9.000E-2 2.30004922E-13
1.000E-1 3.36606666E-13
1.100E-1 4.90973877E-13
1.200E-1 7.14593111E-13
1.300E-1 1.03867381E-12
1.400E-1 1.50858342E-12
1.500E-1 2.19032128E-12
1.600E-1 3.17997227E-12
1.700E-1 4.61751558E-12
1.800E-1 6.70914623E-12
1.900E-1 9.74865653E-12
2.000E-1 1.41720347E-11
2.100E-1 2.06131921E-11
2.200E-1 2.99980555E-11
2.300E-1 4.36776861E-11
2.400E-1 6.36259742E-11
2.500E-1 9.27263965E-11
2.600E-1 1.35191688E-10
2.700E-1 1.97177261E-10
2.800E-1 2.8767783E-10
2.900E-1 4.19838054E-10
3.000E-1 6.12868377E-10
3.100E-1 8.94845591E-10
3.200E-1 1.30680678E-9
3.300E-1 1.90873388E-9
3.400E-1 2.78830242E-9
3.500E-1 4.07367066E-9
3.600E-1 5.95217609E-9
3.700E-1 8.69766706E-9
3.800E-1 1.27104589E-8
3.900E-1 1.85757452E-8
4.000E-1 2.71489915E-8
4.100E-1 3.96807674E-8
4.200E-1 5.79992435E-8
4.300E-1 8.4776983E-8
4.400E-1 1.23920963E-7
4.500E-1 1.81142745E-7
