-9.0077400E-2 -1.9799780E-4
-5.9936520E-2 -1.9648440E-4
-2.9954910E-2 -1.9517960E-4
-5.5402520E-5 -1.9379370E-4
1.0239300E-2 -1.9355010E-4
2.0172390E-2 -1.9271510E-4
2.9962060E-2 -1.9262810E-4
3.9959910E-2 -1.9217000E-4
4.9980160E-2 -1.9146840E-4
5.9989450E-2 -1.9087690E-4
6.9987300E-2 -1.9010560E-4
7.9996110E-2 -1.8948510E-4
9.0016840E-2 -1.8881830E-4
9.9991800E-2 -1.8805870E-4
1.0996630E-1 -1.8735130E-4
1.1996410E-1 -1.8630170E-4
1.2996200E-1 -1.8520570E-4
1.3999370E-1 -1.8369220E-4
1.4999150E-1 -1.8172640E-4
1.6005750E-1 -1.7934890E-4
1.6997530E-1 -1.7665250E-4
1.7998460E-1 -1.7275560E-4
1.8998240E-1 -1.6765260E-4
1.9999120E-1 -1.6038100E-4
2.0997760E-1 -1.5179870E-4
2.1997790E-1 -1.3925010E-4
2.2990750E-1 -1.2434720E-4
2.4004170E-1 -1.0121570E-4
2.4995990E-1 -7.1165950E-5
2.5977520E-1 -2.9712320E-5
2.6994420E-1 2.6729760E-5
2.7978230E-1 9.9063280E-5
2.8993940E-1 1.9892840E-4
2.9983470E-1 3.2979250E-4
3.0995800E-1 5.1678970E-4
3.1993290E-1 7.3905620E-4
3.3004470E-1 1.0240200E-3
3.3995100E-1 1.3629590E-3
3.4986930E-1 1.8508210E-3
3.5998060E-1 2.3464500E-3
3.6997840E-1 2.9616820E-3
3.7991950E-1 3.5949960E-3
3.8991690E-1 4.3868530E-3
3.9990330E-1 5.2292420E-3
4.0996930E-1 6.1894390E-3
4.1989900E-1 7.1627330E-3
4.2997650E-1 8.1750830E-3
4.3987180E-1 9.2840310E-3
4.4997220E-1 1.0434410E-2
4.5991280E-1 1.1601980E-2
4.7001310E-1 1.2868940E-2
4.7998810E-1 1.4150380E-2
4.8997450E-1 1.5483390E-2
4.9998330E-1 1.6801910E-2
5.0996970E-1 1.8082770E-2
5.2000190E-1 1.9503240E-2
5.2997680E-1 2.0916760E-2
5.4002000E-1 2.2473960E-2
5.5000640E-1 2.3826080E-2
5.6001570E-1 2.5293470E-2
5.7001350E-1 2.6609670E-2
5.8001140E-1 2.8203370E-2
5.9002020E-1 2.9675390E-2
6.0004090E-1 3.1372200E-2
