0.000E+0 -0.256212292
1.000E-2 -0.256204311
2.000E-2 -0.256196162
3.000E-2 -0.256187796
4.000E-2 -0.256179144
5.000E-2 -0.256170109
6.000E-2 -0.256160557
7.000E-2 -0.256150298
8.000E-2 -0.256139061
9.000E-2 -0.256126466
1.000E-1 -0.256111975
1.100E-1 -0.256094825
1.200E-1 -0.256073935
1.300E-1 -0.256047771
1.400E-1 -0.256014158
1.500E-1 -0.255970001
1.600E-1 -0.255910906
1.700E-1 -0.255830616
1.800E-1 -0.255720227
1.900E-1 -0.255567059
2.000E-1 -0.255353045
2.100E-1 -0.255052431
2.200E-1 -0.254628504
2.300E-1 -0.254028905
2.400E-1 -0.253178955
2.500E-1 -0.25197212
2.600E-1 -0.250256406
2.700E-1 -0.247814946
2.800E-1 -0.244338295
2.900E-1 -0.23938491
3.000E-1 -0.232324792
3.100E-1 -0.222259148
3.200E-1 -0.207905953
3.300E-1 -0.187437114
3.400E-1 -0.158247077
3.500E-1 -0.11662472
3.600E-1 -0.0572894645
3.700E-1 0.0272617815
