0.000E+0 -0.000320787608
1.000E-2 -0.000320784028
2.000E-2 -0.000320781858
3.000E-2 -0.000320779674
4.000E-2 -0.000320777473
5.000E-2 -0.000320775257
6.000E-2 -0.000320773024
7.000E-2 -0.000320770775
8.000E-2 -0.000320768508
9.000E-2 -0.000320766224
1.000E-1 -0.000320763921
1.100E-1 -0.0003207616
1.200E-1 -0.00032075926
1.300E-1 -0.000320756901
1.400E-1 -0.000320754521
1.500E-1 -0.00032075212
1.600E-1 -0.000320749698
1.700E-1 -0.000320747253
1.800E-1 -0.000320744785
1.900E-1 -0.000320742291
2.000E-1 -0.000320739772
2.100E-1 -0.000320737223
2.200E-1 -0.000320734643
2.300E-1 -0.000320732027
2.400E-1 -0.000320729371
2.500E-1 -0.000320726665
2.600E-1 -0.000320723901
2.700E-1 -0.00032072106
2.800E-1 -0.000320718123
2.900E-1 -0.000320715054
3.000E-1 -0.000320711806
3.100E-1 -0.000320708309
3.200E-1 -0.00032070446
3.300E-1 -0.000320700109
3.400E-1 -0.000320695034
3.500E-1 -0.000320688911
3.600E-1 -0.000320681263
3.700E-1 -0.00032067139
3.800E-1 -0.000320658262
3.900E-1 -0.000320640364
4.000E-1 -0.000320615469
4.100E-1 -0.000320580302
4.200E-1 -0.000320530045
4.300E-1 -0.000320457614
4.400E-1 -0.000320352637
4.500E-1 -0.00032019974
4.600E-1 -0.000319976657
4.700E-1 -0.000319650852
4.800E-1 -0.000319171439
4.900E-1 -0.000318467979
5.000E-1 -0.000317435317
5.100E-1 -0.000315918343
5.200E-1 -0.000313690052
5.300E-1 -0.00031041724
5.400E-1 -0.000305611728
5.500E-1 -0.000298560084
5.600E-1 -0.000288220376
5.700E-1 -0.000273078455
5.800E-1 -0.000250939165
5.900E-1 -0.000218632881
6.000E-1 -0.000171596813
6.100E-1 -0.000103278737
6.200E-1 -4.27891537E-6
6.300E-1 0.000138870903
6.400E-1 0.000345393533
6.500E-1 0.000642474819
6.600E-1 0.00106793991
6.700E-1 0.00167318495
6.800E-1 0.00252591813
6.900E-1 0.00371198367
7.000E-1 0.00533570457
7.100E-1 0.00751804743
7.200E-1 0.0104015945
7.300E-1 0.0141182734
7.400E-1 0.0188161305
7.500E-1 0.0246352258
7.600E-1 0.03170723
7.700E-1 0.0401525793
7.800E-1 0.0500791131
7.900E-1 0.0615818415
8.000E-1 0.0747433119
