-9.0080260E-2 -4.1912240E-6
-5.9926990E-2 -2.7935820E-6
-3.0024530E-2 -1.3811680E-6
-1.6024710E-4 2.6569820E-8
1.0177200E-2 4.9690860E-7
2.0194230E-2 1.0267050E-6
2.9985900E-2 1.5326170E-6
3.9938450E-2 2.0076510E-6
4.9982070E-2 2.6281200E-6
5.9946060E-2 3.2107400E-6
6.9978240E-2 3.9392980E-6
7.9998970E-2 4.5749820E-6
8.9996810E-2 5.3502640E-6
9.9995140E-2 6.1105240E-6
1.0995860E-1 7.1736300E-6
1.1996790E-1 8.3228300E-6
1.3003440E-1 9.9645620E-6
1.3996410E-1 1.1580550E-5
1.5003060E-1 1.3785930E-5
1.5999460E-1 1.7080380E-5
1.6996960E-1 2.0624780E-5
1.8000170E-1 2.5748260E-5
1.8995430E-1 3.1550230E-5
1.9992970E-1 4.0880930E-5
2.0991610E-1 5.2499960E-5
2.1995070E-1 6.9790460E-5
2.2988030E-1 9.2043250E-5
2.3996970E-1 1.2170240E-4
2.4991080E-1 1.6270790E-4
2.5989720E-1 2.2315190E-4
2.6988410E-1 3.0044790E-4
2.8014420E-1 4.0472740E-4
2.8989170E-1 5.4598760E-4
2.9996920E-1 7.3988040E-4
3.0981920E-1 1.0099150E-3
3.1997680E-1 1.3595840E-3
3.2994080E-1 1.7578710E-3
3.3991620E-1 2.3422370E-3
3.4989120E-1 3.0418650E-3
3.5996910E-1 3.9755520E-3
3.6992170E-1 5.0019010E-3
3.8003400E-1 6.2305520E-3
3.8994070E-1 7.6252300E-3
3.9996150E-1 9.2451590E-3
4.0997120E-1 1.0971470E-2
4.1993470E-1 1.3033320E-2
4.2997880E-1 1.5183810E-2
4.3995380E-1 1.7619890E-2
4.4994070E-1 2.0042080E-2
4.5995000E-1 2.2585350E-2
4.7001650E-1 2.5315730E-2
4.8001480E-1 2.8166640E-2
4.9001260E-1 3.1376700E-2
