-8.9999680E-2 -4.1581620E-6
-5.9926510E-2 -2.8161920E-6
-3.0024050E-2 -1.3955490E-6
6.3133240E-4 2.6012530E-8
9.7648500E-3 4.7633350E-7
2.0103390E-2 9.8910640E-7
3.0031200E-2 1.5446490E-6
3.9972310E-2 2.0371150E-6
5.0015930E-2 2.6044510E-6
5.9888360E-2 3.1802830E-6
6.9977760E-2 3.8203340E-6
8.0009460E-2 4.4679950E-6
8.9996340E-2 5.1791780E-6
9.9971290E-2 6.0033960E-6
1.0999200E-1 6.9069880E-6
1.2004710E-1 8.0614390E-6
1.2996530E-1 9.2855030E-6
1.3998600E-1 1.0826580E-5
1.4996100E-1 1.2769250E-5
1.5995880E-1 1.5240800E-5
1.6997960E-1 1.8363570E-5
1.7996600E-1 2.2225720E-5
1.8997570E-1 2.7720290E-5
1.9997360E-1 3.4876300E-5
2.0999430E-1 4.5426470E-5
2.1997170E-1 5.7888550E-5
2.3002670E-1 7.6078360E-5
2.3987630E-1 9.7117230E-5
2.4993130E-1 1.3534650E-4
2.5991770E-1 1.7741280E-4
2.6992750E-1 2.3955550E-4
2.7991390E-1 3.1134180E-4
2.8993460E-1 4.3086610E-4
2.9989860E-1 5.7970450E-4
3.1006770E-1 8.1417730E-4
3.1995150E-1 1.0497180E-3
3.2996080E-1 1.4299230E-3
3.3999300E-1 1.9018610E-3
3.4994550E-1 2.5876930E-3
3.5997770E-1 3.3147240E-3
3.6993030E-1 4.2618480E-3
3.7991670E-1 5.2647180E-3
3.8993740E-1 6.6891700E-3
3.9990140E-1 8.1977660E-3
4.1003610E-1 1.0166540E-2
4.1995430E-1 1.1932490E-2
4.2999790E-1 1.4339600E-2
4.3991610E-1 1.6486000E-2
4.4994830E-1 1.8998550E-2
4.5994620E-1 2.1309480E-2
4.6998980E-1 2.4266940E-2
4.7997670E-1 2.7067990E-2
4.9003170E-1 3.0462280E-2
