0.000E+0 0
1.000E-2 3.75925501E-15
2.000E-2 9.18714484E-15
3.000E-2 1.70279395E-14
4.000E-2 2.83576538E-14
5.000E-2 4.47318402E-14
6.000E-2 6.83992852E-14
7.000E-2 1.02611093E-13
8.000E-2 1.52067921E-13
9.000E-2 2.23567409E-13
1.000E-1 3.26941928E-13
1.100E-1 4.76417559E-13
1.200E-1 6.92584564E-13
1.300E-1 1.00525591E-12
1.400E-1 1.45761571E-12
1.500E-1 2.11224183E-12
1.600E-1 3.05985095E-12
1.700E-1 4.43199935E-12
1.800E-1 6.41953002E-12
1.900E-1 9.29936764E-12
2.000E-1 1.34734412E-11
2.100E-1 1.95252241E-11
2.200E-1 2.83018684E-11
2.300E-1 4.10335236E-11
2.400E-1 5.95066781E-11
2.500E-1 8.63159893E-11
2.600E-1 1.25230149E-10
2.700E-1 1.81723441E-10
2.800E-1 2.6374803E-10
2.900E-1 3.82856031E-10
3.000E-1 5.55829804E-10
3.100E-1 8.0705068E-10
3.200E-1 1.17194063E-9
3.300E-1 1.7019629E-9
3.400E-1 2.47188788E-9
3.500E-1 3.59035027E-9
3.600E-1 5.21518874E-9
3.700E-1 7.57573427E-9
3.800E-1 1.10051956E-8
3.900E-1 1.59877153E-8
4.000E-1 2.32267434E-8
4.100E-1 3.37443859E-8
4.200E-1 4.8987846E-8
4.300E-1 7.1168754E-8
4.400E-1 1.03401583E-7
4.500E-1 1.50234918E-7
