0.000E+0 0
1.000E-2 1.30231014E-13
2.000E-2 3.15536557E-13
3.000E-2 5.79395249E-13
4.000E-2 9.55277052E-13
5.000E-2 1.49078895E-12
6.000E-2 2.25384976E-12
7.000E-2 3.34124864E-12
8.000E-2 4.89089279E-12
9.000E-2 7.09932591E-12
1.000E-1 1.02467209E-11
1.100E-1 1.47325893E-11
1.200E-1 2.11268427E-11
1.300E-1 3.02428632E-11
1.400E-1 4.32421441E-11
1.500E-1 6.17842275E-11
1.600E-1 8.82416508E-11
1.700E-1 1.26008187E-10
1.800E-1 1.79940968E-10
1.900E-1 2.56994704E-10
2.000E-1 3.67131498E-10
2.100E-1 5.24625942E-10
2.200E-1 7.49937044E-10
2.300E-1 1.07239264E-9
2.400E-1 1.53403777E-9
2.500E-1 2.19514929E-9
2.600E-1 3.14213254E-9
2.700E-1 4.49881819E-9
2.800E-1 6.44259995E-9
2.900E-1 9.22744094E-9
3.000E-1 1.32165787E-8
3.100E-1 1.8928834E-8
3.200E-1 2.71038115E-8
3.300E-1 3.87931876E-8
3.400E-1 5.54870463E-8
3.500E-1 7.92875003E-8
3.600E-1 1.13146011E-7
3.700E-1 1.61176084E-7
3.800E-1 2.29102004E-7
3.900E-1 3.24852487E-7
4.000E-1 4.59449799E-7
4.100E-1 6.48290887E-7
4.200E-1 9.13153613E-7
4.300E-1 1.28500543E-6
4.400E-1 1.80787139E-6
4.500E-1 2.54398991E-6
