-9.0078830E-2 -4.2176560E-6
-5.9971810E-2 -2.8990270E-6
-3.0035500E-2 -1.4312920E-6
-7.0911650E-4 -1.5939950E-8
1.0268930E-2 5.1469120E-7
1.9765170E-2 9.8884970E-7
2.9985430E-2 1.4671680E-6
4.0006160E-2 2.0759600E-6
5.0004010E-2 2.6088670E-6
6.0001850E-2 3.1954710E-6
6.9988250E-2 3.7652120E-6
8.0008980E-2 4.4312510E-6
8.9949610E-2 5.1495920E-6
1.0000470E-1 5.9634080E-6
1.0996820E-1 6.8583700E-6
1.2000040E-1 7.8699830E-6
1.2996390E-1 9.1235140E-6
1.3991640E-1 1.0575970E-5
1.4983420E-1 1.2496590E-5
1.6014000E-1 1.4737890E-5
1.6987560E-1 1.7758010E-5
1.8010140E-1 2.1877600E-5
1.8991710E-1 2.6772510E-5
2.0000600E-1 3.3505130E-5
2.0994660E-1 4.1503070E-5
2.2002700E-1 5.4123970E-5
2.2980830E-1 7.0101890E-5
2.3998880E-1 9.4286530E-5
2.4990700E-1 1.2008240E-4
2.5993920E-1 1.6323290E-4
2.6993700E-1 2.1801610E-4
2.7999210E-1 3.0312220E-4
2.8996710E-1 4.0139210E-4
3.0001070E-1 5.4432590E-4
3.0987170E-1 7.1049620E-4
3.1993770E-1 9.6837800E-4
3.2994750E-1 1.3052630E-3
3.3995680E-1 1.7258560E-3
3.4995460E-1 2.1970380E-3
3.5995240E-1 2.8874410E-3
3.6989360E-1 3.6658090E-3
3.8000540E-1 4.7159010E-3
3.8994600E-1 5.7461150E-3
3.9998960E-1 7.0080660E-3
4.0988490E-1 8.2445800E-3
4.1992860E-1 9.8304660E-3
4.2999460E-1 1.1363490E-2
4.3994710E-1 1.3226600E-2
4.4995640E-1 1.5058410E-2
4.5993140E-1 1.7241880E-2
4.7010040E-1 1.9170450E-2
4.7993900E-1 2.1302940E-2
4.9001650E-1 2.3309130E-2
5.0007150E-1 2.5631060E-2
5.0994400E-1 2.7930380E-2
5.1998760E-1 3.0467240E-2
