0.000E+0 0
1.000E-2 7.68423887E-14
2.000E-2 1.86458335E-13
3.000E-2 3.42846819E-13
4.000E-2 5.65986741E-13
5.000E-2 8.84391667E-13
6.000E-2 1.33875634E-12
7.000E-2 1.98716169E-12
8.000E-2 2.91250491E-12
9.000E-2 4.23310608E-12
1.000E-1 6.11785045E-12
1.100E-1 8.80780654E-12
1.200E-1 1.26470911E-11
1.300E-1 1.81269375E-11
1.400E-1 2.59486171E-11
1.500E-1 3.71132804E-11
1.600E-1 5.30502385E-11
1.700E-1 7.58001297E-11
1.800E-1 1.08276458E-10
1.900E-1 1.54639035E-10
2.000E-1 2.20827207E-10
2.100E-1 3.15321232E-10
2.200E-1 4.50229423E-10
2.300E-1 6.42840457E-10
2.400E-1 9.1783984E-10
2.500E-1 1.31047476E-9
2.600E-1 1.87107303E-9
2.700E-1 2.67149553E-9
2.800E-1 3.81434945E-9
2.900E-1 5.44614343E-9
3.000E-1 7.7760712E-9
3.100E-1 1.11028322E-8
3.200E-1 1.58529268E-8
3.300E-1 2.2635338E-8
3.400E-1 3.23196064E-8
3.500E-1 4.61473143E-8
3.600E-1 6.58912656E-8
3.700E-1 9.40827798E-8
3.800E-1 1.34336233E-7
3.900E-1 1.91812481E-7
4.000E-1 2.73880562E-7
4.100E-1 3.91062575E-7
4.200E-1 5.58382868E-7
4.300E-1 7.97294565E-7
4.400E-1 1.13843049E-6
4.500E-1 1.62553106E-6
