0.000E+0 0
1.000E-2 1.29608385E-12
2.000E-2 3.10846755E-12
3.000E-2 5.64422986E-12
4.000E-2 9.19351923E-12
5.000E-2 1.41630473E-11
6.000E-2 2.11223167E-11
7.000E-2 3.08698537E-11
8.000E-2 4.45247999E-11
9.000E-2 6.36560203E-11
1.000E-1 9.04632428E-11
1.100E-1 1.28031369E-10
1.200E-1 1.80687625E-10
1.300E-1 2.54503259E-10
1.400E-1 3.57998402E-10
1.500E-1 5.03132518E-10
1.600E-1 7.06696285E-10
1.700E-1 9.92267753E-10
1.800E-1 1.39296164E-9
1.900E-1 1.95529353E-9
2.000E-1 2.74461112E-9
2.100E-1 3.85272826E-9
2.200E-1 5.40865532E-9
2.300E-1 7.59368189E-9
2.400E-1 1.06625776E-8
2.500E-1 1.49733927E-8
2.600E-1 2.10293479E-8
2.700E-1 2.95377153E-8
2.800E-1 4.14925847E-8
2.900E-1 5.82911981E-8
3.000E-1 8.18974639E-8
3.100E-1 1.15071768E-7
3.200E-1 1.61693939E-7
3.300E-1 2.27217067E-7
3.400E-1 3.19357784E-7
3.500E-1 4.4869229E-7
3.600E-1 6.30570412E-7
3.700E-1 8.86174809E-7
3.800E-1 1.24546885E-6
3.900E-1 1.75016221E-6
4.000E-1 2.45939393E-6
4.100E-1 3.45554044E-6
4.200E-1 4.85444747E-6
4.300E-1 6.81821845E-6
4.400E-1 9.57366862E-6
4.500E-1 1.34376392E-5
