7.189E-4 -2.350E-4
1.043E-2 -2.335E-4
2.032E-2 -2.315E-4
3.005E-2 -2.299E-4
4.000E-2 -2.281E-4
4.971E-2 -2.264E-4
6.077E-2 -2.241E-4
7.038E-2 -2.223E-4
8.025E-2 -2.202E-4
9.018E-2 -2.181E-4
9.998E-2 -2.161E-4
1.112E-1 -2.139E-4
1.209E-1 -2.116E-4
1.307E-1 -2.093E-4
1.406E-1 -2.066E-4
1.505E-1 -2.041E-4
1.617E-1 -2.010E-4
1.714E-1 -1.983E-4
1.812E-1 -1.954E-4
1.911E-1 -1.922E-4
2.009E-1 -1.886E-4
2.107E-1 -1.852E-4
2.219E-1 -1.809E-4
2.315E-1 -1.767E-4
2.413E-1 -1.724E-4
2.513E-1 -1.676E-4
2.610E-1 -1.626E-4
2.720E-1 -1.570E-4
2.820E-1 -1.519E-4
2.917E-1 -1.459E-4
3.017E-1 -1.402E-4
3.114E-1 -1.335E-4
3.224E-1 -1.266E-4
3.324E-1 -1.197E-4
3.421E-1 -1.136E-4
3.520E-1 -1.055E-4
3.619E-1 -9.865E-5
3.727E-1 -9.020E-5
3.827E-1 -8.235E-5
3.925E-1 -7.415E-5
4.025E-1 -6.641E-5
4.219E-1 -4.960E-5
4.429E-1 -3.210E-5
4.626E-1 -1.580E-5
4.835E-1 2.314E-6
5.033E-1 1.781E-5
5.535E-1 5.453E-5
6.040E-1 8.628E-5
6.544E-1 1.154E-4
7.049E-1 1.421E-4
7.549E-1 1.673E-4
8.054E-1 1.915E-4
8.560E-1 2.142E-4
9.062E-1 2.355E-4
9.566E-1 2.561E-4
1.006E+0 2.755E-4
