0.000E+0 -0.268095666
1.000E-2 -0.26809304
2.000E-2 -0.268090397
3.000E-2 -0.268087735
4.000E-2 -0.268085051
5.000E-2 -0.268082345
6.000E-2 -0.268079615
7.000E-2 -0.268076859
8.000E-2 -0.268074073
9.000E-2 -0.268071253
1.000E-1 -0.268068393
1.100E-1 -0.268065483
1.200E-1 -0.268062512
1.300E-1 -0.268059461
1.400E-1 -0.268056304
1.500E-1 -0.268053002
1.600E-1 -0.268049498
1.700E-1 -0.26804571
1.800E-1 -0.268041515
1.900E-1 -0.268036736
2.000E-1 -0.268031107
2.100E-1 -0.26802424
2.200E-1 -0.268015559
2.300E-1 -0.268004214
2.400E-1 -0.267988949
2.500E-1 -0.267967906
2.600E-1 -0.26793834
2.700E-1 -0.267896185
2.800E-1 -0.267835429
2.900E-1 -0.267747174
3.000E-1 -0.267618251
3.100E-1 -0.267429172
3.200E-1 -0.26715109
3.300E-1 -0.26674131
3.400E-1 -0.266136642
3.500E-1 -0.265243565
3.600E-1 -0.2639237
3.700E-1 -0.261972328
3.800E-1 -0.25908671
3.900E-1 -0.254819403
4.000E-1 -0.248509655
4.100E-1 -0.239182957
4.200E-1 -0.225404751
4.300E-1 -0.205069135
4.400E-1 -0.175097365
4.500E-1 -0.131015573
4.600E-1 -0.0663799817
4.700E-1 0.0279713555
