-9.0054510E-2 -1.8715390E-4
-5.9982300E-2 -1.8597090E-4
-2.9943940E-2 -1.8464880E-4
-8.4817410E-5 -1.8289760E-4
1.0306420E-2 -1.8249740E-4
1.9867300E-2 -1.8181310E-4
3.0053620E-2 -1.8166820E-4
4.0040020E-2 -1.8110000E-4
4.9980640E-2 -1.8049680E-4
5.9989930E-2 -1.8003870E-4
7.0158480E-2 -1.7924430E-4
8.0030920E-2 -1.7854850E-4
9.0005870E-2 -1.7759750E-4
1.0007190E-1 -1.7716260E-4
1.0997820E-1 -1.7611880E-4
1.1997600E-1 -1.7514450E-4
1.3001920E-1 -1.7382820E-4
1.4001700E-1 -1.7218720E-4
1.4990040E-1 -1.7010540E-4
1.6001220E-1 -1.6729300E-4
1.6999860E-1 -1.6409210E-4
1.8000750E-1 -1.5981830E-4
1.8994860E-1 -1.5447180E-4
1.9999170E-1 -1.4637670E-4
2.1003480E-1 -1.3649560E-4
2.2000070E-1 -1.2218390E-4
2.2990700E-1 -1.0616190E-4
2.3988200E-1 -8.1137070E-5
2.4986840E-1 -4.5485770E-5
2.6019670E-1 1.2069050E-6
2.7025180E-1 6.7123020E-5
2.7990720E-1 1.4915640E-4
2.8997370E-1 2.8373740E-4
2.9997110E-1 4.3860310E-4
3.1015160E-1 6.6287580E-4
3.1992100E-1 9.2323520E-4
3.2998750E-1 1.3608150E-3
3.4000780E-1 1.8216170E-3
3.4999420E-1 2.4600290E-3
3.5986660E-1 3.1407420E-3
3.7002420E-1 4.1294490E-3
3.7990760E-1 5.2201450E-3
3.8997410E-1 6.7093480E-3
4.0000580E-1 8.1450660E-3
4.1009470E-1 9.8974690E-3
4.2000150E-1 1.1759580E-2
4.2997650E-1 1.3876380E-2
4.3991710E-1 1.5791590E-2
4.4997170E-1 1.8315080E-2
4.5994660E-1 2.0729660E-2
4.7005840E-1 2.3692850E-2
4.8001050E-1 2.6289330E-2
4.9000840E-1 2.9228760E-2
4.9999480E-1 3.1905770E-2
