-9.0055470E-2 -1.9972740E-4
-6.0005190E-2 -1.9830660E-4
-2.9978280E-2 -1.9697870E-4
-3.0666590E-5 -1.9550580E-4
1.0343020E-2 -1.9521580E-4
2.0093620E-2 -1.9391700E-4
2.9928210E-2 -1.9402710E-4
4.0040020E-2 -1.9366760E-4
4.9957750E-2 -1.9306450E-4
5.9989930E-2 -1.9255420E-4
7.0021630E-2 -1.9191050E-4
8.0088140E-2 -1.9122630E-4
8.9982990E-2 -1.9021730E-4
1.0011770E-1 -1.8947500E-4
1.0989900E-1 -1.8854720E-4
1.1997650E-1 -1.8761940E-4
1.2999730E-1 -1.8641320E-4
1.4001750E-1 -1.8492860E-4
1.4999250E-1 -1.8299180E-4
1.6003610E-1 -1.8060860E-4
1.6997670E-1 -1.7754680E-4
1.7998600E-1 -1.7326720E-4
1.8999530E-1 -1.6792640E-4
1.9994740E-1 -1.6110690E-4
2.1003630E-1 -1.5229850E-4
2.1999120E-1 -1.3972090E-4
2.2992040E-1 -1.2340280E-4
2.3980430E-1 -1.0023350E-4
2.5000760E-1 -6.5099740E-5
2.5992540E-1 -2.3801750E-5
2.7036810E-1 3.5658570E-5
2.7994390E-1 1.1109890E-4
2.8991890E-1 2.3565460E-4
2.9998540E-1 3.7482380E-4
3.1002860E-1 5.8195670E-4
3.1985570E-1 8.1488910E-4
3.2997890E-1 1.2281820E-3
3.3995390E-1 1.6652870E-3
3.4994030E-1 2.2648200E-3
3.5991530E-1 2.9131470E-3
3.6995890E-1 3.8869700E-3
3.7999060E-1 4.9686340E-3
3.8993170E-1 6.4410440E-3
3.9995190E-1 7.8348180E-3
4.0999560E-1 9.5841050E-3
4.1995910E-1 1.1430620E-2
4.2999120E-1 1.3528910E-2
4.3993230E-1 1.5469630E-2
4.4990730E-1 1.8011670E-2
4.5993900E-1 2.0477250E-2
4.6997120E-1 2.3468840E-2
4.8001480E-1 2.6034060E-2
4.9002410E-1 2.8997850E-2
4.9997620E-1 3.1591460E-2
