0.000E+0 -0.117855908
1.000E-2 -0.11785228
2.000E-2 -0.117848566
3.000E-2 -0.11784474
4.000E-2 -0.117840763
5.000E-2 -0.117836581
6.000E-2 -0.11783212
7.000E-2 -0.117827273
8.000E-2 -0.11782189
9.000E-2 -0.117815758
1.000E-1 -0.117808577
1.100E-1 -0.117799924
1.200E-1 -0.117789199
1.300E-1 -0.117775551
1.400E-1 -0.117757775
1.500E-1 -0.117734161
1.600E-1 -0.11770228
1.700E-1 -0.117658677
1.800E-1 -0.117598441
1.900E-1 -0.117514575
2.000E-1 -0.11739712
2.100E-1 -0.11723188
2.200E-1 -0.116998621
2.300E-1 -0.116668491
2.400E-1 -0.116200344
2.500E-1 -0.115535481
2.600E-1 -0.114590153
2.700E-1 -0.113244858
2.800E-1 -0.11132905
2.900E-1 -0.108599318
3.000E-1 -0.104708224
3.100E-1 -0.0991598101
3.200E-1 -0.0912460748
3.300E-1 -0.0799562676
3.400E-1 -0.0638473841
3.500E-1 -0.0408592677
3.600E-1 -0.00805063967
3.700E-1 0.0387777226
