-9.0064530E-2 -4.1742840E-6
-6.0003760E-2 -2.8581710E-6
-3.0000210E-2 -1.3946030E-6
5.3235890E-4 3.4442280E-9
1.0007110E-2 4.7422260E-7
1.9942370E-2 9.6682520E-7
2.9984950E-2 1.4945050E-6
3.9982320E-2 2.0149070E-6
5.0025460E-2 2.6013660E-6
5.9988980E-2 3.1371710E-6
6.9963460E-2 3.7311750E-6
8.0040930E-2 4.2958240E-6
8.9958670E-2 5.0443180E-6
1.0000180E-1 5.8036510E-6
1.0998770E-1 6.7818840E-6
1.2000800E-1 7.7229070E-6
1.3000580E-1 8.9335430E-6
1.3993500E-1 1.0223420E-5
1.5008070E-1 1.2166810E-5
1.6000990E-1 1.4430670E-5
1.7001870E-1 1.7012280E-5
1.7993640E-1 2.0949660E-5
1.9001390E-1 2.5811370E-5
2.0001130E-1 3.3172920E-5
2.1002010E-1 4.1594510E-5
2.1998550E-1 5.3362590E-5
2.2991510E-1 6.9058750E-5
2.4002650E-1 9.1022220E-5
2.4994420E-1 1.2156880E-4
2.5997590E-1 1.6331440E-4
2.6995090E-1 2.1349170E-4
2.7992580E-1 2.9056940E-4
2.8990030E-1 3.9047720E-4
2.9994340E-1 5.3522150E-4
3.0998710E-1 7.1496730E-4
3.2006410E-1 9.5499750E-4
3.2994790E-1 1.2563710E-3
3.4001400E-1 1.6995500E-3
3.5002280E-1 2.1815520E-3
3.6000920E-1 2.8139860E-3
3.6993840E-1 3.4838520E-3
3.8000440E-1 4.3834780E-3
3.8983060E-1 5.3691570E-3
3.9998820E-1 6.5573580E-3
4.0998550E-1 7.7840390E-3
4.1998290E-1 9.1208160E-3
4.3003750E-1 1.0629160E-2
4.3996720E-1 1.2218770E-2
4.4994160E-1 1.3729020E-2
4.5991660E-1 1.5523700E-2
4.6997120E-1 1.7306790E-2
4.7996850E-1 1.9252670E-2
4.9000020E-1 2.1146420E-2
5.0002100E-1 2.3081870E-2
5.0993870E-1 2.5102480E-2
5.2006150E-1 2.7181610E-2
5.2995680E-1 2.9404390E-2
5.4007960E-1 3.1488150E-2
