0.000E+0 0
1.000E-2 5.78483027E-15
2.000E-2 1.42253885E-14
3.000E-2 2.6557153E-14
4.000E-2 4.45866997E-14
5.000E-2 7.09534475E-14
6.000E-2 1.09510521E-13
7.000E-2 1.65878864E-13
8.000E-2 2.4825362E-13
9.000E-2 3.68578484E-13
1.000E-1 5.44258062E-13
1.100E-1 8.00659206E-13
1.200E-1 1.17477312E-12
1.300E-1 1.72059099E-12
1.400E-1 2.51701697E-12
1.500E-1 3.67954796E-12
1.600E-1 5.37755523E-12
1.700E-1 7.85990611E-12
1.800E-1 1.1493007E-11
1.900E-1 1.68173469E-11
2.000E-1 2.46315925E-11
2.100E-1 3.6117707E-11
2.200E-1 5.30271532E-11
2.300E-1 7.79580558E-11
2.400E-1 1.14767828E-10
2.500E-1 1.69187581E-10
2.600E-1 2.49737137E-10
2.700E-1 3.69087938E-10
2.800E-1 5.46093361E-10
2.900E-1 8.08813641E-10
3.000E-1 1.19902303E-9
3.100E-1 1.77892612E-9
3.200E-1 2.64116668E-9
3.300E-1 3.92374393E-9
3.400E-1 5.83224296E-9
3.500E-1 8.67296651E-9
3.600E-1 1.29023136E-8
3.700E-1 1.9200017E-8
3.800E-1 2.8580042E-8
3.900E-1 4.25521208E-8
4.000E-1 6.33673195E-8
4.100E-1 9.43777126E-8
4.200E-1 1.40580305E-7
4.300E-1 2.09416913E-7
4.400E-1 3.11970751E-7
4.500E-1 4.64740736E-7
