1.8000E-2 1.5000E-7
3.8100E-2 3.8800E-7
5.8300E-2 6.5840E-7
7.8600E-2 9.9480E-7
9.8700E-2 1.4000E-6
1.1890E-1 1.9480E-6
1.3910E-1 2.6700E-6
1.5920E-1 3.6550E-6
1.7940E-1 5.0920E-6
1.9960E-1 7.3040E-6
2.1990E-1 1.0937E-5
2.4000E-1 1.6000E-5
2.6010E-1 2.8400E-5
2.8020E-1 4.9430E-5
3.0030E-1 8.9610E-5
3.2040E-1 1.5000E-4
3.4060E-1 3.2180E-4
3.6080E-1 6.2430E-4
3.8090E-1 1.2070E-3
4.0110E-1 2.2970E-3
4.2130E-1 4.2570E-3
4.4140E-1 7.4930E-3
4.6140E-1 1.2450E-2
4.8130E-1 1.9480E-2
5.0120E-1 2.8720E-2
