-9.0045450E-2 -4.2240940E-6
-5.9915070E-2 -2.8336270E-6
-2.9967310E-2 -1.4471530E-6
5.0634150E-5 -1.1458080E-8
1.0025170E-2 4.7229700E-7
2.0137550E-2 9.7287120E-7
3.0019760E-2 1.4755480E-6
4.0006640E-2 2.0301410E-6
4.9947260E-2 2.5878420E-6
5.9876920E-2 3.1693780E-6
6.9874760E-2 3.7914890E-6
7.9998490E-2 4.4229200E-6
8.9962010E-2 5.1698590E-6
9.9971290E-2 5.9593990E-6
1.0999200E-1 6.9674060E-6
1.2003560E-1 7.9797230E-6
1.2995390E-1 9.2473360E-6
1.4000840E-1 1.0817300E-5
1.5001820E-1 1.2754170E-5
1.5998170E-1 1.5176430E-5
1.7000250E-1 1.8070730E-5
1.8000030E-1 2.2300530E-5
1.8993000E-1 2.7633900E-5
1.9996210E-1 3.5731660E-5
2.0997140E-1 4.4754920E-5
2.2014240E-1 5.8373360E-5
2.2983260E-1 7.4248780E-5
2.4003600E-1 9.9138750E-5
2.4995420E-1 1.3312530E-4
2.5997500E-1 1.7906560E-4
2.6989320E-1 2.3237620E-4
2.7991390E-1 3.2000570E-4
2.8992320E-1 4.2870870E-4
3.0005840E-1 6.0226280E-4
3.0997660E-1 7.9773130E-4
3.1984900E-1 1.0615380E-3
3.2996080E-1 1.4144500E-3
3.3992480E-1 1.9342560E-3
3.4984300E-1 2.4886580E-3
3.6001210E-1 3.2269900E-3
3.6990740E-1 3.9997440E-3
3.7997390E-1 5.1196720E-3
3.8990350E-1 6.3022430E-3
3.9999250E-1 7.8782900E-3
4.0991070E-1 9.3617940E-3
4.2000010E-1 1.1232090E-2
4.3010040E-1 1.2992080E-2
4.3995050E-1 1.5066070E-2
4.4991400E-1 1.6942520E-2
4.5992370E-1 1.9356000E-2
4.6997830E-1 2.1676200E-2
4.8002200E-1 2.4459290E-2
4.9002030E-1 2.6884930E-2
5.0002960E-1 2.9599070E-2
5.0997070E-1 3.2072800E-2
