-9.0021130E-2 -4.1860510E-6
-5.9902670E-2 -2.8597620E-6
-3.0057910E-2 -1.4024350E-6
2.9090050E-4 -2.0688090E-8
9.5503330E-3 4.6105380E-7
1.9992350E-2 9.5703510E-7
3.0145170E-2 1.4519390E-6
3.9960380E-2 2.0810780E-6
4.9992560E-2 2.5741050E-6
5.9842110E-2 3.2048280E-6
7.0056440E-2 3.6832100E-6
7.9871650E-2 4.4547980E-6
8.9983460E-2 5.1099290E-6
9.9924090E-2 6.0702440E-6
1.1009310E-1 6.8702960E-6
1.1987450E-1 7.9677360E-6
1.2999730E-1 9.0181370E-6
1.4002940E-1 1.0697100E-5
1.5000440E-1 1.2573040E-5
1.5997930E-1 1.4566710E-5
1.6998860E-1 1.7714380E-5
1.7996360E-1 2.1454110E-5
1.8990420E-1 2.7240280E-5
1.9997020E-1 3.3518780E-5
2.1000240E-1 4.2836490E-5
2.2010520E-1 5.4136860E-5
2.2994330E-1 7.0438820E-5
2.3996400E-1 9.3821280E-5
2.4995040E-1 1.2433200E-4
2.5990250E-1 1.6130040E-4
2.6995750E-1 2.1854210E-4
2.7984140E-1 2.9326720E-4
2.8995320E-1 4.0162080E-4
2.9989390E-1 5.4101020E-4
3.1002860E-1 7.2309750E-4
3.1991240E-1 9.7271920E-4
3.2997850E-1 1.3338220E-3
3.3993100E-1 1.7476320E-3
3.5001990E-1 2.3083980E-3
3.6000630E-1 2.9460620E-3
3.7005000E-1 3.7962220E-3
3.7992240E-1 4.8030170E-3
3.8995410E-1 6.0005780E-3
3.9990660E-1 7.3374470E-3
4.0999560E-1 8.7633840E-3
4.2009590E-1 1.0461620E-2
4.3005940E-1 1.2376640E-2
4.3998910E-1 1.4233350E-2
4.5005510E-1 1.6324100E-2
4.5988230E-1 1.8590990E-2
4.6999410E-1 2.0876970E-2
4.8002580E-1 2.3256230E-2
4.9002360E-1 2.5545690E-2
5.0005580E-1 2.8217510E-2
5.1003070E-1 3.0819220E-2
