0.000E+0 0
1.000E-2 1.32259664E-14
2.000E-2 3.22239035E-14
3.000E-2 5.95439307E-14
4.000E-2 9.88617791E-14
5.000E-2 1.55475275E-13
6.000E-2 2.37019967E-13
7.000E-2 3.54500975E-13
8.000E-2 5.23781439E-13
9.000E-2 7.67730846E-13
1.000E-1 1.11932786E-12
1.100E-1 1.62614515E-12
1.200E-1 2.35683678E-12
1.300E-1 3.41053013E-12
1.400E-1 4.93043225E-12
1.500E-1 7.12355507E-12
1.600E-1 1.02893254E-11
1.700E-1 1.48610982E-11
1.800E-1 2.1466407E-11
1.900E-1 3.10144238E-11
2.000E-1 4.48229255E-11
2.100E-1 6.48026151E-11
2.200E-1 9.37247014E-11
2.300E-1 1.35609313E-10
2.400E-1 1.96289235E-10
2.500E-1 2.84227914E-10
2.600E-1 4.1170597E-10
2.700E-1 5.96541283E-10
2.800E-1 8.64580453E-10
2.900E-1 1.25330307E-9
3.000E-1 1.81702616E-9
3.100E-1 2.6343988E-9
3.200E-1 3.8192596E-9
3.300E-1 5.53540737E-9
3.400E-1 8.0194019E-9
3.500E-1 1.16096268E-8
3.600E-1 1.6788211E-8
3.700E-1 2.42357295E-8
3.800E-1 3.49004012E-8
3.900E-1 5.00782756E-8
4.000E-1 7.14916867E-8
4.100E-1 1.01335768E-7
4.200E-1 1.42242697E-7
4.300E-1 1.97055018E-7
4.400E-1 2.68387154E-7
4.500E-1 3.57966703E-7
