0.000E+0 0
1.000E-2 4.66036383E-13
2.000E-2 1.13297478E-12
3.000E-2 2.08881717E-12
4.000E-2 3.46005275E-12
5.000E-2 5.42846787E-12
6.000E-2 8.25530256E-12
7.000E-2 1.2315979E-11
8.000E-2 1.8150058E-11
9.000E-2 2.65331549E-11
1.000E-1 3.85805618E-11
1.100E-1 5.58967098E-11
1.200E-1 8.0790985E-11
1.300E-1 1.16589699E-10
1.400E-1 1.68087519E-10
1.500E-1 2.42201287E-10
1.600E-1 3.48917652E-10
1.700E-1 5.02667311E-10
1.800E-1 7.24318627E-10
1.900E-1 1.04407055E-9
2.000E-1 1.50565097E-9
2.100E-1 2.17241019E-9
2.200E-1 3.13616503E-9
2.300E-1 4.53003528E-9
2.400E-1 6.54707345E-9
2.500E-1 9.4672991E-9
2.600E-1 1.36969211E-8
2.700E-1 1.98252225E-8
2.800E-1 2.87070157E-8
2.900E-1 4.15820655E-8
3.000E-1 6.02478368E-8
3.100E-1 8.73089237E-8
3.200E-1 1.26536228E-7
3.300E-1 1.83382025E-7
3.400E-1 2.65714923E-7
3.500E-1 3.84857652E-7
3.600E-1 5.57035994E-7
3.700E-1 8.05359591E-7
3.800E-1 1.16244704E-6
3.900E-1 1.67372947E-6
4.000E-1 2.40124502E-6
4.100E-1 3.42721839E-6
4.200E-1 4.85572778E-6
4.300E-1 6.80913499E-6
4.400E-1 9.41383093E-6
4.500E-1 1.27688451E-5
