4.130E-2 -6.284E+0
5.110E-2 -9.680E+0
6.060E-2 -9.048E+0
7.120E-2 -1.783E+0
8.170E-2 4.211E+0
9.170E-2 5.604E+0
1.016E-1 4.086E+0
1.116E-1 2.299E+0
1.217E-1 1.862E+0
1.325E-1 2.498E+0
1.418E-1 2.112E+0
1.517E-1 6.195E-1
1.619E-1 -5.807E-1
1.718E-1 -9.219E-1
1.819E-1 -3.039E-1
1.920E-1 4.995E-1
2.019E-1 7.917E-1
2.119E-1 8.861E-1
2.216E-1 8.152E-1
2.320E-1 6.582E-1
2.420E-1 9.311E-1
2.519E-1 1.293E+0
2.620E-1 1.000E+0
2.720E-1 1.516E-1
2.820E-1 -6.285E-1
2.918E-1 -9.871E-1
3.018E-1 -9.045E-1
3.120E-1 -7.820E-1
3.218E-1 -1.131E+0
3.319E-1 -1.877E+0
3.419E-1 -2.169E+0
3.518E-1 -7.813E-1
3.619E-1 2.012E+0
3.727E-1 3.508E+0
3.815E-1 1.475E+0
3.913E-1 -1.344E+0
4.011E-1 -1.283E+0
4.109E-1 3.454E-1
4.206E-1 1.646E+0
4.304E-1 1.961E+0
4.401E-1 1.471E+0
4.496E-1 4.311E-1
4.592E-1 -6.605E-1
4.689E-1 -1.149E+0
4.782E-1 -1.164E+0
4.874E-1 -1.499E+0
4.964E-1 -2.126E+0
5.055E-1 -2.246E+0
