0.000E+0 0
1.000E-2 1.35043483E-14
2.000E-2 3.32788377E-14
3.000E-2 6.22858232E-14
4.000E-2 1.04883885E-13
5.000E-2 1.67484149E-13
6.000E-2 2.5951469E-13
7.000E-2 3.94837875E-13
8.000E-2 5.93834188E-13
9.000E-2 8.86467795E-13
1.000E-1 1.31680029E-12
1.100E-1 1.9496441E-12
1.200E-1 2.88038287E-12
1.300E-1 4.24948753E-12
1.400E-1 6.26400615E-12
1.500E-1 9.22942454E-12
1.600E-1 1.3596964E-11
1.700E-1 2.00338714E-11
1.800E-1 2.9527961E-11
1.900E-1 4.35431882E-11
2.000E-1 6.42512424E-11
2.100E-1 9.48763838E-11
2.200E-1 1.40208964E-10
2.300E-1 2.07370211E-10
2.400E-1 3.06951295E-10
2.500E-1 4.5470991E-10
2.600E-1 6.74097224E-10
2.700E-1 1.00002143E-9
2.800E-1 1.4844522E-9
2.900E-1 2.20476449E-9
3.000E-1 3.27596122E-9
3.100E-1 4.87010542E-9
3.200E-1 7.24182129E-9
3.300E-1 1.07709072E-8
3.400E-1 1.60215764E-8
3.500E-1 2.38314046E-8
3.600E-1 3.5441467E-8
3.700E-1 5.26855576E-8
3.800E-1 7.82571177E-8
3.900E-1 1.16114793E-7
4.000E-1 1.71956288E-7
4.100E-1 2.53937155E-7
4.200E-1 3.73433681E-7
4.300E-1 5.45787859E-7
4.400E-1 7.90594707E-7
4.500E-1 1.13072401E-6
