0.000E+0 0
1.000E-2 3.15436071E-13
2.000E-2 7.60310687E-13
3.000E-2 1.38810933E-12
4.000E-2 2.27431832E-12
5.000E-2 3.52553564E-12
6.000E-2 5.29241588E-12
7.000E-2 7.78772208E-12
8.000E-2 1.13120097E-11
9.000E-2 1.62899154E-11
1.000E-1 2.33215099E-11
1.100E-1 3.32550084E-11
1.200E-1 4.72897773E-11
1.300E-1 6.71223346E-11
1.400E-1 9.51533804E-11
1.500E-1 1.34781473E-10
1.600E-1 1.9081972E-10
1.700E-1 2.70087122E-10
1.800E-1 3.82247852E-10
1.900E-1 5.41002477E-10
2.000E-1 7.65778683E-10
2.100E-1 1.08413081E-9
2.200E-1 1.53514505E-9
2.300E-1 2.17427081E-9
2.400E-1 3.08017396E-9
2.500E-1 4.36445417E-9
2.600E-1 6.18541556E-9
2.700E-1 8.76756557E-9
2.800E-1 1.24291928E-8
2.900E-1 1.76213082E-8
3.000E-1 2.49825063E-8
3.100E-1 3.54160153E-8
3.200E-1 5.01974312E-8
3.300E-1 7.11246787E-8
3.400E-1 1.00724848E-7
3.500E-1 1.42537766E-7
3.600E-1 2.01500897E-7
3.700E-1 2.84468505E-7
3.800E-1 4.00911748E-7
3.900E-1 5.63872819E-7
4.000E-1 7.91298109E-7
4.100E-1 1.10795881E-6
4.200E-1 1.54826289E-6
4.300E-1 2.16036811E-6
4.400E-1 3.0118877E-6
4.500E-1 4.19755309E-6
