0.000E+0 -0.191875135
1.000E-2 -0.191856455
2.000E-2 -0.191836868
3.000E-2 -0.191816054
4.000E-2 -0.191793569
5.000E-2 -0.191768793
6.000E-2 -0.191740856
7.000E-2 -0.191708539
8.000E-2 -0.191670134
9.000E-2 -0.191623246
1.000E-1 -0.191564512
1.100E-1 -0.191489209
1.200E-1 -0.191390694
1.300E-1 -0.19125962
1.400E-1 -0.191082824
1.500E-1 -0.190841741
1.600E-1 -0.190510179
1.700E-1 -0.190051139
1.800E-1 -0.189412328
1.900E-1 -0.18851978
2.000E-1 -0.187268815
2.100E-1 -0.185511218
2.200E-1 -0.18303705
2.300E-1 -0.179548857
2.400E-1 -0.1746251
2.500E-1 -0.167668318
2.600E-1 -0.157831685
2.700E-1 -0.143915014
2.800E-1 -0.124217662
2.900E-1 -0.0963307534
3.000E-1 -0.0568443022
3.100E-1 -0.000935582811
3.200E-1 0.078206965
