-9.0065000E-2 -3.8116170E-4
-5.9981350E-2 -2.5478930E-4
-3.0011650E-2 -1.2798190E-4
3.6478040E-5 -5.8654170E-9
9.9718270E-3 4.3029490E-5
1.9923690E-2 8.4892440E-5
3.0007360E-2 1.2916050E-4
3.9993760E-2 1.7324350E-4
4.9991130E-2 2.1743660E-4
5.9977530E-2 2.6187320E-4
6.9975380E-2 3.0648960E-4
8.0018520E-2 3.5107140E-4
8.9970590E-2 3.9682440E-4
1.0001370E-1 4.4313400E-4
1.0998820E-1 4.9071360E-4
1.1999750E-1 5.3843250E-4
1.2997200E-1 5.8738650E-4
1.3998130E-1 6.3763950E-4
1.5001300E-1 6.9061780E-4
1.5997650E-1 7.4565480E-4
1.6999670E-1 8.0387550E-4
1.7996030E-1 8.6444450E-4
1.8999200E-1 9.3009930E-4
1.9995550E-1 1.0008160E-3
2.0997570E-1 1.0812080E-3
2.1997640E-1 1.1680130E-3
2.2992850E-1 1.2671030E-3
2.3996020E-1 1.3797530E-3
2.4993520E-1 1.5129150E-3
2.5994400E-1 1.6680420E-3
2.6996470E-1 1.8538780E-3
2.7995060E-1 2.0745420E-3
2.8995990E-1 2.3395940E-3
2.9993490E-1 2.6669970E-3
3.0995510E-1 3.0660220E-3
3.1995300E-1 3.5602560E-3
3.2997320E-1 4.1527690E-3
3.3995960E-1 4.8734020E-3
3.4994600E-1 5.7363570E-3
3.5997770E-1 6.7797010E-3
3.6992980E-1 8.0060420E-3
3.7997290E-1 9.4459760E-3
3.8993640E-1 1.1056770E-2
3.9994570E-1 1.2929100E-2
4.0997740E-1 1.4987380E-2
4.1995240E-1 1.7254200E-2
4.2999550E-1 1.9708160E-2
4.3995900E-1 2.2388040E-2
4.4996830E-1 2.5240560E-2
4.5994330E-1 2.8281930E-2
4.6999790E-1 3.1404390E-2
