0.000E+0 0
1.000E-2 1.30610655E-15
2.000E-2 3.20071659E-15
3.000E-2 5.95575567E-15
4.000E-2 9.96812776E-15
5.000E-2 1.58167993E-14
6.000E-2 2.43458353E-14
7.000E-2 3.67851928E-14
8.000E-2 5.49265128E-14
9.000E-2 8.1379162E-14
1.000E-1 1.19943645E-13
1.100E-1 1.76157154E-13
1.200E-1 2.58092379E-13
1.300E-1 3.77530092E-13
1.400E-1 5.51685051E-13
1.500E-1 8.05752949E-13
1.600E-1 1.17667792E-12
1.700E-1 1.71873636E-12
1.800E-1 2.51182508E-12
1.900E-1 3.67377596E-12
2.000E-1 5.37866567E-12
2.100E-1 7.88414007E-12
2.200E-1 1.15715954E-11
2.300E-1 1.70069642E-11
2.400E-1 2.50301669E-11
2.500E-1 3.68888116E-11
2.600E-1 5.44371642E-11
2.700E-1 8.04324616E-11
2.800E-1 1.18976252E-10
2.900E-1 1.76171814E-10
3.000E-1 2.61103536E-10
3.100E-1 3.87295998E-10
3.200E-1 5.74887774E-10
3.300E-1 8.53870013E-10
3.400E-1 1.26891103E-9
3.500E-1 1.88654277E-9
3.600E-1 2.80586309E-9
3.700E-1 4.17446892E-9
3.800E-1 6.21216535E-9
3.900E-1 9.2462212E-9
4.000E-1 1.3763743E-8
4.100E-1 2.04893769E-8
4.200E-1 3.05003876E-8
4.300E-1 4.53967659E-8
4.400E-1 6.75521634E-8
4.500E-1 1.0048344E-7
