0.000E+0 0
1.000E-2 7.35373745E-13
2.000E-2 1.76849206E-12
3.000E-2 3.22057036E-12
4.000E-2 5.26216309E-12
5.000E-2 8.13325045E-12
6.000E-2 1.21715171E-11
7.000E-2 1.78521778E-11
8.000E-2 2.58440856E-11
9.000E-2 3.70888123E-11
1.000E-1 5.29121553E-11
1.100E-1 7.51814272E-11
1.200E-1 1.06527413E-10
1.300E-1 1.50657673E-10
1.400E-1 2.12798905E-10
1.500E-1 3.00321642E-10
1.600E-1 4.2362255E-10
1.700E-1 5.97370674E-10
1.800E-1 8.42267847E-10
1.900E-1 1.18753549E-9
2.000E-1 1.67442762E-9
2.100E-1 2.36119372E-9
2.200E-1 3.33008996E-9
2.300E-1 4.69728448E-9
2.400E-1 6.62685158E-9
2.500E-1 9.35054333E-9
2.600E-1 1.31957243E-8
2.700E-1 1.86248397E-8
2.800E-1 2.62911811E-8
2.900E-1 3.71176786E-8
3.000E-1 5.24082293E-8
3.100E-1 7.40049999E-8
3.200E-1 1.04510687E-7
3.300E-1 1.47602563E-7
3.400E-1 2.08473967E-7
3.500E-1 2.94466606E-7
3.600E-1 4.15955118E-7
3.700E-1 5.87592129E-7
3.800E-1 8.30083357E-7
3.900E-1 1.17268417E-6
4.000E-1 1.65672936E-6
4.100E-1 2.34061946E-6
4.200E-1 3.30686399E-6
4.300E-1 4.67202853E-6
4.400E-1 6.60078602E-6
4.500E-1 9.32572055E-6
