0.000E+0 0
1.000E-2 5.45917032E-15
2.000E-2 1.33590242E-14
3.000E-2 2.47993087E-14
4.000E-2 4.13745235E-14
5.000E-2 6.53961467E-14
6.000E-2 1.00214715E-13
7.000E-2 1.50686805E-13
8.000E-2 2.23852499E-13
9.000E-2 3.29918872E-13
1.000E-1 4.83688949E-13
1.100E-1 7.06639818E-13
1.200E-1 1.02994764E-12
1.300E-1 1.49889505E-12
1.400E-1 2.17929793E-12
1.500E-1 3.16688311E-12
1.600E-1 4.60097903E-12
1.700E-1 6.68451012E-12
1.800E-1 9.71320414E-12
1.900E-1 1.41182634E-11
2.000E-1 2.05287131E-11
2.100E-1 2.98625027E-11
2.200E-1 4.34596314E-11
2.300E-1 6.32766913E-11
2.400E-1 9.21711726E-11
2.500E-1 1.34316979E-10
2.600E-1 1.95811717E-10
2.700E-1 2.85564329E-10
2.800E-1 4.16592506E-10
2.900E-1 6.07919116E-10
3.000E-1 8.87344317E-10
3.100E-1 1.29549772E-9
3.200E-1 1.89176187E-9
3.300E-1 2.76293123E-9
3.400E-1 4.03587028E-9
3.500E-1 5.89601762E-9
3.600E-1 8.61443663E-9
3.700E-1 1.25873597E-8
3.800E-1 1.83939975E-8
3.900E-1 2.68810484E-8
4.000E-1 3.92862426E-8
4.100E-1 5.74189486E-8
4.200E-1 8.39241956E-8
4.300E-1 1.22668641E-7
4.400E-1 1.7930479E-7
4.500E-1 2.62095794E-7
