1.042E-3 -2.293E-4
1.062E-2 -2.278E-4
2.052E-2 -2.264E-4
3.017E-2 -2.245E-4
4.013E-2 -2.229E-4
5.000E-2 -2.212E-4
6.079E-2 -2.191E-4
7.071E-2 -2.173E-4
8.069E-2 -2.155E-4
9.054E-2 -2.136E-4
1.003E-1 -2.115E-4
1.113E-1 -2.093E-4
1.212E-1 -2.072E-4
1.310E-1 -2.049E-4
1.409E-1 -2.024E-4
1.509E-1 -1.998E-4
1.617E-1 -1.968E-4
1.716E-1 -1.938E-4
1.815E-1 -1.908E-4
1.914E-1 -1.878E-4
2.012E-1 -1.843E-4
2.110E-1 -1.805E-4
2.221E-1 -1.760E-4
2.320E-1 -1.715E-4
2.418E-1 -1.669E-4
2.516E-1 -1.620E-4
2.614E-1 -1.572E-4
2.725E-1 -1.508E-4
2.822E-1 -1.450E-4
2.922E-1 -1.392E-4
3.018E-1 -1.327E-4
3.119E-1 -1.256E-4
3.229E-1 -1.181E-4
3.328E-1 -1.104E-4
3.424E-1 -1.029E-4
3.524E-1 -9.478E-5
3.622E-1 -8.613E-5
3.734E-1 -7.657E-5
3.830E-1 -6.756E-5
3.930E-1 -5.800E-5
4.029E-1 -4.910E-5
4.225E-1 -2.817E-5
4.435E-1 -4.729E-6
4.629E-1 1.826E-5
4.839E-1 4.261E-5
5.036E-1 6.766E-5
5.541E-1 1.307E-4
6.046E-1 1.935E-4
6.549E-1 2.537E-4
7.052E-1 3.097E-4
7.556E-1 3.632E-4
8.061E-1 4.131E-4
8.566E-1 4.618E-4
9.068E-1 5.070E-4
9.571E-1 5.512E-4
1.006E+0 5.927E-4
