0.000E+0 0
1.000E-2 3.48194426E-12
2.000E-2 8.31892088E-12
3.000E-2 1.50583133E-11
4.000E-2 2.4448228E-11
5.000E-2 3.75357644E-11
6.000E-2 5.5783078E-11
7.000E-2 8.12294365E-11
8.000E-2 1.1672209E-10
9.000E-2 1.66238614E-10
1.000E-1 2.35334386E-10
1.100E-1 3.31777476E-10
1.200E-1 4.66432189E-10
1.300E-1 6.54502808E-10
1.400E-1 9.17279158E-10
1.500E-1 1.28458823E-9
1.600E-1 1.79823812E-9
1.700E-1 2.51685645E-9
1.800E-1 3.52268862E-9
1.900E-1 4.93115009E-9
2.000E-1 6.9042509E-9
2.100E-1 9.66945161E-9
2.200E-1 1.35461801E-8
2.300E-1 1.8983079E-8
2.400E-1 2.66103635E-8
2.500E-1 3.73134078E-8
2.600E-1 5.23361744E-8
2.700E-1 7.34265903E-8
2.800E-1 1.03040883E-7
2.900E-1 1.4463081E-7
3.000E-1 2.03047393E-7
3.100E-1 2.85108436E-7
3.200E-1 4.00396248E-7
3.300E-1 5.6237897E-7
3.400E-1 7.89986736E-7
3.500E-1 1.1098271E-6
3.600E-1 1.55929889E-6
3.700E-1 2.19096848E-6
3.800E-1 3.0787199E-6
3.900E-1 4.32639631E-6
4.000E-1 6.07994005E-6
4.100E-1 8.54444294E-6
4.200E-1 1.20080837E-5
4.300E-1 1.68757157E-5
4.400E-1 2.37159632E-5
4.500E-1 3.33271785E-5
