0.000E+0 0
1.000E-2 2.29124921E-13
2.000E-2 5.51286339E-13
3.000E-2 1.00473246E-12
4.000E-2 1.64343551E-12
5.000E-2 2.54356072E-12
6.000E-2 3.81260401E-12
7.000E-2 5.60230519E-12
8.000E-2 8.12690685E-12
9.000E-2 1.16889867E-11
1.000E-1 1.67160275E-11
1.100E-1 2.3812219E-11
1.200E-1 3.38318767E-11
1.300E-1 4.79835518E-11
1.400E-1 6.7977718E-11
1.500E-1 9.62363448E-11
1.600E-1 1.36190353E-10
1.700E-1 1.92701871E-10
1.800E-1 2.72663708E-10
1.900E-1 3.85850486E-10
2.000E-1 5.46127108E-10
2.100E-1 7.73164675E-10
2.200E-1 1.09487698E-9
2.300E-1 1.55088028E-9
2.400E-1 2.19740621E-9
2.500E-1 3.11427811E-9
2.600E-1 4.41481777E-9
2.700E-1 6.25991247E-9
2.800E-1 8.8779894E-9
2.900E-1 1.25933755E-8
3.000E-1 1.78665579E-8
3.100E-1 2.53513299E-8
3.200E-1 3.59758799E-8
3.300E-1 5.10577953E-8
3.400E-1 7.24671993E-8
3.500E-1 1.02857633E-7
3.600E-1 1.45992959E-7
3.700E-1 2.07209039E-7
3.800E-1 2.94064429E-7
3.900E-1 4.17254389E-7
4.000E-1 5.91888581E-7
4.100E-1 8.3926484E-7
4.200E-1 1.18930658E-6
4.300E-1 1.68386318E-6
4.400E-1 2.38107662E-6
4.500E-1 3.36096307E-6
