0.000E+0 0
1.000E-2 2.20215295E-12
2.000E-2 5.25896794E-12
3.000E-2 9.50976025E-12
4.000E-2 1.54304223E-11
5.000E-2 2.36871632E-11
6.000E-2 3.52111873E-11
7.000E-2 5.12992522E-11
8.000E-2 7.377107E-11
9.000E-2 1.05171947E-10
1.000E-1 1.49067287E-10
1.100E-1 2.10455997E-10
1.200E-1 2.9635419E-10
1.300E-1 4.16620373E-10
1.400E-1 5.85123344E-10
1.500E-1 8.21396495E-10
1.600E-1 1.15298255E-9
1.700E-1 1.61875826E-9
1.800E-1 2.27364983E-9
1.900E-1 3.19533525E-9
2.000E-1 4.49368618E-9
2.100E-1 6.32430227E-9
2.200E-1 8.90757759E-9
2.300E-1 1.25558295E-8
2.400E-1 1.77117901E-8
2.500E-1 2.5003241E-8
2.600E-1 3.53205684E-8
2.700E-1 4.99268597E-8
2.800E-1 7.06142003E-8
2.900E-1 9.99255574E-8
3.000E-1 1.41469767E-7
3.100E-1 2.00368665E-7
3.200E-1 2.83891721E-7
3.300E-1 4.0235666E-7
3.400E-1 5.70347975E-7
3.500E-1 8.08795553E-7
3.600E-1 1.14705655E-6
3.700E-1 1.62699953E-6
3.800E-1 2.30794259E-6
3.900E-1 3.27395695E-6
4.000E-1 4.64410186E-6
4.100E-1 6.5867939E-6
4.200E-1 9.33988247E-6
4.300E-1 1.32385008E-5
4.400E-1 1.87533333E-5
4.500E-1 2.65424096E-5
