0.000E+0 0
1.000E-2 2.02839097E-14
2.000E-2 4.88354902E-14
3.000E-2 8.91358782E-14
4.000E-2 1.46124691E-13
5.000E-2 2.26808749E-13
6.000E-2 3.41125367E-13
7.000E-2 5.03168115E-13
8.000E-2 7.32930075E-13
9.000E-2 1.05878812E-12
1.000E-1 1.52105164E-12
1.100E-1 2.17704504E-12
1.200E-1 3.10840613E-12
1.300E-1 4.43159276E-12
1.400E-1 6.31304175E-12
1.500E-1 8.99107923E-12
1.600E-1 1.28076325E-11
1.700E-1 1.82541705E-11
1.800E-1 2.60382983E-11
1.900E-1 3.71803259E-11
2.000E-1 5.31533382E-11
2.100E-1 7.60863975E-11
2.200E-1 1.09059383E-10
2.300E-1 1.56530856E-10
2.400E-1 2.24959072E-10
2.500E-1 3.2370345E-10
2.600E-1 4.66333348E-10
2.700E-1 6.72528384E-10
2.800E-1 9.7083796E-10
2.900E-1 1.4026888E-9
3.000E-1 2.02820532E-9
3.100E-1 2.93466339E-9
3.200E-1 4.24876936E-9
3.300E-1 6.15449583E-9
3.400E-1 8.91898919E-9
3.500E-1 1.29302019E-8
3.600E-1 1.87515537E-8
3.700E-1 2.72012626E-8
3.800E-1 3.94678571E-8
3.900E-1 5.7277336E-8
4.000E-1 8.31364113E-8
4.100E-1 1.20685264E-7
4.200E-1 1.75209325E-7
4.300E-1 2.54381172E-7
4.400E-1 3.69334934E-7
4.500E-1 5.36219829E-7
