0.000E+0 0
1.000E-2 1.70196736E-11
2.000E-2 4.0874179E-11
3.000E-2 7.43164264E-11
4.000E-2 1.21207897E-10
5.000E-2 1.86964998E-10
6.000E-2 2.7918523E-10
7.000E-2 4.08525718E-10
8.000E-2 5.89935985E-10
9.000E-2 8.44388099E-10
1.000E-1 1.20130523E-9
1.100E-1 1.7019711E-9
1.200E-1 2.40431697E-9
1.300E-1 3.3896433E-9
1.400E-1 4.77205783E-9
1.500E-1 6.71172659E-9
1.600E-1 9.43347402E-9
1.700E-1 1.32528819E-8
1.800E-1 1.86128887E-8
1.900E-1 2.61350719E-8
2.000E-1 3.66914161E-8
2.100E-1 5.15045798E-8
2.200E-1 7.22876435E-8
2.300E-1 1.01438228E-7
2.400E-1 1.42306866E-7
2.500E-1 1.99565597E-7
2.600E-1 2.79709559E-7
2.700E-1 3.91730932E-7
2.800E-1 5.48008695E-7
2.900E-1 7.654557E-7
3.000E-1 1.06685392E-6
3.100E-1 1.48306801E-6
3.200E-1 2.05405391E-6
3.300E-1 2.83208805E-6
3.400E-1 3.88393698E-6
3.500E-1 5.29463606E-6
3.600E-1 7.17362922E-6
3.700E-1 9.66558793E-6
3.800E-1 1.29683487E-5
3.900E-1 1.73590978E-5
4.000E-1 2.32264285E-5
4.100E-1 3.11063472E-5
4.200E-1 4.17177184E-5
4.300E-1 5.59972608E-5
4.400E-1 7.5130821E-5
4.500E-1 0.000100582702
