9.9173490E-3 7.2579370E-7
1.1773620E-2 8.6198090E-7
1.3863650E-2 1.0150630E-6
1.6324550E-2 1.1955340E-6
1.9222680E-2 1.4077410E-6
2.2625920E-2 1.6578510E-6
2.6646850E-2 1.9522070E-6
3.1375410E-2 2.2985620E-6
3.6942960E-2 2.7062470E-6
4.3502330E-2 3.1862860E-6
5.1226620E-2 3.7519200E-6
6.0318470E-2 4.4168690E-6
7.1026560E-2 5.2003730E-6
8.3634850E-2 6.1219280E-6
9.8482130E-2 7.2070210E-6
1.1596200E-1 8.4835740E-6
1.3655090E-1 9.9860530E-6
1.6081090E-1 1.1753510E-5
1.8935370E-1 1.3832370E-5
2.2298740E-1 1.6279720E-5
2.6254200E-1 1.9153220E-5
3.0914620E-1 2.2532450E-5
3.6403130E-1 2.6503420E-5
4.2863010E-1 3.1165150E-5
5.0473500E-1 3.6642380E-5
5.9435390E-1 4.3067790E-5
6.9982810E-1 5.0601940E-5
8.2404660E-1 5.9430970E-5
9.7032210E-1 6.9769960E-5
1.1425680E+0 8.1823380E-5
1.3453620E+0 9.5781180E-5
1.5841770E+0 1.1069360E-4
1.8653880E+0 1.2857430E-4
2.1963920E+0 1.4788200E-4
2.5862770E+0 1.6818010E-4
3.0455400E+0 1.8819950E-4
3.5859600E+0 2.0527750E-4
4.2223220E+0 2.1748550E-4
4.9717710E+0 2.2699080E-4
5.8544540E+0 2.3696620E-4
6.8940050E+0 2.7497450E-4
8.1172540E+0 3.2805480E-4
9.5582350E+0 3.8700520E-4
1.1254760E+1 4.6791170E-4
1.3252710E+1 5.6866560E-4
1.5605160E+1 7.0176690E-4
1.8375130E+1 8.9061740E-4
2.1633060E+1 1.0899980E-3
2.5479340E+1 1.4782790E-3
3.0000760E+1 1.9332390E-3
