0.000E+0 0
1.000E-2 3.89280218E-14
2.000E-2 9.41258337E-14
3.000E-2 1.72404376E-13
4.000E-2 2.83425764E-13
5.000E-2 4.40896967E-13
6.000E-2 6.6426351E-13
7.000E-2 9.81112965E-13
8.000E-2 1.43058604E-12
9.000E-2 2.06821829E-12
1.000E-1 2.97281357E-12
1.100E-1 4.25620257E-12
1.200E-1 6.07709959E-12
1.300E-1 8.66078013E-12
1.400E-1 1.23270264E-11
1.500E-1 1.75298178E-11
1.600E-1 2.49137031E-11
1.700E-1 3.53938695E-11
1.800E-1 5.02698692E-11
1.900E-1 7.13871575E-11
2.000E-1 1.01366538E-10
2.100E-1 1.4393007E-10
2.200E-1 2.04364E-10
2.300E-1 2.90176311E-10
2.400E-1 4.12030745E-10
2.500E-1 5.85073531E-10
2.600E-1 8.30817937E-10
2.700E-1 1.17982123E-9
2.800E-1 1.67548726E-9
2.900E-1 2.37946782E-9
3.000E-1 3.37933533E-9
3.100E-1 4.79948182E-9
3.200E-1 6.8166007E-9
3.300E-1 9.68167877E-9
3.400E-1 1.3751236E-8
3.500E-1 1.95317015E-8
3.600E-1 2.77424514E-8
3.700E-1 3.93464843E-8
3.800E-1 5.58883488E-8
3.900E-1 7.93854771E-8
4.000E-1 1.12762536E-7
4.100E-1 1.60174093E-7
4.200E-1 2.27521885E-7
4.300E-1 3.2318969E-7
4.400E-1 4.59087483E-7
4.500E-1 6.52134531E-7
