0.000E+0 0
1.000E-2 1.55210315E-13
2.000E-2 3.76603767E-13
3.000E-2 6.92444949E-13
4.000E-2 1.14306974E-12
5.000E-2 1.78604119E-12
6.000E-2 2.70350816E-12
7.000E-2 4.01270818E-12
8.000E-2 5.88095884E-12
9.000E-2 8.54705691E-12
1.000E-1 1.23518259E-11
1.100E-1 1.77817249E-11
1.200E-1 2.55311073E-11
1.300E-1 3.65911079E-11
1.400E-1 5.23765522E-11
1.500E-1 7.4907157E-11
1.600E-1 1.07066251E-10
1.700E-1 1.52970188E-10
1.800E-1 2.18495801E-10
1.900E-1 3.12033538E-10
2.000E-1 4.45562811E-10
2.100E-1 6.36187436E-10
2.200E-1 9.08327999E-10
2.300E-1 1.29685222E-9
2.400E-1 1.85154459E-9
2.500E-1 2.64348842E-9
2.600E-1 3.77417816E-9
2.700E-1 5.38853062E-9
2.800E-1 7.69346245E-9
2.900E-1 1.09844162E-8
3.000E-1 1.56832343E-8
3.100E-1 2.23922366E-8
3.200E-1 3.19714333E-8
3.300E-1 4.56487707E-8
3.400E-1 6.51775389E-8
3.500E-1 9.30611199E-8
3.600E-1 1.32873876E-7
3.700E-1 1.89719311E-7
3.800E-1 2.70884191E-7
3.900E-1 3.86772467E-7
4.000E-1 5.52238575E-7
4.100E-1 7.88490853E-7
4.200E-1 1.12580863E-6
4.300E-1 1.60742034E-6
4.400E-1 2.29503782E-6
4.500E-1 3.27675211E-6
