-9.0047360E-2 -1.9589660E-5
-5.9996600E-2 -1.3927390E-5
-3.0002120E-2 -7.4494910E-6
6.4665080E-4 -7.2758720E-9
9.8546150E-3 2.5273580E-6
1.9921270E-2 5.5995060E-6
2.9974940E-2 8.8514500E-6
3.9984700E-2 1.2095120E-5
5.0005440E-2 1.5829780E-5
5.9946540E-2 1.9799310E-5
7.0002080E-2 2.4134190E-5
8.0022810E-2 2.8800770E-5
9.0009690E-2 3.3747460E-5
1.0004190E-1 3.9686960E-5
1.0998340E-1 4.5932670E-5
1.1999270E-1 5.3625830E-5
1.3000250E-1 6.1163020E-5
1.3996650E-1 7.0029940E-5
1.4998720E-1 7.9360220E-5
1.5997410E-1 9.1503100E-5
1.7001770E-1 1.0429950E-4
1.7998170E-1 1.1990660E-4
1.9000290E-1 1.3658520E-4
1.9995550E-1 1.5735210E-4
2.0996480E-1 1.8149990E-4
2.1996590E-1 2.1175430E-4
2.2994140E-1 2.4342960E-4
2.4000790E-1 2.8438910E-4
2.4992660E-1 3.2722200E-4
2.5992490E-1 3.8518500E-4
2.6990030E-1 4.5139990E-4
2.7993250E-1 5.3375450E-4
2.8994230E-1 6.2357800E-4
2.9997440E-1 7.2988310E-4
3.0994990E-1 8.5139340E-4
3.1994820E-1 9.9267340E-4
3.2996940E-1 1.1526050E-3
3.3993340E-1 1.3291240E-3
3.4996600E-1 1.5050040E-3
3.5998680E-1 1.7170460E-3
3.6992790E-1 1.9352880E-3
3.7998340E-1 2.1801290E-3
3.8993600E-1 2.4207420E-3
3.9995720E-1 2.6759560E-3
4.0995550E-1 2.9419490E-3
4.1996480E-1 3.2239390E-3
4.3000890E-1 3.5281220E-3
4.3996140E-1 3.8147460E-3
4.4994830E-1 4.1153950E-3
4.5993520E-1 4.4014980E-3
4.6999030E-1 4.7370900E-3
4.8000000E-1 5.0574990E-3
4.9000980E-1 5.4192280E-3
5.0001910E-1 5.7317560E-3
5.0999450E-1 6.0741860E-3
5.2002720E-1 6.3852670E-3
5.2996830E-1 6.7518630E-3
5.4001240E-1 7.0971330E-3
5.5003310E-1 7.4769430E-3
5.6002000E-1 7.8255740E-3
5.7008700E-1 8.1893880E-3
5.8002810E-1 8.5335000E-3
5.9002640E-1 8.9115710E-3
6.0000180E-1 9.2920750E-3
