0.000E+0 0
1.000E-2 3.17973242E-14
2.000E-2 7.80940898E-14
3.000E-2 1.45533567E-13
4.000E-2 2.43802785E-13
5.000E-2 3.87027271E-13
6.000E-2 5.95805244E-13
7.000E-2 9.00174786E-13
8.000E-2 1.3439425E-12
9.000E-2 1.99099939E-12
1.000E-1 2.93453772E-12
1.100E-1 4.31050386E-12
1.200E-1 6.31723683E-12
1.300E-1 9.24414118E-12
1.400E-1 1.35135552E-11
1.500E-1 1.9741215E-11
1.600E-1 2.88273658E-11
1.700E-1 4.2085864E-11
1.800E-1 6.14341265E-11
1.900E-1 8.96720925E-11
2.000E-1 1.30888495E-10
2.100E-1 1.91053843E-10
2.200E-1 2.78887226E-10
2.300E-1 4.07121741E-10
2.400E-1 5.94352868E-10
2.500E-1 8.67737928E-10
2.600E-1 1.26693852E-9
2.700E-1 1.84987815E-9
2.800E-1 2.70115089E-9
2.900E-1 3.94430139E-9
3.000E-1 5.75975849E-9
3.100E-1 8.41102484E-9
3.200E-1 1.22829228E-8
3.300E-1 1.79374462E-8
3.400E-1 2.61953208E-8
3.500E-1 3.82551074E-8
3.600E-1 5.58671261E-8
3.700E-1 8.15874348E-8
3.800E-1 1.19148711E-7
3.900E-1 1.74001851E-7
4.000E-1 2.54106886E-7
4.100E-1 3.71088004E-7
4.200E-1 5.41920382E-7
4.300E-1 7.91393784E-7
4.400E-1 1.15571083E-6
4.500E-1 1.68774279E-6
