0.000E+0 0
1.000E-2 1.07378817E-15
2.000E-2 2.61811904E-15
3.000E-2 4.84507816E-15
4.000E-2 8.06186574E-15
5.000E-2 1.27132321E-14
6.000E-2 1.94428038E-14
7.000E-2 2.91817529E-14
8.000E-2 4.32771163E-14
9.000E-2 6.36777425E-14
1.000E-1 9.32042311E-14
1.100E-1 1.35941664E-13
1.200E-1 1.97812421E-13
1.300E-1 2.87413865E-13
1.400E-1 4.17246568E-13
1.500E-1 6.055194E-13
1.600E-1 8.78807635E-13
1.700E-1 1.27597309E-12
1.800E-1 1.85395153E-12
1.900E-1 2.69630271E-12
2.000E-1 3.92584676E-12
2.100E-1 5.72334511E-12
2.200E-1 8.35512232E-12
2.300E-1 1.22139147E-11
2.400E-1 1.78792893E-11
2.500E-1 2.62070222E-11
2.600E-1 3.8461337E-11
2.700E-1 5.65105807E-11
2.800E-1 8.31168021E-11
2.900E-1 1.22364334E-10
3.000E-1 1.80294151E-10
3.100E-1 2.6584285E-10
3.200E-1 3.9223258E-10
3.300E-1 5.79028511E-10
3.400E-1 8.55183993E-10
3.500E-1 1.2635499E-9
3.600E-1 1.86754431E-9
3.700E-1 2.76102634E-9
3.800E-1 4.08290077E-9
3.900E-1 6.03871511E-9
4.000E-1 8.93257402E-9
4.100E-1 1.32142701E-8
4.200E-1 1.95487469E-8
4.300E-1 2.89183343E-8
4.400E-1 4.27726608E-8
4.500E-1 6.32475788E-8
