0.000E+0 0
1.000E-2 2.33488704E-14
2.000E-2 5.64762193E-14
3.000E-2 1.03635433E-13
4.000E-2 1.70907828E-13
5.000E-2 2.66977159E-13
6.000E-2 4.04228618E-13
7.000E-2 6.00308394E-13
8.000E-2 8.80338588E-13
9.000E-2 1.28003188E-12
1.000E-1 1.85026989E-12
1.100E-1 2.66347362E-12
1.200E-1 3.82287211E-12
1.300E-1 5.4758292E-12
1.400E-1 7.8332787E-12
1.500E-1 1.11979993E-11
1.600E-1 1.60060294E-11
1.700E-1 2.28874832E-11
1.800E-1 3.27560465E-11
1.900E-1 4.69408566E-11
2.000E-1 6.7381004E-11
2.100E-1 9.69125404E-11
2.200E-1 1.39692153E-10
2.300E-1 2.01822793E-10
2.400E-1 2.92277817E-10
2.500E-1 4.24266517E-10
2.600E-1 6.17252462E-10
2.700E-1 8.99937535E-10
2.800E-1 1.3146748E-9
2.900E-1 1.92399564E-9
3.000E-1 2.82026582E-9
3.100E-1 4.1399723E-9
3.200E-1 6.08486419E-9
3.300E-1 8.95323813E-9
3.400E-1 1.31862397E-8
3.500E-1 1.94363614E-8
3.600E-1 2.86689628E-8
3.700E-1 4.23122278E-8
3.800E-1 6.24793708E-8
3.900E-1 9.2297268E-8
4.000E-1 1.3639262E-7
4.100E-1 2.01610767E-7
4.200E-1 2.98079362E-7
4.300E-1 4.40773041E-7
4.400E-1 6.51829192E-7
4.500E-1 9.63962228E-7
