0.000E+0 0
1.000E-2 1.00412566E-12
2.000E-2 2.42978055E-12
3.000E-2 4.4589504E-12
4.000E-2 7.34905084E-12
5.000E-2 1.14746777E-11
6.000E-2 1.73653051E-11
7.000E-2 2.57747262E-11
8.000E-2 3.77873011E-11
9.000E-2 5.49398775E-11
1.000E-1 7.94311729E-11
1.100E-1 1.1440054E-10
1.200E-1 1.64337886E-10
1.300E-1 2.35669261E-10
1.400E-1 3.37607485E-10
1.500E-1 4.83383982E-10
1.600E-1 6.92037726E-10
1.700E-1 9.91019697E-10
1.800E-1 1.41997216E-9
1.900E-1 2.03626233E-9
2.000E-1 2.92302631E-9
2.100E-1 4.20088765E-9
2.200E-1 6.04509909E-9
2.300E-1 8.71049393E-9
2.400E-1 1.25679173E-8
2.500E-1 1.81573794E-8
2.600E-1 2.6265618E-8
2.700E-1 3.80392818E-8
2.800E-1 5.51500769E-8
2.900E-1 8.00356802E-8
3.000E-1 1.16251046E-7
3.100E-1 1.68980366E-7
3.200E-1 2.45782411E-7
3.300E-1 3.57674069E-7
3.400E-1 5.20702051E-7
3.500E-1 7.58215362E-7
3.600E-1 1.10413533E-6
3.700E-1 1.60762825E-6
3.800E-1 2.33967217E-6
3.900E-1 3.40246796E-6
4.000E-1 4.94157903E-6
4.100E-1 7.16280256E-6
4.200E-1 1.03526683E-5
4.300E-1 1.49022138E-5
4.400E-1 2.13309431E-5
4.500E-1 3.0305224E-5
