0.000E+0 -0.369085655
1.000E-2 -0.369084149
2.000E-2 -0.369082469
3.000E-2 -0.369080544
4.000E-2 -0.369078279
5.000E-2 -0.369075541
6.000E-2 -0.36907214
7.000E-2 -0.369067813
8.000E-2 -0.369062188
9.000E-2 -0.369054743
1.000E-1 -0.369044745
1.100E-1 -0.369031164
1.200E-1 -0.369012552
1.300E-1 -0.368986876
1.400E-1 -0.368951277
1.500E-1 -0.368901738
1.600E-1 -0.368832613
1.700E-1 -0.368735968
1.800E-1 -0.368600648
1.900E-1 -0.36841098
2.000E-1 -0.36814493
2.100E-1 -0.367771536
2.200E-1 -0.367247281
2.300E-1 -0.366511013
2.400E-1 -0.365476813
2.500E-1 -0.364023978
2.600E-1 -0.361982996
2.700E-1 -0.359115895
2.800E-1 -0.35508878
2.900E-1 -0.349433531
3.000E-1 -0.341494552
3.100E-1 -0.330355061
3.200E-1 -0.314735693
3.300E-1 -0.292856161
3.400E-1 -0.262248622
3.500E-1 -0.219509637
3.600E-1 -0.159976618
3.700E-1 -0.0773149934
3.800E-1 0.0369973403
