-9.0088840E-2 -1.9427510E-4
-5.9970380E-2 -1.9288910E-4
-2.9943470E-2 -1.9141040E-4
-4.9501660E-5 -1.8990270E-4
1.0408910E-2 -1.8964170E-4
2.0020430E-2 -1.8876030E-4
2.9984950E-2 -1.8860960E-4
4.0005680E-2 -1.8787900E-4
4.9923420E-2 -1.8721200E-4
5.9898380E-2 -1.8666700E-4
6.9987300E-2 -1.8611610E-4
8.0007550E-2 -1.8540860E-4
8.9948180E-2 -1.8486360E-4
1.0002570E-1 -1.8390680E-4
1.1003490E-1 -1.8306590E-4
1.2002130E-1 -1.8194100E-4
1.2998490E-1 -1.8056090E-4
1.3997080E-1 -1.7879800E-4
1.5003730E-1 -1.7690750E-4
1.6003470E-1 -1.7407770E-4
1.6994140E-1 -1.7109710E-4
1.7999600E-1 -1.6685240E-4
1.8999390E-1 -1.6208000E-4
1.9994590E-1 -1.5451840E-4
2.1000050E-1 -1.4518220E-4
2.1998930E-1 -1.3139840E-4
2.2987320E-1 -1.1383970E-4
2.3998500E-1 -8.9291980E-5
2.4992560E-1 -5.9019690E-5
2.5992350E-1 -1.3320140E-5
2.7003530E-1 4.6480170E-5
2.7996440E-1 1.3265850E-4
2.9000810E-1 2.4508780E-4
2.9988000E-1 3.9014170E-4
3.0996940E-1 5.9135210E-4
3.1988720E-1 8.6600590E-4
3.2999900E-1 1.2249260E-3
3.3998540E-1 1.6084260E-3
3.5001710E-1 2.1803710E-3
3.5992380E-1 2.8381380E-3
3.6994460E-1 3.7086890E-3
3.7995340E-1 4.6367250E-3
3.9004230E-1 5.7293900E-3
3.9990330E-1 6.9176130E-3
4.1003800E-1 8.2971210E-3
4.1993330E-1 9.8468210E-3
4.3002220E-1 1.1388810E-2
4.3994000E-1 1.3078660E-2
4.4997220E-1 1.5018780E-2
4.5999240E-1 1.6894010E-2
4.7000170E-1 1.8864840E-2
4.8001100E-1 2.0890120E-2
4.8998590E-1 2.3038790E-2
5.0004050E-1 2.5372850E-2
5.0999260E-1 2.7542950E-2
5.2003620E-1 2.9847460E-2
5.2995400E-1 3.1947460E-2
