0.000E+0 0
1.000E-2 8.77012208E-14
2.000E-2 2.11316017E-13
3.000E-2 3.8558219E-13
4.000E-2 6.31283525E-13
5.000E-2 9.77730532E-13
6.000E-2 1.46625238E-12
7.000E-2 2.15513333E-12
8.000E-2 3.12656348E-12
9.000E-2 4.49644897E-12
1.000E-1 6.42825138E-12
1.100E-1 9.15251571E-12
1.200E-1 1.29944313E-11
1.300E-1 1.84127374E-11
1.400E-1 2.60546515E-11
1.500E-1 3.68334376E-11
1.600E-1 5.20379538E-11
1.700E-1 7.34873899E-11
1.800E-1 1.03749845E-10
1.900E-1 1.46451115E-10
2.000E-1 2.0671094E-10
2.100E-1 2.91759298E-10
2.200E-1 4.1180711E-10
2.300E-1 5.81276445E-10
2.400E-1 8.20538423E-10
2.500E-1 1.15836879E-9
2.600E-1 1.63541691E-9
2.700E-1 2.30910693E-9
2.800E-1 3.26056179E-9
2.900E-1 4.6043848E-9
3.000E-1 6.50247713E-9
3.100E-1 9.18355469E-9
3.200E-1 1.29707115E-8
3.300E-1 1.83203396E-8
3.400E-1 2.58770691E-8
3.500E-1 3.65512943E-8
3.600E-1 5.16285107E-8
3.700E-1 7.29318222E-8
3.800E-1 1.02996778E-7
3.900E-1 1.45460631E-7
4.000E-1 2.05429981E-7
4.100E-1 2.90053819E-7
4.200E-1 4.09338733E-7
4.300E-1 5.77579509E-7
4.400E-1 8.1471008E-7
4.500E-1 1.14838761E-6
4.600E-1 1.61759904E-6
4.700E-1 2.27576674E-6
4.800E-1 3.19915696E-6
4.900E-1 4.49297974E-6
5.000E-1 6.29747497E-6
5.100E-1 8.81423568E-6
5.200E-1 1.23104897E-5
5.300E-1 1.71465748E-5
5.400E-1 2.37985223E-5
5.500E-1 3.28849796E-5
5.600E-1 4.51971032E-5
5.700E-1 6.17342393E-5
5.800E-1 8.37470881E-5
5.900E-1 0.000112800385
6.000E-1 0.000150850061
6.100E-1 0.000200345891
6.200E-1 0.000264345632
