0.000E+0 0
1.000E-2 2.35652265E-14
2.000E-2 5.72675334E-14
3.000E-2 1.05500216E-13
4.000E-2 1.74557167E-13
5.000E-2 2.73453465E-13
6.000E-2 4.15100187E-13
7.000E-2 6.17986869E-13
8.000E-2 9.08592105E-13
9.000E-2 1.32483949E-12
1.000E-1 1.92105587E-12
1.100E-1 2.77509098E-12
1.200E-1 3.99854971E-12
1.300E-1 5.75151082E-12
1.400E-1 8.26371696E-12
1.500E-1 1.18651027E-11
1.600E-1 1.70298013E-11
1.700E-1 2.4439608E-11
1.800E-1 3.50755292E-11
1.900E-1 5.03498691E-11
2.000E-1 7.22968239E-11
2.100E-1 1.03847507E-10
2.200E-1 1.49226805E-10
2.300E-1 2.14526012E-10
2.400E-1 3.08528987E-10
2.500E-1 4.43903905E-10
2.600E-1 6.38921846E-10
2.700E-1 9.19934047E-10
2.800E-1 1.32494036E-9
2.900E-1 1.90871819E-9
3.000E-1 2.75022667E-9
3.100E-1 3.96315705E-9
3.200E-1 5.71109373E-9
3.300E-1 8.22908074E-9
3.400E-1 1.18542044E-8
3.500E-1 1.70686749E-8
3.600E-1 2.45605192E-8
3.700E-1 3.53054886E-8
3.800E-1 5.06849119E-8
3.900E-1 7.26436951E-8
4.000E-1 1.03914742E-7
4.100E-1 1.48340026E-7
4.200E-1 2.11343244E-7
4.300E-1 3.00629953E-7
4.400E-1 4.27203714E-7
4.500E-1 6.06781962E-7
