-8.9998250E-2 -5.0524720E-6
-6.0062410E-2 -3.4565640E-6
-2.9955390E-2 -1.7294900E-6
1.9195680E-4 -1.6425640E-8
9.5880030E-3 5.9628130E-7
2.0071240E-2 1.2167420E-6
3.0054090E-2 1.8434710E-6
3.9994720E-2 2.6040290E-6
5.0026890E-2 3.2509160E-6
6.0024260E-2 3.9902350E-6
6.9953920E-2 4.6648270E-6
7.9974170E-2 5.5179430E-6
8.9926720E-2 6.3590110E-6
1.0007240E-1 7.4281140E-6
1.0995630E-1 8.4506210E-6
1.2006810E-1 9.7021150E-6
1.3000870E-1 1.1197520E-5
1.4004090E-1 1.2796870E-5
1.5002730E-1 1.4889130E-5
1.5997930E-1 1.7138530E-5
1.7000010E-1 2.0398690E-5
1.7992930E-1 2.4381970E-5
1.8996140E-1 3.0041150E-5
1.9991350E-1 3.6833430E-5
2.1003680E-1 4.6083300E-5
2.2000270E-1 5.8024450E-5
2.2997760E-1 7.4362940E-5
2.4005510E-1 9.9587140E-5
2.4991610E-1 1.2686640E-4
2.5991390E-1 1.6854910E-4
2.7001430E-1 2.2558190E-4
2.7994390E-1 3.0949850E-4
2.8998710E-1 4.0949000E-4
2.9992820E-1 5.5193550E-4
3.1000570E-1 7.2123020E-4
3.1999210E-1 9.8624830E-4
3.2996700E-1 1.3317350E-3
3.3997630E-1 1.7609020E-3
3.4997420E-1 2.2878260E-3
3.5996060E-1 2.9790350E-3
3.6994700E-1 3.8179530E-3
3.7995620E-1 4.9055850E-3
3.9001130E-1 6.0117040E-3
3.9992900E-1 7.3468350E-3
4.0993830E-1 8.6848050E-3
4.1995910E-1 1.0431370E-2
4.2999120E-1 1.2197050E-2
4.3993190E-1 1.4161510E-2
4.4994120E-1 1.6230260E-2
4.6001910E-1 1.8591570E-2
4.7001700E-1 2.0717080E-2
4.8001480E-1 2.3078960E-2
4.8998980E-1 2.5265310E-2
5.0009010E-1 2.7935950E-2
5.0998540E-1 3.0474530E-2
