-9.0100290E-2 -2.0043330E-4
-5.9981820E-2 -1.9901260E-4
-3.0000690E-2 -1.9744120E-4
-8.4847210E-5 -1.9589290E-4
1.0383010E-2 -1.9554490E-4
2.0286650E-2 -1.9434460E-4
2.9984950E-2 -1.9430400E-4
3.9982800E-2 -1.9372410E-4
4.9980160E-2 -1.9332980E-4
6.0035230E-2 -1.9268610E-4
6.9987300E-2 -1.9205990E-4
8.0053330E-2 -1.9136400E-4
9.0051170E-2 -1.9031440E-4
1.0001420E-1 -1.8947360E-4
1.1000060E-1 -1.8865590E-4
1.1998700E-1 -1.8749040E-4
1.2998490E-1 -1.8608710E-4
1.4001660E-1 -1.8475330E-4
1.5004830E-1 -1.8286880E-4
1.6003470E-1 -1.8072900E-4
1.6991850E-1 -1.7754550E-4
1.7998460E-1 -1.7338770E-4
1.9003920E-1 -1.6771640E-4
1.9990020E-1 -1.6125080E-4
2.0998910E-1 -1.5201330E-4
2.1997790E-1 -1.4074040E-4
2.2990750E-1 -1.2395860E-4
2.3996210E-1 -1.0157520E-4
2.4985740E-1 -7.0111710E-5
2.5996920E-1 -2.8533410E-5
2.6984120E-1 2.6839350E-5
2.8004460E-1 9.8367410E-5
2.8989410E-1 2.0505210E-4
2.9996010E-1 3.5476240E-4
3.0995800E-1 5.4097710E-4
3.2006980E-1 7.9295690E-4
3.2996460E-1 1.1086840E-3
3.3999680E-1 1.5797410E-3
3.4996030E-1 2.0999980E-3
3.6000350E-1 2.7895200E-3
3.6989880E-1 3.5364680E-3
3.7996480E-1 4.5436600E-3
3.8984870E-1 5.6635630E-3
3.9996050E-1 7.0136900E-3
4.1002660E-1 8.4382820E-3
4.1999010E-1 1.0003510E-2
4.3004470E-1 1.1780410E-2
4.3998580E-1 1.3655650E-2
4.5001750E-1 1.5465420E-2
4.5992420E-1 1.7592670E-2
4.6995590E-1 1.9741920E-2
4.7999950E-1 2.2067280E-2
4.9003120E-1 2.4365990E-2
5.0005200E-1 2.6691940E-2
5.0989010E-1 2.9127960E-2
5.2000190E-1 3.1679820E-2
