7.461E-4 -2.316E-4
1.047E-2 -2.302E-4
2.040E-2 -2.286E-4
3.027E-2 -2.267E-4
3.998E-2 -2.248E-4
4.982E-2 -2.233E-4
6.104E-2 -2.212E-4
7.053E-2 -2.192E-4
8.046E-2 -2.174E-4
9.031E-2 -2.153E-4
1.002E-1 -2.134E-4
1.111E-1 -2.112E-4
1.211E-1 -2.089E-4
1.311E-1 -2.064E-4
1.407E-1 -2.041E-4
1.506E-1 -2.015E-4
1.618E-1 -1.987E-4
1.716E-1 -1.955E-4
1.814E-1 -1.928E-4
1.912E-1 -1.892E-4
2.011E-1 -1.860E-4
2.108E-1 -1.825E-4
2.221E-1 -1.779E-4
2.317E-1 -1.738E-4
2.416E-1 -1.691E-4
2.514E-1 -1.645E-4
2.614E-1 -1.599E-4
2.723E-1 -1.538E-4
2.820E-1 -1.484E-4
2.920E-1 -1.421E-4
3.018E-1 -1.362E-4
3.116E-1 -1.298E-4
3.226E-1 -1.226E-4
3.325E-1 -1.153E-4
3.423E-1 -1.077E-4
3.521E-1 -1.001E-4
3.620E-1 -9.211E-5
3.730E-1 -8.351E-5
3.831E-1 -7.511E-5
3.929E-1 -6.671E-5
4.025E-1 -5.805E-5
4.223E-1 -3.959E-5
4.432E-1 -1.972E-5
4.838E-1 2.007E-5
5.036E-1 3.999E-5
5.537E-1 8.970E-5
6.042E-1 1.351E-4
6.547E-1 1.776E-4
7.051E-1 2.168E-4
7.556E-1 2.530E-4
8.060E-1 2.883E-4
8.564E-1 3.215E-4
9.065E-1 3.529E-4
9.569E-1 3.833E-4
1.006E+0 4.119E-4
