0.000E+0 0
1.000E-2 3.47105767E-15
2.000E-2 8.56698864E-15
3.000E-2 1.60532308E-14
4.000E-2 2.70551305E-14
5.000E-2 4.32267392E-14
6.000E-2 6.69986037E-14
7.000E-2 1.01941481E-13
8.000E-2 1.53300215E-13
9.000E-2 2.28753609E-13
1.000E-1 3.39646691E-13
1.100E-1 5.02563199E-13
1.200E-1 7.41911665E-13
1.300E-1 1.09349647E-12
1.400E-1 1.60997661E-12
1.500E-1 2.36872029E-12
1.600E-1 3.4835256E-12
1.700E-1 5.12185961E-12
1.800E-1 7.53033696E-12
1.900E-1 1.10723829E-11
2.000E-1 1.62839356E-11
2.100E-1 2.39558566E-11
2.200E-1 3.52558808E-11
2.300E-1 5.19091016E-11
2.400E-1 7.64651053E-11
2.500E-1 1.12693384E-10
2.600E-1 1.66168643E-10
2.700E-1 2.45137253E-10
2.800E-1 3.61799947E-10
2.900E-1 5.34210794E-10
3.000E-1 7.89088705E-10
3.100E-1 1.16598027E-9
3.200E-1 1.72344648E-9
3.300E-1 2.54806933E-9
3.400E-1 3.76820558E-9
3.500E-1 5.57375254E-9
3.600E-1 8.24589831E-9
3.700E-1 1.22009684E-8
3.800E-1 1.80553908E-8
3.900E-1 2.67218935E-8
4.000E-1 3.95519556E-8
4.100E-1 5.85467444E-8
4.200E-1 8.66694678E-8
4.300E-1 1.2830793E-7
4.400E-1 1.89959393E-7
4.500E-1 2.8124884E-7
4.600E-1 4.16416201E-7
4.700E-1 6.16550257E-7
4.800E-1 9.12913909E-7
4.900E-1 1.35173066E-6
5.000E-1 2.00148316E-6
5.100E-1 2.96352416E-6
5.200E-1 4.38794381E-6
5.300E-1 6.4966917E-6
5.400E-1 9.61825235E-6
5.500E-1 1.42388925E-5
5.600E-1 2.10759352E-5
5.700E-1 3.11897603E-5
5.800E-1 4.61423528E-5
5.900E-1 6.82320854E-5
6.000E-1 0.000100828166
6.100E-1 0.000148851008
6.200E-1 0.00021942856
