1.013E-3 -2.673E-4
1.082E-2 -2.659E-4
2.047E-2 -2.640E-4
3.048E-2 -2.620E-4
4.027E-2 -2.597E-4
5.007E-2 -2.574E-4
6.108E-2 -2.548E-4
7.096E-2 -2.519E-4
8.090E-2 -2.492E-4
9.062E-2 -2.464E-4
1.005E-1 -2.433E-4
1.115E-1 -2.397E-4
1.214E-1 -2.360E-4
1.311E-1 -2.323E-4
1.412E-1 -2.284E-4
1.510E-1 -2.245E-4
1.621E-1 -2.196E-4
1.716E-1 -2.150E-4
1.817E-1 -2.100E-4
1.913E-1 -2.046E-4
2.013E-1 -1.992E-4
2.111E-1 -1.936E-4
2.223E-1 -1.870E-4
2.321E-1 -1.803E-4
2.418E-1 -1.740E-4
2.518E-1 -1.670E-4
2.615E-1 -1.598E-4
2.727E-1 -1.516E-4
2.825E-1 -1.436E-4
2.921E-1 -1.351E-4
3.023E-1 -1.265E-4
3.118E-1 -1.179E-4
3.230E-1 -1.073E-4
3.329E-1 -9.825E-5
3.426E-1 -8.950E-5
3.525E-1 -7.843E-5
3.622E-1 -6.721E-5
3.733E-1 -5.483E-5
3.832E-1 -4.372E-5
3.931E-1 -3.154E-5
4.027E-1 -1.917E-5
4.224E-1 6.993E-6
4.433E-1 3.723E-5
4.630E-1 6.781E-5
4.842E-1 1.026E-4
5.036E-1 1.362E-4
5.543E-1 2.302E-4
6.045E-1 3.354E-4
6.551E-1 4.423E-4
7.054E-1 5.464E-4
7.560E-1 6.437E-4
8.062E-1 7.425E-4
8.566E-1 8.379E-4
9.071E-1 9.261E-4
9.574E-1 1.012E-3
1.007E+0 1.096E-3
