0.000E+0 0
1.000E-2 3.80803381E-15
2.000E-2 9.33097313E-15
3.000E-2 1.73524858E-14
4.000E-2 2.90138307E-14
5.000E-2 4.59768011E-14
6.000E-2 7.06609175E-14
7.000E-2 1.06588811E-13
8.000E-2 1.58889375E-13
9.000E-2 2.35031214E-13
1.000E-1 3.4589264E-13
1.100E-1 5.07324111E-13
1.200E-1 7.42432101E-13
1.300E-1 1.08492115E-12
1.400E-1 1.5839895E-12
1.500E-1 2.31150737E-12
1.600E-1 3.37255074E-12
1.700E-1 4.92086874E-12
1.800E-1 7.18160564E-12
1.900E-1 1.04846897E-11
2.000E-1 1.53139058E-11
2.100E-1 2.23790256E-11
2.200E-1 3.27218371E-11
2.300E-1 4.787201E-11
2.400E-1 7.00762223E-11
2.500E-1 1.02634973E-10
2.600E-1 1.5039766E-10
2.700E-1 2.20490172E-10
2.800E-1 3.23383938E-10
2.900E-1 4.74466038E-10
3.000E-1 6.96343784E-10
3.100E-1 1.02222415E-9
3.200E-1 1.50086232E-9
3.300E-1 2.2037928E-9
3.400E-1 3.23586247E-9
3.500E-1 4.75050226E-9
3.600E-1 6.97171423E-9
3.700E-1 1.02253923E-8
3.800E-1 1.49832442E-8
3.900E-1 2.19228248E-8
4.000E-1 3.2006402E-8
4.100E-1 4.65777409E-8
4.200E-1 6.74664863E-8
4.300E-1 9.70701112E-8
4.400E-1 1.38348751E-7
4.500E-1 1.9462092E-7
