-9.0087890E-2 -1.7953870E-4
-6.0027120E-2 -1.7809480E-4
-2.9966350E-2 -1.7674370E-4
-9.4473360E-6 -1.7549700E-4
1.0259240E-2 -1.7496350E-4
1.9858930E-2 -1.7414590E-4
2.9995920E-2 -1.7384440E-4
3.9947990E-2 -1.7321230E-4
5.0025460E-2 -1.7281800E-4
5.9897900E-2 -1.7236570E-4
6.9941040E-2 -1.7151910E-4
7.9893110E-2 -1.7121180E-4
8.9970110E-2 -1.7033610E-4
9.9865440E-2 -1.6953590E-4
1.1013650E-1 -1.6892700E-4
1.1976960E-1 -1.6735550E-4
1.3019990E-1 -1.6632340E-4
1.3992400E-1 -1.6447940E-4
1.4996720E-1 -1.6251360E-4
1.5989640E-1 -1.6011870E-4
1.6998530E-1 -1.5702220E-4
1.7999460E-1 -1.5275420E-4
1.9007160E-1 -1.4714690E-4
1.9995550E-1 -1.3894740E-4
2.1004440E-1 -1.2864870E-4
2.1997590E-1 -1.1425630E-4
2.3007630E-1 -9.5203130E-5
2.3994870E-1 -7.2297290E-5
2.4993520E-1 -3.6733270E-5
2.5880380E-1 1.0244290E-5
2.6990750E-1 7.1523220E-5
2.8004220E-1 1.6780410E-4
2.9001670E-1 2.7557020E-4
3.0003740E-1 4.3027220E-4
3.0985260E-1 6.0198810E-4
3.1993010E-1 8.6007800E-4
3.2997320E-1 1.1815730E-3
3.3998250E-1 1.5676190E-3
3.4994600E-1 1.9654280E-3
3.5996630E-1 2.5293140E-3
3.6992980E-1 3.1214210E-3
3.7998440E-1 3.8957150E-3
3.8989110E-1 4.6085830E-3
4.0000250E-1 5.4601780E-3
4.1000030E-1 6.2560870E-3
4.1991810E-1 7.2447860E-3
4.2989300E-1 8.2367880E-3
4.3999340E-1 9.3566790E-3
4.4995690E-1 1.0423200E-2
4.5998860E-1 1.1640730E-2
4.6991780E-1 1.2741980E-2
4.8000670E-1 1.3967220E-2
4.9001600E-1 1.5066180E-2
4.9996810E-1 1.6370190E-2
5.0998830E-1 1.7642350E-2
5.1996330E-1 1.9023430E-2
5.3002930E-1 2.0320500E-2
5.4002710E-1 2.1643060E-2
5.5005880E-1 2.2977780E-2
5.5995420E-1 2.4357690E-2
5.7005410E-1 2.5832620E-2
5.8004050E-1 2.7181250E-2
5.9007260E-1 2.8595340E-2
6.0001330E-1 2.9883730E-2
