8.560E-6 -2.414E-4
8.796E-3 -2.400E-4
1.888E-2 -2.382E-4
2.852E-2 -2.367E-4
3.838E-2 -2.347E-4
4.837E-2 -2.331E-4
5.935E-2 -2.310E-4
6.933E-2 -2.289E-4
7.892E-2 -2.270E-4
8.860E-2 -2.250E-4
9.851E-2 -2.228E-4
1.097E-1 -2.204E-4
1.197E-1 -2.184E-4
1.292E-1 -2.160E-4
1.390E-1 -2.136E-4
1.490E-1 -2.112E-4
1.601E-1 -2.082E-4
1.699E-1 -2.055E-4
1.797E-1 -2.027E-4
1.896E-1 -1.995E-4
1.996E-1 -1.963E-4
2.093E-1 -1.930E-4
2.206E-1 -1.887E-4
2.305E-1 -1.850E-4
2.401E-1 -1.807E-4
2.500E-1 -1.766E-4
2.599E-1 -1.714E-4
2.710E-1 -1.664E-4
2.810E-1 -1.609E-4
2.908E-1 -1.556E-4
3.006E-1 -1.496E-4
3.104E-1 -1.431E-4
3.214E-1 -1.360E-4
3.310E-1 -1.294E-4
3.408E-1 -1.226E-4
3.509E-1 -1.148E-4
3.608E-1 -1.082E-4
3.717E-1 -9.880E-5
3.816E-1 -9.025E-5
3.916E-1 -8.205E-5
4.015E-1 -7.355E-5
4.211E-1 -5.559E-5
4.420E-1 -3.567E-5
4.620E-1 -1.615E-5
4.829E-1 5.232E-6
5.025E-1 2.460E-5
5.530E-1 7.622E-5
6.034E-1 1.233E-4
6.539E-1 1.659E-4
7.045E-1 2.062E-4
7.545E-1 2.433E-4
8.054E-1 2.794E-4
8.558E-1 3.126E-4
9.063E-1 3.448E-4
9.567E-1 3.761E-4
1.006E+0 4.054E-4
