-9.0054510E-2 -4.2712200E-6
-5.9902190E-2 -2.8876970E-6
-2.9886720E-2 -1.4575780E-6
3.1769280E-5 -1.1076790E-9
9.7222030E-3 4.5697540E-7
2.0230080E-2 9.9504400E-7
3.0178550E-2 1.5354840E-6
4.0073870E-2 2.0365570E-6
5.0014500E-2 2.6136420E-6
5.9909820E-2 3.1861000E-6
6.9998740E-2 3.8427460E-6
8.0076220E-2 4.4895660E-6
9.0028290E-2 5.2109390E-6
1.0003710E-1 5.9995090E-6
1.0997770E-1 6.8965490E-6
1.2000990E-1 7.9723650E-6
1.3001870E-1 9.1986770E-6
1.3998220E-1 1.0668010E-5
1.5000300E-1 1.2521330E-5
1.5998940E-1 1.4910470E-5
1.7000960E-1 1.7874280E-5
1.8005280E-1 2.1629050E-5
1.9001630E-1 2.6692640E-5
1.9995690E-1 3.3475590E-5
2.0997760E-1 4.3146970E-5
2.2003510E-1 5.5002790E-5
2.3002150E-1 7.2025420E-5
2.3999640E-1 9.1815240E-5
2.4999430E-1 1.2688850E-4
2.5993490E-1 1.6644880E-4
2.6998950E-1 2.2403780E-4
2.7996440E-1 2.9177470E-4
2.8996230E-1 4.0143220E-4
2.9992580E-1 5.4017110E-4
3.1003760E-1 7.5073520E-4
3.1992150E-1 9.9093160E-4
3.2996460E-1 1.3113840E-3
3.3997390E-1 1.7353890E-3
3.4999420E-1 2.3298770E-3
3.5985520E-1 2.9649290E-3
3.6994410E-1 3.7864560E-3
3.7993050E-1 4.6391000E-3
3.8993980E-1 5.8243670E-3
3.9994910E-1 7.0744190E-3
4.1006090E-1 8.6512400E-3
4.1999010E-1 1.0132740E-2
4.3003320E-1 1.1954200E-2
4.3998580E-1 1.3673040E-2
4.4999460E-1 1.5627060E-2
4.5995810E-1 1.7436250E-2
4.6997880E-1 1.9700200E-2
4.7999950E-1 2.1865680E-2
4.9005410E-1 2.4404810E-2
5.0002910E-1 2.6624160E-2
5.0999260E-1 2.9099570E-2
5.2008150E-1 3.1320650E-2
