0.000E+0 0
1.000E-2 5.47139124E-13
2.000E-2 1.31711855E-12
3.000E-2 2.40170778E-12
4.000E-2 3.93044836E-12
5.000E-2 6.08619491E-12
6.000E-2 9.12705528E-12
7.000E-2 1.34173715E-11
8.000E-2 1.94714814E-11
9.000E-2 2.80155564E-11
1.000E-1 4.00750248E-11
1.100E-1 5.709823E-11
1.200E-1 8.11314426E-11
1.300E-1 1.15066698E-10
1.400E-1 1.62992961E-10
1.500E-1 2.30693962E-10
1.600E-1 3.2635424E-10
1.700E-1 4.61560924E-10
1.800E-1 6.5272541E-10
1.900E-1 9.23101254E-10
2.000E-1 1.30564908E-9
2.100E-1 1.84710382E-9
2.200E-1 2.61374934E-9
2.300E-1 3.69961809E-9
2.400E-1 5.2381333E-9
2.500E-1 7.41864117E-9
2.600E-1 1.05098852E-8
2.700E-1 1.48933407E-8
2.800E-1 2.1110549E-8
2.900E-1 2.99303309E-8
3.000E-1 4.24442243E-8
3.100E-1 6.02019887E-8
3.200E-1 8.54039763E-8
3.300E-1 1.21174189E-7
3.400E-1 1.71947768E-7
3.500E-1 2.44020684E-7
3.600E-1 3.46328952E-7
3.700E-1 4.91553431E-7
3.800E-1 6.97681827E-7
3.900E-1 9.90217799E-7
4.000E-1 1.4052953E-6
4.100E-1 1.994057E-6
4.200E-1 2.82878229E-6
4.300E-1 4.01141136E-6
4.400E-1 5.68528967E-6
4.500E-1 8.05113887E-6
4.600E-1 1.13883363E-5
4.700E-1 1.608245E-5
4.800E-1 2.26590663E-5
4.900E-1 3.18225795E-5
5.000E-1 4.44931821E-5
5.100E-1 6.18307369E-5
5.200E-1 8.52205324E-5
5.300E-1 0.000116185562
5.400E-1 0.000156181191
5.500E-1 0.000206240191
5.600E-1 0.000266491933
5.700E-1 0.000335688886
5.800E-1 0.000411018717
5.900E-1 0.000488520688
6.000E-1 0.000564162783
6.100E-1 0.000635124615
6.200E-1 0.000700571987
