0.000E+0 0
1.000E-2 1.2980817E-12
2.000E-2 3.11913617E-12
3.000E-2 5.67695531E-12
4.000E-2 9.27228595E-12
5.000E-2 1.43280936E-11
6.000E-2 2.14435172E-11
7.000E-2 3.14588641E-11
8.000E-2 4.55582759E-11
9.000E-2 6.54100421E-11
1.000E-1 9.33646602E-11
1.100E-1 1.32730018E-10
1.200E-1 1.88184031E-10
1.300E-1 2.66311043E-10
1.400E-1 3.76408082E-10
1.500E-1 5.31602657E-10
1.600E-1 7.50445704E-10
1.700E-1 1.05916345E-9
1.800E-1 1.49485865E-9
1.900E-1 2.11004954E-9
2.000E-1 2.97911357E-9
2.100E-1 4.20743286E-9
2.200E-1 5.94437702E-9
2.300E-1 8.40173447E-9
2.400E-1 1.18798782E-8
2.500E-1 1.68049158E-8
2.600E-1 2.37814352E-8
2.700E-1 3.36673945E-8
2.800E-1 4.7680458E-8
2.900E-1 6.75489778E-8
3.000E-1 9.57263661E-8
3.100E-1 1.35695455E-7
3.200E-1 1.92400583E-7
3.300E-1 2.72860933E-7
3.400E-1 3.87040957E-7
3.500E-1 5.49085309E-7
3.600E-1 7.79069736E-7
3.700E-1 1.10548455E-6
3.800E-1 1.56874698E-6
3.900E-1 2.22617235E-6
4.000E-1 3.15898918E-6
4.100E-1 4.48221562E-6
4.200E-1 6.35851131E-6
4.300E-1 9.01688342E-6
4.400E-1 1.27825505E-5
4.500E-1 1.81073521E-5
4.600E-1 2.56253064E-5
4.700E-1 3.62146266E-5
4.800E-1 5.10802099E-5
4.900E-1 7.18533043E-5
5.000E-1 0.000100699561
5.100E-1 0.000140418524
5.200E-1 0.000194499046
5.300E-1 0.000267074794
5.400E-1 0.000362707261
5.500E-1 0.000485920791
5.600E-1 0.000640426674
5.700E-1 0.000827998711
5.800E-1 0.00104701596
5.900E-1 0.00129092969
6.000E-1 0.00154765374
6.100E-1 0.00180177183
6.200E-1 0.0020402615
