0.000E+0 -36.7202717
1.000E-2 -36.7201812
2.000E-2 -36.7200905
3.000E-2 -36.719999
4.000E-2 -36.7199067
5.000E-2 -36.7198134
6.000E-2 -36.7197193
7.000E-2 -36.7196241
8.000E-2 -36.7195279
9.000E-2 -36.7194305
1.000E-1 -36.7193318
1.100E-1 -36.7192316
1.200E-1 -36.7191296
1.300E-1 -36.7190256
1.400E-1 -36.718919
1.500E-1 -36.7188092
1.600E-1 -36.7186953
1.700E-1 -36.7185759
1.800E-1 -36.7184493
1.900E-1 -36.7183128
2.000E-1 -36.7181626
2.100E-1 -36.7179935
2.200E-1 -36.7177981
2.300E-1 -36.7175654
2.400E-1 -36.7172803
2.500E-1 -36.7169208
2.600E-1 -36.7164559
2.700E-1 -36.7158411
2.800E-1 -36.7150129
2.900E-1 -36.7138808
3.000E-1 -36.7123154
3.100E-1 -36.710132
3.200E-1 -36.7070672
3.300E-1 -36.7027444
3.400E-1 -36.6966266
3.500E-1 -36.6879466
3.600E-1 -36.6756099
3.700E-1 -36.6580544
3.800E-1 -36.6330517
3.900E-1 -36.5974243
4.000E-1 -36.5466438
4.100E-1 -36.4742623
4.200E-1 -36.3711079
4.300E-1 -36.2241531
4.400E-1 -36.014925
4.500E-1 -35.717282
4.600E-1 -35.2943079
4.700E-1 -34.6939694
4.800E-1 -33.8430285
4.900E-1 -32.6384793
5.000E-1 -30.9355357
5.100E-1 -28.5310101
5.200E-1 -25.1409138
5.300E-1 -20.371335
5.400E-1 -13.6820638
5.500E-1 -4.34299624
5.600E-1 8.61605856
