-9.0043070E-2 -4.2719800E-6
-5.9959410E-2 -2.8976500E-6
-2.9955390E-2 -1.4350720E-6
-1.1664630E-4 -2.9889660E-8
1.0266390E-2 4.7176900E-7
1.9850820E-2 9.6285540E-7
3.0019280E-2 1.4776030E-6
4.0016650E-2 2.0335140E-6
5.0003050E-2 2.5586800E-6
5.9955120E-2 3.1381100E-6
6.9895740E-2 3.7581780E-6
8.0019000E-2 4.4167250E-6
8.9959620E-2 5.1441200E-6
1.0001420E-1 5.9377000E-6
1.0997770E-1 6.8777210E-6
1.2000990E-1 7.9603830E-6
1.2989330E-1 9.3409340E-6
1.3998220E-1 1.0855310E-5
1.5000300E-1 1.2857080E-5
1.5997790E-1 1.5458470E-5
1.7003250E-1 1.8758030E-5
1.7995020E-1 2.3063690E-5
1.9000480E-1 2.8460720E-5
1.9996830E-1 3.6352420E-5
2.0997760E-1 4.6718500E-5
2.1993260E-1 6.1900540E-5
2.2991850E-1 8.0302720E-5
2.3996210E-1 1.0554280E-4
2.4991420E-1 1.4051610E-4
2.5995780E-1 1.9372670E-4
2.6994370E-1 2.5688270E-4
2.7995300E-1 3.4703830E-4
2.8988220E-1 4.5458480E-4
2.9988000E-1 6.2223710E-4
3.0988930E-1 8.2836510E-4
3.1997820E-1 1.1166800E-3
3.2994170E-1 1.4404360E-3
3.3995100E-1 1.9060470E-3
3.4993740E-1 2.4511630E-3
3.5992380E-1 3.1762640E-3
3.6996700E-1 3.9142890E-3
3.7999920E-1 4.8255770E-3
3.8987110E-1 5.7470650E-3
3.9993760E-1 6.9380100E-3
4.0993550E-1 8.1514400E-3
4.1999010E-1 9.6219260E-3
4.2986250E-1 1.0970550E-2
4.4008830E-1 1.2617540E-2
4.4984630E-1 1.4172420E-2
4.6012930E-1 1.5840830E-2
4.7009280E-1 1.7433940E-2
4.8004480E-1 1.9330040E-2
4.8995160E-1 2.1156030E-2
4.9994950E-1 2.3285580E-2
5.0996970E-1 2.5127800E-2
5.2003570E-1 2.7193050E-2
5.2996540E-1 2.9092040E-2
5.3996320E-1 3.1224490E-2
