0.000E+0 0
1.000E-2 3.52566572E-12
2.000E-2 8.51574308E-12
3.000E-2 1.55905475E-11
4.000E-2 2.56281292E-11
5.000E-2 3.98932844E-11
6.000E-2 6.01627506E-11
7.000E-2 8.89676565E-11
8.000E-2 1.29909727E-10
9.000E-2 1.88107344E-10
1.000E-1 2.7083719E-10
1.100E-1 3.88446756E-10
1.200E-1 5.55654856E-10
1.300E-1 7.93411456E-10
1.400E-1 1.13153938E-9
1.500E-1 1.61251985E-9
1.600E-1 2.29696334E-9
1.700E-1 3.27125659E-9
1.800E-1 4.65887376E-9
1.900E-1 6.63608037E-9
2.000E-1 9.45505035E-9
2.100E-1 1.34765287E-8
2.200E-1 1.92169205E-8
2.300E-1 2.74157937E-8
2.400E-1 3.91327113E-8
2.500E-1 5.58861358E-8
2.600E-1 7.98526654E-8
2.700E-1 1.14152763E-7
2.800E-1 1.6326042E-7
2.900E-1 2.33590274E-7
3.000E-1 3.3433854E-7
3.100E-1 4.78686382E-7
3.200E-1 6.85519666E-7
3.300E-1 9.81881954E-7
3.400E-1 1.40639349E-6
3.500E-1 2.014543E-6
3.600E-1 2.88495489E-6
3.700E-1 4.12980318E-6
3.800E-1 5.9079124E-6
3.900E-1 8.44292458E-6
4.000E-1 1.2047391E-5
4.100E-1 1.71531662E-5
4.200E-1 2.43477723E-5
4.300E-1 3.44136276E-5
4.400E-1 4.83632555E-5
4.500E-1 6.74588786E-5
4.600E-1 9.3194978E-5
4.700E-1 0.000127253732
4.800E-1 0.000171388506
4.900E-1 0.000227300951
5.000E-1 0.000296510637
5.100E-1 0.000380240414
5.200E-1 0.000479275556
5.300E-1 0.000593678007
5.400E-1 0.000722150448
5.500E-1 0.000860899648
5.600E-1 0.00100264138
5.700E-1 0.0011383166
5.800E-1 0.0012627416
5.900E-1 0.00137818791
6.000E-1 0.00149128325
6.100E-1 0.00160879777
6.200E-1 0.00173591522
