0.000E+0 -0.243499536
1.000E-2 -0.243497966
2.000E-2 -0.243496387
3.000E-2 -0.243494798
4.000E-2 -0.243493199
5.000E-2 -0.243491588
6.000E-2 -0.243489965
7.000E-2 -0.243488329
8.000E-2 -0.243486678
9.000E-2 -0.243485009
1.000E-1 -0.24348332
1.100E-1 -0.243481605
1.200E-1 -0.243479857
1.300E-1 -0.243478068
1.400E-1 -0.243476223
1.500E-1 -0.243474301
1.600E-1 -0.243472272
1.700E-1 -0.243470093
1.800E-1 -0.2434677
1.900E-1 -0.243464997
2.000E-1 -0.243461847
2.100E-1 -0.243458044
2.200E-1 -0.243453286
2.300E-1 -0.243447128
2.400E-1 -0.243438911
2.500E-1 -0.243427662
2.600E-1 -0.243411943
2.700E-1 -0.243389627
2.800E-1 -0.243357568
2.900E-1 -0.243311112
3.000E-1 -0.243243371
3.100E-1 -0.243144156
3.200E-1 -0.242998382
3.300E-1 -0.242783726
3.400E-1 -0.242467142
3.500E-1 -0.241999709
3.600E-1 -0.241309008
3.700E-1 -0.240287822
3.800E-1 -0.238777418
3.900E-1 -0.236542783
4.000E-1 -0.233235975
4.100E-1 -0.228341847
4.200E-1 -0.221097727
4.300E-1 -0.21037452
4.400E-1 -0.194500795
4.500E-1 -0.171002567
4.600E-1 -0.136218604
4.700E-1 -0.0847321394
4.800E-1 -0.00853234727
4.900E-1 0.104220837
