-2.8084E-3 -2.8170E-3
1.7500E-2 -2.7670E-3
3.7400E-2 -2.7160E-3
5.7600E-2 -2.6620E-3
7.7700E-2 -2.6030E-3
9.7900E-2 -2.5400E-3
1.1820E-1 -2.8200E-4
1.3830E-1 -2.3970E-3
1.5840E-1 -2.3150E-3
1.7860E-1 -2.2250E-3
1.9860E-1 -2.1260E-3
2.1910E-1 -2.0170E-3
2.3900E-1 -1.8980E-3
2.5900E-1 -1.7660E-3
2.7930E-1 -1.6200E-3
2.9920E-1 -1.4570E-3
3.1930E-1 -1.2690E-3
3.3940E-1 -1.0460E-3
3.5960E-1 -2.6910E-4
3.7980E-1 -4.0570E-4
4.0010E-1 2.8200E-6
4.2040E-1 8.0260E-4
4.3950E-1 1.8500E-3
4.6050E-1 3.5340E-3
4.8060E-1 6.1840E-3
5.0090E-1 1.0317E-2
5.2070E-1 1.6450E-2
5.4050E-1 2.4950E-2
