-2.3000E-3 -1.4560E-4
1.8000E-2 -1.4540E-4
3.8200E-2 -1.4510E-4
5.8400E-2 -1.4510E-4
7.8600E-2 -1.4470E-4
9.8700E-2 -1.4430E-4
1.1890E-1 -1.4380E-4
1.3920E-1 -1.4320E-4
1.5930E-1 -1.4240E-4
1.7950E-1 -1.4090E-4
1.9970E-1 -1.3880E-4
2.1990E-1 -1.3550E-4
2.4010E-1 -1.2990E-4
2.6020E-1 -1.2000E-4
2.8030E-1 -1.0100E-4
3.0030E-1 -6.5230E-5
3.2050E-1 4.5320E-6
3.4040E-1 1.3000E-4
3.6080E-1 4.1330E-4
3.8100E-1 9.4180E-4
4.0110E-1 1.9430E-3
4.2140E-1 3.7870E-3
4.4140E-1 6.9100E-3
4.6150E-1 1.1811E-2
4.8110E-1 1.8830E-2
5.0120E-1 2.8110E-2
