0.000E+0 0
1.000E-2 1.07575881E-14
2.000E-2 2.62119498E-14
3.000E-2 4.84260295E-14
4.000E-2 8.03684879E-14
5.000E-2 1.26311159E-13
6.000E-2 1.92400902E-13
7.000E-2 2.87482437E-13
8.000E-2 4.2428243E-13
9.000E-2 6.21113725E-13
1.000E-1 9.0432869E-13
1.100E-1 1.31185188E-12
1.200E-1 1.89826861E-12
1.300E-1 2.74215608E-12
1.400E-1 3.95665192E-12
1.500E-1 5.70469076E-12
1.600E-1 8.22098142E-12
1.700E-1 1.18437161E-11
1.800E-1 1.70603267E-11
1.900E-1 2.45735242E-11
2.000E-1 3.53966291E-11
2.100E-1 5.09911692E-11
2.200E-1 7.34655042E-11
2.300E-1 1.05861494E-10
2.400E-1 1.52568197E-10
2.500E-1 2.19918725E-10
2.600E-1 3.17051048E-10
2.700E-1 4.57148793E-10
2.800E-1 6.59228394E-10
2.900E-1 9.50710156E-10
3.000E-1 1.3711109E-9
3.100E-1 1.97733437E-9
3.200E-1 2.85122364E-9
3.300E-1 4.11028612E-9
3.400E-1 5.92280652E-9
3.500E-1 8.5288995E-9
3.600E-1 1.22693437E-8
3.700E-1 1.7624025E-8
3.800E-1 2.52611307E-8
3.900E-1 3.60958094E-8
4.000E-1 5.13515256E-8
4.100E-1 7.26064217E-8
4.200E-1 1.01789272E-7
4.300E-1 1.41066742E-7
4.400E-1 1.9254858E-7
4.500E-1 2.57761325E-7
4.600E-1 3.36945142E-7
4.700E-1 4.28418196E-7
4.800E-1 5.28420513E-7
4.900E-1 6.31767868E-7
5.000E-1 7.33234339E-7
5.100E-1 8.29069207E-7
5.200E-1 9.17965481E-7
5.300E-1 1.00117788E-6
5.400E-1 1.08198791E-6
5.500E-1 1.16492943E-6
5.600E-1 1.25509301E-6
5.700E-1 1.35766101E-6
5.800E-1 1.47767133E-6
5.900E-1 1.6199829E-6
6.000E-1 1.78932946E-6
6.100E-1 1.99043427E-6
6.200E-1 2.22808645E-6
