0.000E+0 0
1.000E-2 1.41849056E-12
2.000E-2 3.44918428E-12
3.000E-2 6.35887629E-12
4.000E-2 1.05300679E-11
5.000E-2 1.65110978E-11
6.000E-2 2.50934582E-11
7.000E-2 3.74078098E-11
8.000E-2 5.50785617E-11
9.000E-2 8.04369393E-11
1.000E-1 1.16823688E-10
1.100E-1 1.69049299E-10
1.200E-1 2.44002192E-10
1.300E-1 3.51587846E-10
1.400E-1 5.06027187E-10
1.500E-1 7.27759259E-10
1.600E-1 1.04616864E-9
1.700E-1 1.50351988E-9
1.800E-1 2.16063157E-9
1.900E-1 3.10506157E-9
2.000E-1 4.46291728E-9
2.100E-1 6.41589854E-9
2.200E-1 9.22589243E-9
2.300E-1 1.32704664E-8
2.400E-1 1.90940848E-8
2.500E-1 2.74820068E-8
2.600E-1 3.95668855E-8
2.700E-1 5.69824936E-8
2.800E-1 8.20853018E-8
2.900E-1 1.18273632E-7
3.000E-1 1.70446872E-7
3.100E-1 2.45665201E-7
3.200E-1 3.54095264E-7
3.300E-1 5.10361301E-7
3.400E-1 7.35466435E-7
3.500E-1 1.05950582E-6
3.600E-1 1.52546039E-6
3.700E-1 2.19441286E-6
3.800E-1 3.15259489E-6
3.900E-1 4.52055618E-6
4.000E-1 6.46438476E-6
4.100E-1 9.20854535E-6
4.200E-1 1.30479524E-5
4.300E-1 1.83550925E-5
4.400E-1 2.55748057E-5
4.500E-1 3.51972418E-5
4.600E-1 4.7696116E-5
4.700E-1 6.34258172E-5
4.800E-1 8.24705809E-5
4.900E-1 0.000104460363
5.000E-1 0.000128422734
5.100E-1 0.000152855751
5.200E-1 0.000176213674
5.300E-1 0.000197612007
5.400E-1 0.000217165493
5.500E-1 0.000235748597
5.600E-1 0.000254555907
5.700E-1 0.000274806416
5.800E-1 0.000297607469
5.900E-1 0.000323915873
6.000E-1 0.000354572816
6.100E-1 0.000390280875
6.200E-1 0.000431662506
