0.000E+0 0
1.000E-2 5.1345539E-16
2.000E-2 1.2736764E-15
3.000E-2 2.39985656E-15
4.000E-2 4.06868087E-15
5.000E-2 6.54200105E-15
6.000E-2 1.02078111E-14
7.000E-2 1.56409085E-14
8.000E-2 2.36926928E-14
9.000E-2 3.56241181E-14
1.000E-1 5.33025439E-14
1.100E-1 7.94933013E-14
1.200E-1 1.182917E-13
1.300E-1 1.75763474E-13
1.400E-1 2.60894794E-13
1.500E-1 3.87002589E-13
1.600E-1 5.73829646E-13
1.700E-1 8.50659514E-13
1.800E-1 1.26095056E-12
1.900E-1 1.86923422E-12
2.000E-1 2.77138836E-12
2.100E-1 4.1099417E-12
2.200E-1 6.09687776E-12
2.300E-1 9.04761774E-12
2.400E-1 1.3431666E-11
2.500E-1 1.99480909E-11
2.600E-1 2.96380261E-11
2.700E-1 4.40523523E-11
2.800E-1 6.55016386E-11
2.900E-1 9.74287125E-11
3.000E-1 1.44964027E-10
3.100E-1 2.15753571E-10
3.200E-1 3.21206557E-10
3.300E-1 4.78267367E-10
3.400E-1 7.12295076E-10
3.500E-1 1.0610156E-9
3.600E-1 1.58068685E-9
3.700E-1 2.35517405E-9
3.800E-1 3.50949987E-9
3.900E-1 5.23004718E-9
4.000E-1 7.79467686E-9
4.100E-1 1.16176345E-8
4.200E-1 1.73172518E-8
4.300E-1 2.5811979E-8
4.400E-1 3.84767588E-8
4.500E-1 5.7359834E-8
4.600E-1 8.55084718E-8
4.700E-1 1.27467709E-7
4.800E-1 1.90036263E-7
4.900E-1 2.83310224E-7
5.000E-1 4.2236255E-7
5.100E-1 6.29693272E-7
5.200E-1 9.38739431E-7
5.300E-1 1.39950439E-6
5.400E-1 2.08625716E-6
5.500E-1 3.11030245E-6
5.600E-1 4.63646685E-6
5.700E-1 6.91121533E-6
5.800E-1 1.03012306E-5
5.900E-1 1.5350204E-5
6.000E-1 2.28720849E-5
6.100E-1 3.40667532E-5
6.200E-1 5.07157641E-5
