-9.0044500E-2 -1.5102900E-3
-5.9971330E-2 -1.0822830E-3
-2.9989720E-2 -6.5052430E-4
-1.2993810E-5 -2.2131840E-4
1.0321920E-2 -7.0097200E-5
2.0039620E-2 6.7047570E-5
2.9996870E-2 2.1184610E-4
3.9972310E-2 3.5617730E-4
4.9993040E-2 4.9969110E-4
5.9990880E-2 6.4322790E-4
6.9988730E-2 7.8795940E-4
7.9997540E-2 9.3347980E-4
8.9984420E-2 1.0791480E-3
9.9993710E-2 1.2228020E-3
1.0999160E-1 1.3677910E-3
1.1998940E-1 1.5137640E-3
1.2997580E-1 1.6605480E-3
1.3998510E-1 1.8064060E-3
1.4998290E-1 1.9518570E-3
1.5996930E-1 2.0977150E-3
1.6999010E-1 2.2449620E-3
1.7996500E-1 2.3934280E-3
1.8998580E-1 2.5420650E-3
1.9996070E-1 2.6905310E-3
2.1007250E-1 2.8387640E-3
2.1987870E-1 2.9904750E-3
2.2995660E-1 3.1405040E-3
2.3988580E-1 3.2977780E-3
2.5000910E-1 3.4498930E-3
2.5984760E-1 3.6086140E-3
2.6997090E-1 3.7678570E-3
2.7983190E-1 3.9372430E-3
2.9008050E-1 4.1055270E-3
2.9981660E-1 4.2888760E-3
3.0992840E-1 4.4750660E-3
3.1981230E-1 4.6762060E-3
3.3002660E-1 4.8931090E-3
3.3989950E-1 5.1303510E-3
3.4996560E-1 5.4044500E-3
3.5992960E-1 5.7063620E-3
3.6993890E-1 6.0636760E-3
3.7997100E-1 6.4816610E-3
3.8993450E-1 6.9821070E-3
3.9993240E-1 7.5912070E-3
4.0997600E-1 8.3440210E-3
4.1993950E-1 9.2589740E-3
4.2998310E-1 1.0378900E-2
4.3996950E-1 1.1753380E-2
4.4995640E-1 1.3406190E-2
4.5995430E-1 1.5387480E-2
4.6998640E-1 1.7743010E-2
4.8000720E-1 2.0512740E-2
4.9001650E-1 2.3762750E-2
5.0000290E-1 2.7435060E-2
5.0997780E-1 3.1534940E-2
