-9.0045450E-2 -5.9991620E-4
-5.9960840E-2 -5.5066580E-4
-2.9990200E-2 -4.9981470E-4
-3.5762790E-6 -4.4731680E-4
9.9827350E-3 -4.2897470E-4
1.9999710E-2 -4.1002380E-4
3.0008320E-2 -3.9059730E-4
3.9995190E-2 -3.7062580E-4
5.0015930E-2 -3.4985390E-4
6.0002330E-2 -3.2890810E-4
7.0011620E-2 -3.0727800E-4
8.0032350E-2 -2.8518970E-4
8.9996340E-2 -2.6191280E-4
1.0000560E-1 -2.3828200E-4
1.1000350E-1 -2.1375250E-4
1.2001280E-1 -1.8910690E-4
1.2997630E-1 -1.6360310E-4
1.3998560E-1 -1.3760060E-4
1.5002920E-1 -1.1058920E-4
1.5997030E-1 -8.3068950E-5
1.7000250E-1 -5.4766990E-5
1.7998890E-1 -2.6192490E-5
1.8998670E-1 2.9818510E-6
1.9996210E-1 3.2991030E-5
2.0999430E-1 6.3091440E-5
2.1997210E-1 9.3783350E-5
2.2993560E-1 1.2549990E-4
2.3997930E-1 1.5779470E-4
2.4993180E-1 1.9022310E-4
2.5996400E-1 2.2348650E-4
2.6995040E-1 2.5761970E-4
2.7996020E-1 2.9346930E-4
2.8994660E-1 3.3042090E-4
2.9994440E-1 3.6961660E-4
3.0996510E-1 4.1034910E-4
3.1996350E-1 4.5487420E-4
3.2997270E-1 5.0341220E-4
3.3992530E-1 5.5934420E-4
3.5003710E-1 6.2386440E-4
3.5993240E-1 7.0048730E-4
3.6995320E-1 7.9509290E-4
3.7997390E-1 9.1059830E-4
3.8994930E-1 1.0636840E-3
3.9994720E-1 1.2621020E-3
4.0997930E-1 1.5184120E-3
4.1995480E-1 1.8560830E-3
4.2999840E-1 2.2944120E-3
4.3997340E-1 2.8685720E-3
4.4996020E-1 3.5903320E-3
4.5994660E-1 4.4910390E-3
4.7002460E-1 5.5722560E-3
4.8001100E-1 6.8352610E-3
4.9000930E-1 8.3178370E-3
4.9999570E-1 9.9827780E-3
5.0998210E-1 1.1853130E-2
5.2001430E-1 1.3923650E-2
5.2998970E-1 1.6147670E-2
5.4003330E-1 1.8539130E-2
5.5004260E-1 2.1050530E-2
