-9.0056900E-2 -5.8722230E-4
-5.9949400E-2 -5.3827920E-4
-3.0001640E-2 -4.8756740E-4
-3.5375360E-5 -4.3470410E-4
1.0011020E-2 -4.1641420E-4
1.9996170E-2 -3.9744000E-4
3.0054090E-2 -3.7800190E-4
3.9972310E-2 -3.5826820E-4
5.0049780E-2 -3.3729340E-4
6.0002330E-2 -3.1634760E-4
6.9988730E-2 -2.9451450E-4
8.0089570E-2 -2.7266980E-4
8.9927670E-2 -2.4928850E-4
1.0008530E-1 -2.2588390E-4
1.0998060E-1 -2.0125580E-4
1.2001280E-1 -1.7660440E-4
1.2998770E-1 -1.5112970E-4
1.3999700E-1 -1.2522560E-4
1.5002920E-1 -9.8141100E-5
1.5999320E-1 -7.0548940E-5
1.7000250E-1 -4.2541000E-5
1.7997740E-1 -1.3811640E-5
1.9000960E-1 1.5125390E-5
1.9996210E-1 4.4531090E-5
2.0997140E-1 7.4654100E-5
2.1997210E-1 1.0612540E-4
2.2993560E-1 1.3758520E-4
2.3996780E-1 1.6917820E-4
2.4993180E-1 2.0186770E-4
2.5994110E-1 2.3532240E-4
2.6995040E-1 2.7022670E-4
2.7996020E-1 3.0561260E-4
2.8995800E-1 3.4252340E-4
2.9994440E-1 3.8129020E-4
3.0995420E-1 4.2326960E-4
3.1996350E-1 4.6872230E-4
3.2997270E-1 5.1929010E-4
3.3992530E-1 5.7568590E-4
3.4998040E-1 6.4207330E-4
3.5996680E-1 7.2092310E-4
3.6994170E-1 8.2018530E-4
3.7998530E-1 9.4487080E-4
3.8996080E-1 1.1063930E-3
3.9987900E-1 1.3101990E-3
4.0997930E-1 1.5916600E-3
4.1993190E-1 1.9466580E-3
4.2999840E-1 2.4304760E-3
4.3992810E-1 3.0165760E-3
4.5001700E-1 3.7815070E-3
4.5991230E-1 4.6921220E-3
4.7004750E-1 5.8409090E-3
4.7995420E-1 7.1388580E-3
4.8999790E-1 8.6782240E-3
5.0001860E-1 1.0362520E-2
5.0999360E-1 1.2270240E-2
5.2002570E-1 1.4308880E-2
5.2998970E-1 1.6512650E-2
5.4003330E-1 1.8852550E-2
5.5004260E-1 2.1365090E-2
