-9.0057370E-2 -5.9300290E-4
-5.9984210E-2 -5.4403050E-4
-3.0001640E-2 -4.9299340E-4
-1.5348200E-5 -4.4053570E-4
9.9922720E-3 -4.2197890E-4
2.0001050E-2 -4.0330030E-4
3.0008790E-2 -3.8369400E-4
3.9972780E-2 -3.6362360E-4
4.9879550E-2 -3.4297340E-4
6.0082440E-2 -3.2223610E-4
6.9898130E-2 -3.0040870E-4
8.0055710E-2 -2.7813470E-4
8.9928630E-2 -2.5531570E-4
1.0000610E-1 -2.3123250E-4
1.0993580E-1 -2.0718400E-4
1.2002520E-1 -1.8176700E-4
1.2994340E-1 -1.5703430E-4
1.4002130E-1 -1.3047480E-4
1.4997340E-1 -1.0413000E-4
1.5999460E-1 -7.6069020E-5
1.7000390E-1 -4.7901950E-5
1.7996740E-1 -1.9578890E-5
1.9002250E-1 9.5228730E-6
1.9996360E-1 3.9717070E-5
2.0995040E-1 6.9621140E-5
2.1996210E-1 1.0009990E-4
2.2993710E-1 1.3170020E-4
2.3992400E-1 1.6437800E-4
2.5001340E-1 1.9666740E-4
2.5985150E-1 2.3014560E-4
2.6998660E-1 2.6391380E-4
2.7983620E-1 3.0018130E-4
2.8992560E-1 3.3742310E-4
2.9983230E-1 3.7672350E-4
3.1012730E-1 4.1762460E-4
3.1986280E-1 4.6315910E-4
3.3005480E-1 5.1288630E-4
3.3991620E-1 5.7001900E-4
3.4995990E-1 6.3714360E-4
3.5998060E-1 7.1612720E-4
3.6994460E-1 8.1367950E-4
3.7995390E-1 9.3640010E-4
3.8994070E-1 1.0984040E-3
3.9995000E-1 1.3063850E-3
4.0995980E-1 1.5807790E-3
4.1995760E-1 1.9352570E-3
4.2996740E-1 2.4076630E-3
4.3996520E-1 3.0103400E-3
4.4998600E-1 3.7760310E-3
4.5997290E-1 4.7077480E-3
4.6999360E-1 5.8306420E-3
4.8000340E-1 7.1431450E-3
4.9000120E-1 8.6909270E-3
4.9999950E-1 1.0416840E-2
5.0998590E-1 1.2331750E-2
5.2000670E-1 1.4439360E-2
5.2998210E-1 1.6716140E-2
5.4001430E-1 1.9115730E-2
5.5001260E-1 2.1657840E-2
