-2.5000E-3 -1.9180E-5
1.7700E-2 2.8000E-5
3.8000E-2 8.1080E-5
5.8000E-2 1.2000E-4
7.5800E-2 1.9210E-4
9.8300E-2 2.5460E-4
1.1850E-1 3.2250E-4
1.3870E-1 3.9750E-4
1.5880E-1 4.7900E-4
1.7890E-1 5.6920E-4
1.9910E-1 6.6830E-4
2.1930E-1 7.7720E-4
2.3940E-1 8.9650E-4
2.5950E-1 1.0278E-3
2.7960E-1 1.1734E-3
2.9430E-1 1.3200E-3
3.1960E-1 1.5180E-3
3.3970E-1 1.7380E-3
3.5980E-1 2.0090E-3
3.8010E-1 2.3590E-3
4.0010E-1 2.8390E-3
4.2050E-1 3.5370E-3
4.4060E-1 4.5970E-3
4.6060E-1 6.2600E-3
4.8070E-1 8.8650E-3
5.0080E-1 1.2840E-2
5.2090E-1 1.8610E-2
5.4010E-1 2.6130E-2
