-2.4000E-3 -1.8470E-5
1.7800E-2 3.0740E-5
3.8000E-2 8.1840E-5
5.8200E-2 1.1000E-4
7.8200E-2 1.9280E-4
9.8400E-2 2.5520E-4
1.1840E-1 3.2340E-4
1.3880E-1 3.9810E-4
1.5880E-1 4.7980E-4
1.7890E-1 5.7000E-4
1.9910E-1 6.6930E-4
2.1950E-1 7.7800E-4
2.3950E-1 8.9760E-4
2.5960E-1 1.0288E-3
2.7950E-1 1.1746E-3
2.9960E-1 1.3200E-3
3.1960E-1 1.5200E-3
3.3970E-1 1.7400E-3
3.6000E-1 2.0100E-3
3.8020E-1 2.3630E-3
4.0020E-1 2.8420E-3
4.2040E-1 3.5450E-3
4.4060E-1 4.6160E-3
4.6070E-1 6.2850E-3
4.8080E-1 8.9190E-3
5.0080E-1 1.2890E-2
5.2100E-1 1.8740E-2
5.4010E-1 2.6310E-2
