0.000E+0 0
1.000E-2 1.99464497E-13
2.000E-2 4.76014953E-13
3.000E-2 8.60823802E-13
4.000E-2 1.39741686E-12
5.000E-2 2.14649905E-12
6.000E-2 3.19235021E-12
7.000E-2 4.65207541E-12
8.000E-2 6.688465E-12
9.000E-2 9.52638882E-12
1.000E-1 1.34779242E-11
1.100E-1 1.8975867E-11
1.200E-1 2.6618766E-11
1.300E-1 3.72466724E-11
1.400E-1 5.20259772E-11
1.500E-1 7.25936684E-11
1.600E-1 1.01252612E-10
1.700E-1 1.41261405E-10
1.800E-1 1.97249719E-10
1.900E-1 2.75821326E-10
2.000E-1 3.864325E-10
2.100E-1 5.42668584E-10
2.200E-1 7.64101317E-10
2.300E-1 1.07899246E-9
2.400E-1 1.5282313E-9
2.500E-1 2.1710719E-9
2.600E-1 3.09349649E-9
2.700E-1 4.42041201E-9
2.800E-1 6.33344283E-9
2.900E-1 9.09689514E-9
3.000E-1 1.30956559E-8
3.100E-1 1.88905225E-8
3.200E-1 2.72989965E-8
3.300E-1 3.95132717E-8
3.400E-1 5.72725643E-8
3.500E-1 8.31108164E-8
3.600E-1 1.20738586E-7
3.700E-1 1.75560715E-7
3.800E-1 2.55472641E-7
3.900E-1 3.72003286E-7
4.000E-1 5.41987877E-7
4.100E-1 7.90009767E-7
4.200E-1 1.15196293E-6
4.300E-1 1.68024854E-6
4.400E-1 2.45132666E-6
4.500E-1 3.57640716E-6
