0.000E+0 -0.132983017
1.000E-2 -0.132969435
2.000E-2 -0.132954079
3.000E-2 -0.132936279
4.000E-2 -0.132915114
5.000E-2 -0.132889302
6.000E-2 -0.132857063
7.000E-2 -0.132815927
8.000E-2 -0.132762458
9.000E-2 -0.132691885
1.000E-1 -0.132597571
1.100E-1 -0.132470278
1.200E-1 -0.132297147
1.300E-1 -0.132060249
1.400E-1 -0.131734573
1.500E-1 -0.131285199
1.600E-1 -0.130663327
1.700E-1 -0.129800707
1.800E-1 -0.128601819
1.900E-1 -0.126932895
2.000E-1 -0.124606503
2.100E-1 -0.121359898
2.200E-1 -0.116824629
2.300E-1 -0.110483846
2.400E-1 -0.101612366
2.500E-1 -0.0891925025
2.600E-1 -0.0717959062
2.700E-1 -0.0474177118
2.800E-1 -0.0132438261
2.900E-1 0.034675427
