-8.9951990E-2 -7.8481530E-8
-5.9867860E-2 -6.6795650E-8
-3.0114650E-2 -4.3346290E-8
2.0372870E-4 -3.2964070E-9
1.0017870E-2 1.1068660E-8
2.0276040E-2 3.8866450E-8
3.0520920E-2 1.0347110E-7
4.0233610E-2 9.8620840E-8
5.0014500E-2 1.4103880E-7
5.9966560E-2 2.0055060E-7
7.0009710E-2 2.7662240E-7
7.9973220E-2 3.7363450E-7
9.0005400E-2 5.0192330E-7
1.0006000E-1 6.6768080E-7
1.0997770E-1 8.9346640E-7
1.1999850E-1 1.1994250E-6
1.2992760E-1 1.6317790E-6
1.3997080E-1 2.1903540E-6
1.5000300E-1 2.9551520E-6
1.6000030E-1 4.0019950E-6
1.6998670E-1 5.4392880E-6
1.7996170E-1 7.4109990E-6
1.9000480E-1 1.0108900E-5
1.9996830E-1 1.3788960E-5
2.0997760E-1 1.8915760E-5
2.1996640E-1 2.5932980E-5
2.2994140E-1 3.5538850E-5
2.3996210E-1 4.8782310E-5
2.4993710E-1 6.7105040E-5
2.5992350E-1 9.2399790E-5
2.6994370E-1 1.2700450E-4
2.7995300E-1 1.7438740E-4
2.8996230E-1 2.3956710E-4
2.9994870E-1 3.2923560E-4
3.0996890E-1 4.5053730E-4
3.1995530E-1 6.1346330E-4
3.2996460E-1 8.2920000E-4
3.3996250E-1 1.1162740E-3
3.4997180E-1 1.4929940E-3
3.5995770E-1 1.9725710E-3
3.6994410E-1 2.5723890E-3
3.7998770E-1 3.3159760E-3
3.8993980E-1 4.2177630E-3
3.9996050E-1 5.2937380E-3
4.0999220E-1 6.5453560E-3
4.1995570E-1 7.9593420E-3
4.2998790E-1 9.5454920E-3
4.3998580E-1 1.1320460E-2
4.4997170E-1 1.3230440E-2
4.5996950E-1 1.5300330E-2
4.6999030E-1 1.7514470E-2
4.8002200E-1 1.9877490E-2
4.9001980E-1 2.2367950E-2
