-9.0237140E-2 -1.0018390E-7
-6.0278420E-2 -7.7325170E-8
-3.0160430E-2 -4.1788640E-8
-1.2135510E-4 -8.8363090E-9
9.8081830E-3 1.2977250E-8
1.9979210E-2 3.4102540E-8
2.9996870E-2 7.0826900E-8
3.9960380E-2 1.0553440E-7
4.9992080E-2 1.4991470E-7
5.9955600E-2 2.0719490E-7
6.9987300E-2 2.8509020E-7
7.9996590E-2 3.8518870E-7
9.0005870E-2 5.1607280E-7
9.9991800E-2 6.9312300E-7
1.0997820E-1 9.2936600E-7
1.1998750E-1 1.2389850E-6
1.2995100E-1 1.6802130E-6
1.3995980E-1 2.2373300E-6
1.4998050E-1 3.0040280E-6
1.5998940E-1 4.0562610E-6
1.6999860E-1 5.4804300E-6
1.7997360E-1 7.4355980E-6
1.8999390E-1 1.0115750E-5
1.9996880E-1 1.3787230E-5
2.0998950E-1 1.8817750E-5
2.1995500E-1 2.5781050E-5
2.2994140E-1 3.5362540E-5
2.3997350E-1 4.8550940E-5
2.4992560E-1 6.6555320E-5
2.5993490E-1 9.1172160E-5
2.6993230E-1 1.2560120E-4
2.7994160E-1 1.7261880E-4
2.8995080E-1 2.3667930E-4
2.9996010E-1 3.2369770E-4
3.0993510E-1 4.4163600E-4
3.1994390E-1 6.0193500E-4
3.2995320E-1 8.1622790E-4
3.3996250E-1 1.0958760E-3
3.4997130E-1 1.4630350E-3
3.5999200E-1 1.9360630E-3
3.6993270E-1 2.5348380E-3
3.7997630E-1 3.2797010E-3
3.8996270E-1 4.1746500E-3
3.9996000E-1 5.2361970E-3
4.0998080E-1 6.4843950E-3
4.1996720E-1 7.9169830E-3
4.2998790E-1 9.5427690E-3
4.3996290E-1 1.1325090E-2
4.4997170E-1 1.3293010E-2
4.5995810E-1 1.5432420E-2
4.7000170E-1 1.7703910E-2
4.8001050E-1 2.0106900E-2
