-9.0067390E-2 -4.7611630E-4
-5.9971330E-2 -4.7589010E-4
-2.9989720E-2 -4.7571040E-4
-4.6703220E-3 -4.8035530E-4
7.6186360E-3 -4.7495660E-4
1.4932250E-2 -4.8083080E-4
3.0019760E-2 -4.7594240E-4
3.9994720E-2 -4.7582060E-4
5.0004010E-2 -4.7571620E-4
5.9967520E-2 -4.7560020E-4
6.9976810E-2 -4.7546100E-4
8.0020430E-2 -4.7529870E-4
9.0006830E-2 -4.7511320E-4
9.9970340E-2 -4.7484050E-4
1.1000250E-1 -4.7455650E-4
1.1998890E-1 -4.7422580E-4
1.2997530E-1 -4.7374460E-4
1.4001890E-1 -4.7308930E-4
1.4999390E-1 -4.7234120E-4
1.6000320E-1 -4.7125680E-4
1.7000100E-1 -4.6982450E-4
1.7996450E-1 -4.6787030E-4
1.8999670E-1 -4.6519700E-4
1.9997170E-1 -4.6152630E-4
2.1001530E-1 -4.5657400E-4
2.1996970E-1 -4.4968490E-4
2.2993330E-1 -4.4019790E-4
2.3998830E-1 -4.2718520E-4
2.4995230E-1 -4.0935350E-4
2.5992730E-1 -3.8464440E-4
2.6994800E-1 -3.5022790E-4
2.7995730E-1 -3.0307120E-4
2.8995510E-1 -2.3879040E-4
2.9994150E-1 -1.5154590E-4
3.0997370E-1 -3.1993540E-5
3.1879760E-1 9.7634290E-5
3.2998090E-1 3.4479380E-4
3.3999060E-1 6.2790700E-4
3.4994270E-1 9.9461270E-4
3.5998630E-1 1.4686810E-3
3.6994980E-1 2.0684510E-3
3.7999340E-1 2.8089790E-3
3.8994600E-1 3.6982040E-3
3.9994380E-1 4.7536850E-3
4.0997600E-1 5.9919360E-3
4.1996240E-1 7.4119720E-3
4.3000600E-1 9.0128670E-3
4.3996950E-1 1.0768530E-2
4.4995590E-1 1.2704630E-2
4.5996520E-1 1.4794830E-2
4.7002030E-1 1.7013640E-2
4.8000670E-1 1.9369740E-2
4.9001600E-1 2.1872980E-2
