-9.0065960E-2 -3.4945700E-4
-5.9947970E-2 -3.4923670E-4
-2.9989240E-2 -3.4908010E-4
-4.4746990E-3 -3.5472230E-4
6.6031810E-3 -3.5519200E-4
1.6886090E-2 -3.4825080E-4
2.9984950E-2 -3.4918440E-4
3.9993760E-2 -3.4909740E-4
5.0003050E-2 -3.4901630E-4
5.9966560E-2 -3.4884810E-4
6.9987300E-2 -3.4874960E-4
8.0019000E-2 -3.4857550E-4
9.0005400E-2 -3.4840740E-4
1.0000280E-1 -3.4819870E-4
1.0998920E-1 -3.4791450E-4
1.1997560E-1 -3.4758400E-4
1.2999580E-1 -3.4712580E-4
1.4000510E-1 -3.4652280E-4
1.5002540E-1 -3.4571090E-4
1.5997790E-1 -3.4467290E-4
1.7003250E-1 -3.4325220E-4
1.7998460E-1 -3.4130970E-4
1.8999340E-1 -3.3865960E-4
1.9999120E-1 -3.3505270E-4
2.0997760E-1 -3.3006000E-4
2.1998930E-1 -3.2310720E-4
2.2995280E-1 -3.1362610E-4
2.3997350E-1 -3.0051500E-4
2.4992560E-1 -2.8253290E-4
2.5994630E-1 -2.5754000E-4
2.6996660E-1 -2.2273560E-4
2.7995300E-1 -1.7502880E-4
2.8993940E-1 -1.0993730E-4
2.9998250E-1 -2.0534500E-5
3.0957030E-1 8.5801800E-5
3.1997820E-1 2.6306440E-4
3.2996460E-1 4.8144530E-4
3.3999680E-1 7.6711690E-4
3.4997180E-1 1.1354550E-3
3.5996910E-1 1.6109180E-3
3.6993270E-1 2.2081860E-3
3.7997630E-1 2.9399530E-3
3.8992830E-1 3.8114900E-3
3.9996050E-1 4.8343860E-3
4.0998080E-1 6.0252730E-3
4.1995570E-1 7.3783570E-3
4.2997650E-1 8.8898110E-3
4.3997430E-1 1.0534910E-2
4.4996070E-1 1.2332510E-2
4.5994660E-1 1.4263360E-2
4.7000170E-1 1.6300230E-2
4.8002200E-1 1.8444850E-2
4.9000840E-1 2.0719230E-2
