-9.0077880E-2 -3.5204000E-4
-5.9970860E-2 -3.5183130E-4
-2.9989720E-2 -3.5163990E-4
-4.5583840E-3 -3.5751420E-4
6.4960420E-3 -3.5803610E-4
1.5027490E-2 -3.5250400E-4
3.0030730E-2 -3.5178500E-4
3.9982800E-2 -3.5173270E-4
4.9980640E-2 -3.5164580E-4
5.9967040E-2 -3.5152400E-4
7.0010660E-2 -3.5138490E-4
8.0019470E-2 -3.5122250E-4
9.0005870E-2 -3.5101940E-4
1.0003810E-1 -3.5081650E-4
1.0997870E-1 -3.5059030E-4
1.1998800E-1 -3.5021920E-4
1.2999730E-1 -3.4972630E-4
1.3998370E-1 -3.4913490E-4
1.5001540E-1 -3.4835780E-4
1.5999030E-1 -3.4727340E-4
1.6997670E-1 -3.4589910E-4
1.8002030E-1 -3.4392750E-4
1.8999530E-1 -3.4126580E-4
1.9999310E-1 -3.3769950E-4
2.1000190E-1 -3.3263710E-4
2.2000270E-1 -3.2574230E-4
2.2993180E-1 -3.1624960E-4
2.3996400E-1 -3.0319640E-4
2.4991660E-1 -2.8516770E-4
2.5997110E-1 -2.6013400E-4
2.6995750E-1 -2.2539890E-4
2.7997830E-1 -1.7780760E-4
2.8997610E-1 -1.1300550E-4
2.9996250E-1 -2.3702010E-5
3.0958410E-1 8.2312120E-5
3.1995820E-1 2.6003950E-4
3.2995610E-1 4.7756990E-4
3.3994250E-1 7.6212450E-4
3.4997460E-1 1.1312330E-3
3.5998390E-1 1.6074530E-3
3.6992450E-1 2.2021770E-3
3.7999060E-1 2.9313420E-3
3.8995460E-1 3.8012040E-3
3.9997480E-1 4.8255010E-3
4.0998410E-1 6.0191790E-3
4.1994810E-1 7.3725640E-3
4.2997980E-1 8.8836250E-3
4.3994380E-1 1.0533240E-2
4.4997550E-1 1.2332020E-2
4.5996190E-1 1.4259410E-2
4.7001700E-1 1.6293970E-2
4.8001480E-1 1.8453670E-2
4.9001260E-1 2.0737350E-2
