-8.9986320E-2 -4.5218280E-4
-5.9959410E-2 -4.5199740E-4
-2.9989240E-2 -4.5181750E-4
-7.7152250E-4 -4.5314550E-4
1.4490280E-2 -4.4765990E-4
1.5134570E-2 -4.5730910E-4
3.0030730E-2 -4.5196830E-4
4.0005210E-2 -4.5190460E-4
5.0037380E-2 -4.5176540E-4
5.9989450E-2 -4.5166680E-4
7.0021150E-2 -4.5149280E-4
8.0030440E-2 -4.5135940E-4
9.0016840E-2 -4.5109850E-4
1.0003710E-1 -4.5088980E-4
1.1002350E-1 -4.5058250E-4
1.1999850E-1 -4.5024030E-4
1.2998440E-1 -4.4976480E-4
1.4001660E-1 -4.4912110E-4
1.5002540E-1 -4.4833830E-4
1.6000030E-1 -4.4723650E-4
1.7000960E-1 -4.4578690E-4
1.7999600E-1 -4.4378630E-4
1.8999340E-1 -4.4108390E-4
1.9999120E-1 -4.3745400E-4
2.0998910E-1 -4.3243800E-4
2.1997790E-1 -4.2546200E-4
2.2997570E-1 -4.1593450E-4
2.3997350E-1 -4.0271320E-4
2.4993710E-1 -3.8452240E-4
2.5996880E-1 -3.5957010E-4
2.6996660E-1 -3.2517730E-4
2.7995300E-1 -2.7775470E-4
2.8997370E-1 -2.1234410E-4
2.9997160E-1 -1.2271200E-4
3.0996890E-1 -2.0505700E-6
3.1997820E-1 1.6042360E-4
3.2997610E-1 3.7958170E-4
3.3997390E-1 6.6901700E-4
3.4996030E-1 1.0444090E-3
3.5999200E-1 1.5251540E-3
3.6994410E-1 2.1365040E-3
3.7997630E-1 2.8982310E-3
3.8996270E-1 3.8139800E-3
3.9998290E-1 4.8961580E-3
4.0998080E-1 6.1604080E-3
4.1994430E-1 7.6090470E-3
4.2999940E-1 9.2520430E-3
4.3995140E-1 1.1053400E-2
4.4997170E-1 1.3040440E-2
4.5995810E-1 1.5200110E-2
4.7001310E-1 1.7490130E-2
4.8004480E-1 1.9913410E-2
4.9000840E-1 2.2474540E-2
