-9.0033530E-2 -1.6667530E-4
-5.9960370E-2 -1.1351680E-4
-2.9978750E-2 -5.8063250E-5
1.1622910E-6 -1.6883820E-8
9.9827050E-3 1.9883910E-5
2.0007820E-2 4.0170470E-5
3.0008320E-2 6.1021860E-5
3.9995190E-2 8.1824520E-5
5.0004480E-2 1.0299600E-4
5.9990880E-2 1.2484940E-4
6.9988730E-2 1.4711170E-4
8.0020430E-2 1.6926390E-4
8.9995860E-2 1.9201920E-4
1.0001610E-1 2.1505870E-4
1.0999160E-1 2.3899690E-4
1.2001180E-1 2.6327740E-4
1.2996440E-1 2.8828860E-4
1.4000750E-1 3.1372300E-4
1.5001680E-1 3.3978370E-4
1.5999220E-1 3.6723610E-4
1.7001250E-1 3.9581350E-4
1.7998790E-1 4.2672220E-4
1.8999720E-1 4.5921400E-4
1.9997220E-1 4.9488940E-4
2.0999290E-1 5.3371400E-4
2.1997020E-1 5.7848800E-4
2.2993370E-1 6.2998900E-4
2.3996590E-1 6.9135960E-4
2.4994090E-1 7.6376020E-4
2.5993870E-1 8.5339560E-4
2.6995940E-1 9.6572210E-4
2.7995730E-1 1.1115990E-3
2.9005810E-1 1.2966300E-3
2.9988480E-1 1.5351470E-3
3.0996270E-1 1.8496350E-3
3.1997200E-1 2.2633900E-3
3.2990170E-1 2.8130930E-3
3.4002490E-1 3.5174020E-3
3.4987450E-1 4.4333430E-3
3.6007790E-1 5.5913930E-3
3.6985870E-1 7.0632340E-3
3.7995960E-1 8.9043290E-3
3.8995740E-1 1.1126560E-2
3.9997820E-1 1.3832570E-2
4.0997600E-1 1.6985830E-2
4.1995100E-1 2.0641360E-2
4.2999460E-1 2.4707030E-2
4.3995860E-1 2.9230970E-2
4.4994500E-1 3.4176650E-2
