-9.0056900E-2 -1.6665340E-4
-5.9983730E-2 -1.1334940E-4
-2.9990200E-2 -5.8227250E-5
-8.4847210E-5 -1.0239090E-8
1.0002760E-2 1.9754750E-5
1.9997360E-2 4.0160360E-5
2.9996870E-2 6.0899980E-5
3.9983750E-2 8.1940600E-5
5.0027370E-2 1.0321370E-4
5.9967990E-2 1.2476930E-4
7.0091250E-2 1.4685190E-4
7.9929830E-2 1.6941040E-4
9.0087410E-2 1.9213090E-4
9.9914070E-2 2.1519370E-4
1.1004880E-1 2.3887120E-4
1.1998990E-1 2.6325040E-4
1.3003350E-1 2.8827930E-4
1.4001990E-1 3.1365590E-4
1.4997240E-1 3.4040100E-4
1.6007280E-1 3.6711150E-4
1.6999100E-1 3.9616460E-4
1.8003460E-1 4.2629660E-4
1.8988420E-1 4.5964120E-4
2.0003030E-1 4.9418020E-4
2.0986890E-1 5.3430980E-4
2.1992640E-1 5.7742560E-4
2.2993560E-1 6.2973310E-4
2.3995640E-1 6.9062300E-4
2.4992040E-1 7.6412010E-4
2.5994110E-1 8.5357040E-4
2.6995040E-1 9.6553870E-4
2.7996020E-1 1.1101590E-3
2.8995800E-1 1.2974520E-3
2.9994440E-1 1.5360860E-3
3.0996510E-1 1.8495920E-3
3.1996350E-1 2.2588300E-3
3.2996130E-1 2.8033800E-3
3.3993670E-1 3.5095510E-3
3.4995750E-1 4.4315230E-3
3.5997820E-1 5.5922490E-3
3.6993070E-1 7.0564540E-3
3.7995150E-1 8.8871890E-3
3.8994930E-1 1.1139390E-2
3.9993570E-1 1.3790970E-2
4.0999080E-1 1.6970900E-2
4.1994330E-1 2.0588800E-2
4.2997550E-1 2.4724620E-2
4.3995050E-1 2.9238150E-2
4.4996020E-1 3.4173440E-2
