0.000E+0 -0.0874319566
1.000E-2 -0.0874256157
2.000E-2 -0.0874191376
3.000E-2 -0.0874124824
4.000E-2 -0.0874055954
5.000E-2 -0.0873984028
6.000E-2 -0.0873908048
7.000E-2 -0.0873826664
8.000E-2 -0.087373806
9.000E-2 -0.0873639793
1.000E-1 -0.0873528585
1.100E-1 -0.0873400031
1.200E-1 -0.0873248214
1.300E-1 -0.0873065157
1.400E-1 -0.0872840072
1.500E-1 -0.0872558295
1.600E-1 -0.0872199781
1.700E-1 -0.0871736958
1.800E-1 -0.0871131672
1.900E-1 -0.087033082
2.000E-1 -0.0869260093
2.100E-1 -0.0867815027
2.200E-1 -0.0865848182
2.300E-1 -0.0863150746
2.400E-1 -0.0859426151
2.500E-1 -0.0854252157
2.600E-1 -0.0847026388
2.700E-1 -0.0836887965
2.800E-1 -0.0822604761
2.900E-1 -0.0802411058
3.000E-1 -0.0773773727
3.100E-1 -0.0733055325
3.200E-1 -0.0675028532
3.300E-1 -0.0592176176
3.400E-1 -0.0473681975
3.500E-1 -0.0303975201
3.600E-1 -0.0060631924
3.700E-1 0.0288651535
