0.000E+0 -0.122753768
1.000E-2 -0.122751517
2.000E-2 -0.122749254
3.000E-2 -0.122746978
4.000E-2 -0.122744687
5.000E-2 -0.122742382
6.000E-2 -0.12274006
7.000E-2 -0.122737718
8.000E-2 -0.122735353
9.000E-2 -0.12273296
1.000E-1 -0.122730531
1.100E-1 -0.122728057
1.200E-1 -0.12272552
1.300E-1 -0.1227229
1.400E-1 -0.122720163
1.500E-1 -0.122717262
1.600E-1 -0.122714124
1.700E-1 -0.122710648
1.800E-1 -0.122706682
1.900E-1 -0.122702002
2.000E-1 -0.122696282
2.100E-1 -0.12268904
2.200E-1 -0.122679569
2.300E-1 -0.122666831
2.400E-1 -0.122649296
2.500E-1 -0.12262472
2.600E-1 -0.122589797
2.700E-1 -0.122539669
2.800E-1 -0.122467191
2.900E-1 -0.122361854
3.000E-1 -0.122208201
3.100E-1 -0.121983496
3.200E-1 -0.121654297
3.300E-1 -0.121171416
3.400E-1 -0.120462493
3.500E-1 -0.119421091
3.600E-1 -0.117890638
3.700E-1 -0.115640813
3.800E-1 -0.112332801
3.900E-1 -0.107468186
4.000E-1 -0.100313766
4.100E-1 -0.0897909451
4.200E-1 -0.0743130297
4.300E-1 -0.0515458796
4.400E-1 -0.0180558273
4.500E-1 0.031208216
