0.000E+0 -0.25988573
1.000E-2 -0.259884037
2.000E-2 -0.259882209
3.000E-2 -0.259880196
4.000E-2 -0.259877924
5.000E-2 -0.259875291
6.000E-2 -0.259872152
7.000E-2 -0.259868305
8.000E-2 -0.259863466
9.000E-2 -0.259857234
1.000E-1 -0.259849047
1.100E-1 -0.259838114
1.200E-1 -0.259823324
1.300E-1 -0.259803115
1.400E-1 -0.259775291
1.500E-1 -0.259736765
1.600E-1 -0.259683197
1.700E-1 -0.259608486
1.800E-1 -0.259504055
1.900E-1 -0.259357847
2.000E-1 -0.25915291
2.100E-1 -0.258865416
2.200E-1 -0.258461861
2.300E-1 -0.257895151
2.400E-1 -0.257099074
2.500E-1 -0.255980549
2.600E-1 -0.254408721
2.700E-1 -0.252199626
2.800E-1 -0.249094646
2.900E-1 -0.244730204
3.000E-1 -0.238595176
3.100E-1 -0.229971011
3.200E-1 -0.217847558
3.300E-1 -0.200804741
3.400E-1 -0.176846217
3.500E-1 -0.143165569
3.600E-1 -0.0958176594
3.700E-1 -0.0292566987
3.800E-1 0.0643129212
