-9.0123650E-2 -1.9384730E-4
-5.9925560E-2 -1.9226420E-4
-2.9966830E-2 -1.9092470E-4
-6.9528820E-5 -1.8959100E-4
1.0430190E-2 -1.8939960E-4
2.0035890E-2 -1.8839060E-4
3.0053620E-2 -1.8837900E-4
3.9994240E-2 -1.8771800E-4
4.9969200E-2 -1.8707430E-4
6.0012820E-2 -1.8650600E-4
6.9999220E-2 -1.8593190E-4
7.9916950E-2 -1.8523030E-4
9.0005870E-2 -1.8456330E-4
9.9992280E-2 -1.8387900E-4
1.0988760E-1 -1.8304410E-4
1.2001090E-1 -1.8189010E-4
1.2995150E-1 -1.8052730E-4
1.4006330E-1 -1.7878770E-4
1.5007260E-1 -1.7693210E-4
1.5995600E-1 -1.7477490E-4
1.6995380E-1 -1.7148700E-4
1.7998600E-1 -1.6755530E-4
1.8996100E-1 -1.6146070E-4
2.0006130E-1 -1.5472830E-4
2.0999050E-1 -1.4511950E-4
2.1992250E-1 -1.3327830E-4
2.2988650E-1 -1.1575990E-4
2.4003220E-1 -9.1892350E-5
2.4987080E-1 -5.8474500E-5
2.5999400E-1 -1.4865090E-5
2.6986650E-1 4.3809560E-5
2.8005790E-1 1.2266800E-4
2.8982780E-1 2.3021530E-4
3.0000780E-1 3.8773820E-4
3.0986880E-1 5.8059980E-4
3.2009510E-1 8.3740660E-4
3.2994460E-1 1.1545870E-3
3.3999920E-1 1.6365440E-3
3.4992890E-1 2.1500250E-3
3.6001780E-1 2.8265710E-3
3.6991310E-1 3.5346430E-3
3.8003640E-1 4.4871980E-3
3.8986300E-1 5.5335720E-3
3.9997480E-1 6.7885590E-3
4.0997270E-1 8.1010910E-3
4.2003920E-1 9.5039050E-3
4.2999120E-1 1.1114900E-2
4.3997760E-1 1.2811120E-2
4.4992970E-1 1.4402520E-2
4.5993900E-1 1.6303840E-2
4.6999410E-1 1.8217910E-2
4.7999190E-1 2.0266370E-2
4.9001260E-1 2.2303250E-2
5.0007870E-1 2.4311170E-2
5.0996260E-1 2.6503890E-2
5.2000620E-1 2.8715150E-2
5.2999260E-1 3.1161030E-2
