0.000E+0 0
1.000E-2 6.33115857E-13
2.000E-2 1.51995656E-12
3.000E-2 2.76256166E-12
4.000E-2 4.50400618E-12
5.000E-2 6.94490589E-12
6.000E-2 1.03665685E-11
7.000E-2 1.51634736E-11
8.000E-2 2.1888851E-11
9.000E-2 3.13186544E-11
1.000E-1 4.45413783E-11
1.100E-1 6.30841887E-11
1.200E-1 8.90900882E-11
1.300E-1 1.25566815E-10
1.400E-1 1.76736571E-10
1.500E-1 2.48527499E-10
1.600E-1 3.49264393E-10
1.700E-1 4.90639501E-10
1.800E-1 6.8907702E-10
1.900E-1 9.67651019E-10
2.000E-1 1.35878127E-9
2.100E-1 1.90802264E-9
2.200E-1 2.6793916E-9
2.300E-1 3.7628536E-9
2.400E-1 5.28484785E-9
2.500E-1 7.42308212E-9
2.600E-1 1.04273295E-8
2.700E-1 1.46486623E-8
2.800E-1 2.05805453E-8
2.900E-1 2.89165985E-8
3.000E-1 4.0631787E-8
3.100E-1 5.70965354E-8
3.200E-1 8.02371029E-8
3.300E-1 1.1276095E-7
3.400E-1 1.58473376E-7
3.500E-1 2.22722301E-7
3.600E-1 3.13022831E-7
3.700E-1 4.39933918E-7
3.800E-1 6.1828913E-7
3.900E-1 8.68916494E-7
4.000E-1 1.22105727E-6
4.100E-1 1.71573709E-6
4.200E-1 2.41047773E-6
4.300E-1 3.38586059E-6
4.400E-1 4.75465394E-6
4.500E-1 6.67448253E-6
