7.881E-4 -2.632E-4
1.065E-2 -2.609E-4
2.050E-2 -2.590E-4
3.049E-2 -2.570E-4
4.039E-2 -2.549E-4
4.997E-2 -2.524E-4
6.108E-2 -2.501E-4
7.085E-2 -2.475E-4
8.083E-2 -2.450E-4
9.047E-2 -2.421E-4
1.003E-1 -2.392E-4
1.114E-1 -2.361E-4
1.212E-1 -2.326E-4
1.311E-1 -2.291E-4
1.409E-1 -2.256E-4
1.510E-1 -2.219E-4
1.619E-1 -2.177E-4
1.717E-1 -2.131E-4
1.817E-1 -2.087E-4
1.915E-1 -2.041E-4
2.012E-1 -1.989E-4
2.111E-1 -1.934E-4
2.223E-1 -1.873E-4
2.321E-1 -1.807E-4
2.418E-1 -1.749E-4
2.518E-1 -1.680E-4
2.615E-1 -1.617E-4
2.727E-1 -1.540E-4
2.825E-1 -1.460E-4
2.922E-1 -1.384E-4
3.019E-1 -1.301E-4
3.120E-1 -1.222E-4
3.231E-1 -1.122E-4
3.328E-1 -1.034E-4
3.428E-1 -9.292E-5
3.524E-1 -8.416E-5
3.622E-1 -7.330E-5
3.733E-1 -6.137E-5
3.831E-1 -4.980E-5
3.932E-1 -3.823E-5
4.028E-1 -2.636E-5
4.224E-1 -9.055E-7
4.435E-1 2.752E-5
4.632E-1 5.453E-5
4.841E-1 8.869E-5
5.038E-1 1.202E-4
5.544E-1 2.136E-4
6.046E-1 3.169E-4
6.551E-1 4.216E-4
7.055E-1 5.252E-4
7.559E-1 6.268E-4
8.062E-1 7.261E-4
8.566E-1 8.204E-4
9.072E-1 9.087E-4
9.573E-1 9.983E-4
1.007E+0 1.078E-3
