8.604E-4 -2.629E-4
1.065E-2 -2.610E-4
2.068E-2 -2.591E-4
3.037E-2 -2.569E-4
4.049E-2 -2.547E-4
5.004E-2 -2.523E-4
6.100E-2 -2.497E-4
7.100E-2 -2.476E-4
8.082E-2 -2.448E-4
9.044E-2 -2.422E-4
1.004E-1 -2.394E-4
1.116E-1 -2.359E-4
1.213E-1 -2.327E-4
1.312E-1 -2.293E-4
1.411E-1 -2.260E-4
1.510E-1 -2.221E-4
1.620E-1 -2.175E-4
1.717E-1 -2.129E-4
1.816E-1 -2.084E-4
1.916E-1 -2.038E-4
2.013E-1 -1.990E-4
2.112E-1 -1.935E-4
2.222E-1 -1.868E-4
2.320E-1 -1.810E-4
2.419E-1 -1.748E-4
2.515E-1 -1.687E-4
2.615E-1 -1.617E-4
2.727E-1 -1.539E-4
2.824E-1 -1.458E-4
2.922E-1 -1.386E-4
3.020E-1 -1.299E-4
3.119E-1 -1.217E-4
3.230E-1 -1.116E-4
3.329E-1 -1.033E-4
3.427E-1 -9.367E-5
3.525E-1 -8.291E-5
3.624E-1 -7.390E-5
3.734E-1 -6.107E-5
3.832E-1 -5.106E-5
3.931E-1 -3.884E-5
4.029E-1 -2.757E-5
4.226E-1 -2.214E-6
4.435E-1 2.787E-5
4.632E-1 5.655E-5
4.842E-1 8.824E-5
5.037E-1 1.216E-4
5.541E-1 2.133E-4
6.047E-1 3.154E-4
6.549E-1 4.223E-4
7.054E-1 5.249E-4
7.558E-1 6.274E-4
8.062E-1 7.245E-4
8.567E-1 8.186E-4
9.069E-1 9.101E-4
9.575E-1 9.967E-4
1.007E+0 1.078E-3
