0.000E+0 -0.23903528
1.000E-2 -0.239031655
2.000E-2 -0.23902799
3.000E-2 -0.239024276
4.000E-2 -0.239020504
5.000E-2 -0.239016657
6.000E-2 -0.239012713
7.000E-2 -0.239008642
8.000E-2 -0.2390044
9.000E-2 -0.238999922
1.000E-1 -0.23899512
1.100E-1 -0.238989863
1.200E-1 -0.238983968
1.300E-1 -0.238977169
1.400E-1 -0.238969085
1.500E-1 -0.238959171
1.600E-1 -0.238946641
1.700E-1 -0.238930365
1.800E-1 -0.238908714
1.900E-1 -0.238879345
2.000E-1 -0.238838879
2.100E-1 -0.238782446
2.200E-1 -0.23870302
2.300E-1 -0.23859047
2.400E-1 -0.238430175
2.500E-1 -0.238201038
2.600E-1 -0.237872614
2.700E-1 -0.237400956
2.800E-1 -0.23672263
2.900E-1 -0.235746064
3.000E-1 -0.234339073
3.100E-1 -0.232310833
3.200E-1 -0.229385897
3.300E-1 -0.225166693
3.400E-1 -0.219079483
3.500E-1 -0.210296507
3.600E-1 -0.197623982
3.700E-1 -0.179341244
3.800E-1 -0.1529703
3.900E-1 -0.114946866
4.000E-1 -0.0601532608
4.100E-1 0.0187397905
