0.000E+0 -0.215271536
1.000E-2 -0.21526918
2.000E-2 -0.215266809
3.000E-2 -0.215264424
4.000E-2 -0.215262023
5.000E-2 -0.215259606
6.000E-2 -0.215257171
7.000E-2 -0.215254718
8.000E-2 -0.215252243
9.000E-2 -0.215249744
1.000E-1 -0.215247217
1.100E-1 -0.215244655
1.200E-1 -0.215242052
1.300E-1 -0.215239393
1.400E-1 -0.215236663
1.500E-1 -0.215233835
1.600E-1 -0.215230873
1.700E-1 -0.215227722
1.800E-1 -0.215224303
1.900E-1 -0.215220497
2.000E-1 -0.215216133
2.100E-1 -0.215210954
2.200E-1 -0.215204584
2.300E-1 -0.215196467
2.400E-1 -0.215185782
2.500E-1 -0.215171311
2.600E-1 -0.215151259
2.700E-1 -0.215122967
2.800E-1 -0.215082501
2.900E-1 -0.21502404
3.000E-1 -0.214938972
3.100E-1 -0.214814546
3.200E-1 -0.214631892
3.300E-1 -0.214363071
3.400E-1 -0.213966728
3.500E-1 -0.213381633
3.600E-1 -0.212517136
3.700E-1 -0.211239019
3.800E-1 -0.209348559
3.900E-1 -0.206551513
4.000E-1 -0.202412204
4.100E-1 -0.196285528
4.200E-1 -0.187216274
4.300E-1 -0.173790058
4.400E-1 -0.153912597
4.500E-1 -0.124482927
4.600E-1 -0.080909609
4.700E-1 -0.0163946
4.800E-1 0.0791266261
