0.000E+0 0
1.000E-2 2.49423502E-12
2.000E-2 5.93182538E-12
3.000E-2 1.06794706E-11
4.000E-2 1.72474343E-11
5.000E-2 2.63454864E-11
6.000E-2 3.89572452E-11
7.000E-2 5.64511116E-11
8.000E-2 8.07297306E-11
9.000E-2 1.14440798E-10
1.000E-1 1.61272133E-10
1.100E-1 2.26365677E-10
1.200E-1 3.16899216E-10
1.300E-1 4.42904802E-10
1.400E-1 6.18421382E-10
1.500E-1 8.63119296E-10
1.600E-1 1.20459106E-9
1.700E-1 1.68158287E-9
1.800E-1 2.34855405E-9
1.900E-1 3.2821114E-9
2.000E-1 4.5900903E-9
2.100E-1 6.42437281E-9
2.200E-1 8.99898254E-9
2.300E-1 1.26156309E-8
2.400E-1 1.76997872E-8
2.500E-1 2.48516114E-8
2.600E-1 3.49178794E-8
2.700E-1 4.90935597E-8
2.800E-1 6.90652722E-8
2.900E-1 9.72139008E-8
3.000E-1 1.36899622E-7
3.100E-1 1.92870124E-7
3.200E-1 2.71825845E-7
3.300E-1 3.83229437E-7
3.400E-1 5.40443119E-7
3.500E-1 7.62335408E-7
3.600E-1 1.07553138E-6
3.700E-1 1.51767392E-6
3.800E-1 2.14184812E-6
3.900E-1 3.02298724E-6
4.000E-1 4.26679896E-6
4.100E-1 6.02231982E-6
4.200E-1 8.49953407E-6
4.300E-1 1.19937857E-5
4.400E-1 1.69201939E-5
4.500E-1 2.38604332E-5
