0.000E+0 -0.270143054
1.000E-2 -0.270142352
2.000E-2 -0.270141644
3.000E-2 -0.27014093
4.000E-2 -0.270140208
5.000E-2 -0.270139478
6.000E-2 -0.270138738
7.000E-2 -0.270137984
8.000E-2 -0.270137213
9.000E-2 -0.270136419
1.000E-1 -0.270135593
1.100E-1 -0.270134722
1.200E-1 -0.27013379
1.300E-1 -0.270132769
1.400E-1 -0.270131621
1.500E-1 -0.270130291
1.600E-1 -0.270128697
1.700E-1 -0.270126719
1.800E-1 -0.270124185
1.900E-1 -0.270120839
2.000E-1 -0.270116311
2.100E-1 -0.270110059
2.200E-1 -0.270101289
2.300E-1 -0.270088844
2.400E-1 -0.27007103
2.500E-1 -0.270045373
2.600E-1 -0.270008254
2.700E-1 -0.269954387
2.800E-1 -0.269876042
2.900E-1 -0.26976192
3.000E-1 -0.269595504
3.100E-1 -0.269352651
3.200E-1 -0.268998064
3.300E-1 -0.268480147
3.400E-1 -0.267723473
3.500E-1 -0.266617781
3.600E-1 -0.26500188
3.700E-1 -0.262640133
3.800E-1 -0.259188072
3.900E-1 -0.25414213
4.000E-1 -0.246766165
4.100E-1 -0.235984053
4.200E-1 -0.220222683
4.300E-1 -0.197182467
4.400E-1 -0.163501936
4.500E-1 -0.114267561
4.600E-1 -0.0422975072
4.700E-1 0.0629047235
