0.000E+0 -0.129089494
1.000E-2 -0.129084959
2.000E-2 -0.12908039
3.000E-2 -0.129075783
4.000E-2 -0.129071133
5.000E-2 -0.129066432
6.000E-2 -0.129061672
7.000E-2 -0.129056837
8.000E-2 -0.12905191
9.000E-2 -0.129046864
1.000E-1 -0.12904166
1.100E-1 -0.129036246
1.200E-1 -0.129030546
1.300E-1 -0.129024453
1.400E-1 -0.129017815
1.500E-1 -0.129010413
1.600E-1 -0.129001934
1.700E-1 -0.128991927
1.800E-1 -0.128979743
1.900E-1 -0.128964443
2.000E-1 -0.128944668
2.100E-1 -0.128918446
2.200E-1 -0.128882912
2.300E-1 -0.128833903
2.400E-1 -0.128765356
2.500E-1 -0.128668445
2.600E-1 -0.128530305
2.700E-1 -0.128332176
2.800E-1 -0.128046698
2.900E-1 -0.127633946
3.000E-1 -0.127035646
3.100E-1 -0.126166724
3.200E-1 -0.124902948
3.300E-1 -0.123062888
3.400E-1 -0.120381527
3.500E-1 -0.116471717
3.600E-1 -0.110767832
3.700E-1 -0.102443433
3.800E-1 -0.090290917
3.900E-1 -0.0725456405
4.000E-1 -0.0466288848
4.100E-1 -0.00877224391
4.200E-1 0.0465312101
