-9.0090270E-2 -4.2898010E-6
-5.9960370E-2 -2.9471450E-6
-3.0024050E-2 -1.4575380E-6
2.0140410E-4 -1.1163250E-8
9.9532310E-3 4.8078690E-7
1.9959510E-2 9.8670720E-7
2.9928680E-2 1.4894190E-6
3.9960380E-2 2.0779240E-6
4.9946780E-2 2.6195810E-6
5.9978960E-2 3.2747790E-6
6.9999690E-2 3.8879460E-6
8.0088620E-2 4.5860650E-6
8.9961050E-2 5.3036440E-6
9.9936010E-2 6.1616470E-6
1.0994530E-1 7.1543040E-6
1.1996600E-1 8.3271930E-6
1.2996390E-1 9.7203870E-6
1.3995030E-1 1.1380860E-5
1.4998250E-1 1.3669720E-5
1.5996890E-1 1.6369140E-5
1.7000100E-1 1.9955810E-5
1.7995310E-1 2.4523670E-5
1.9001960E-1 3.0811500E-5
1.9993730E-1 3.9531430E-5
2.1004920E-1 5.0761140E-5
2.2000460E-1 6.6720520E-5
2.2978590E-1 8.4838230E-5
2.3997740E-1 1.1749610E-4
2.4982690E-1 1.5458650E-4
2.5992770E-1 2.0790850E-4
2.6994850E-1 2.7070010E-4
2.7992340E-1 3.7215930E-4
2.8993270E-1 4.9983590E-4
3.0004450E-1 6.9251350E-4
3.1002000E-1 9.0656060E-4
3.1990390E-1 1.1909880E-3
3.2995840E-1 1.5630780E-3
3.3994530E-1 2.0674630E-3
3.4981780E-1 2.6051720E-3
3.5994100E-1 3.2841000E-3
3.6989360E-1 3.9716640E-3
3.7998250E-1 4.9245750E-3
3.8994600E-1 5.9122540E-3
4.0002390E-1 7.1439580E-3
4.0987350E-1 8.2853750E-3
4.1990570E-1 9.6263700E-3
4.2986970E-1 1.0980560E-2
4.3995860E-1 1.2454360E-2
4.5002510E-1 1.3814030E-2
4.5996570E-1 1.5527670E-2
4.6997500E-1 1.7157880E-2
4.8000720E-1 1.9065010E-2
4.9002790E-1 2.0728250E-2
5.0001430E-1 2.2594240E-2
5.1002360E-1 2.4229090E-2
5.1998760E-1 2.6231230E-2
5.2996250E-1 2.8106500E-2
5.4001760E-1 3.0232030E-2
