9.925E-4 -4.980E-5
1.069E-2 -5.016E-5
2.046E-2 -5.026E-5
3.029E-2 -5.016E-5
4.023E-2 -5.001E-5
5.006E-2 -4.980E-5
6.101E-2 -4.960E-5
7.071E-2 -4.940E-5
8.061E-2 -4.905E-5
9.059E-2 -4.880E-5
1.002E-1 -4.860E-5
1.112E-1 -4.824E-5
1.213E-1 -4.799E-5
1.309E-1 -4.769E-5
1.409E-1 -4.724E-5
1.508E-1 -4.689E-5
1.618E-1 -4.648E-5
1.716E-1 -4.603E-5
1.814E-1 -4.563E-5
1.913E-1 -4.513E-5
2.012E-1 -4.452E-5
2.110E-1 -4.397E-5
2.222E-1 -4.331E-5
2.320E-1 -4.251E-5
2.418E-1 -4.165E-5
2.516E-1 -4.060E-5
2.615E-1 -3.969E-5
2.725E-1 -3.818E-5
2.823E-1 -3.677E-5
2.921E-1 -3.486E-5
3.019E-1 -3.310E-5
3.119E-1 -3.054E-5
3.229E-1 -2.762E-5
3.328E-1 -2.460E-5
3.425E-1 -2.123E-5
3.524E-1 -1.741E-5
3.623E-1 -1.303E-5
3.732E-1 -7.445E-6
3.831E-1 -2.063E-6
3.931E-1 3.521E-6
4.026E-1 9.810E-6
4.225E-1 2.455E-5
4.434E-1 4.170E-5
4.631E-1 6.072E-5
4.839E-1 8.205E-5
5.037E-1 1.040E-4
5.543E-1 1.682E-4
6.045E-1 2.413E-4
6.551E-1 3.119E-4
7.053E-1 3.855E-4
7.557E-1 4.550E-4
8.061E-1 5.215E-4
8.565E-1 5.874E-4
9.069E-1 6.485E-4
9.573E-1 7.077E-4
1.007E+0 7.630E-4
