0.000E+0 -0.136808564
1.000E-2 -0.136801206
2.000E-2 -0.136793741
3.000E-2 -0.136786141
4.000E-2 -0.136778373
5.000E-2 -0.136770387
6.000E-2 -0.136762117
7.000E-2 -0.136753472
8.000E-2 -0.136744327
9.000E-2 -0.136734512
1.000E-1 -0.13672379
1.100E-1 -0.136711838
1.200E-1 -0.136698211
1.300E-1 -0.136682293
1.400E-1 -0.136663227
1.500E-1 -0.136639824
1.600E-1 -0.136610415
1.700E-1 -0.136572662
1.800E-1 -0.136523265
1.900E-1 -0.136457556
2.000E-1 -0.136368912
2.100E-1 -0.136247902
2.200E-1 -0.136081077
2.300E-1 -0.135849214
2.400E-1 -0.135524795
2.500E-1 -0.135068377
2.600E-1 -0.134423355
2.700E-1 -0.133508428
2.800E-1 -0.132206722
2.900E-1 -0.130350118
3.000E-1 -0.127696647
3.100E-1 -0.123897879
3.200E-1 -0.11845189
3.300E-1 -0.110635393
3.400E-1 -0.0994058426
3.500E-1 -0.0832602061
3.600E-1 -0.0600312548
3.700E-1 -0.0265938235
3.800E-1 0.0215585962
