0.000E+0 -0.105746382
1.000E-2 -0.105737952
2.000E-2 -0.105729354
3.000E-2 -0.105720544
4.000E-2 -0.105711458
5.000E-2 -0.105702012
6.000E-2 -0.10569209
7.000E-2 -0.105681536
8.000E-2 -0.105670136
9.000E-2 -0.105657605
1.000E-1 -0.10564355
1.100E-1 -0.105627444
1.200E-1 -0.105608566
1.300E-1 -0.105585937
1.400E-1 -0.105558214
1.500E-1 -0.105523556
1.600E-1 -0.105479416
1.700E-1 -0.105422262
1.800E-1 -0.105347164
1.900E-1 -0.10524721
2.000E-1 -0.105112669
2.100E-1 -0.104929786
2.200E-1 -0.10467906
2.300E-1 -0.104332759
2.400E-1 -0.103851364
2.500E-1 -0.10317844
2.600E-1 -0.102233275
2.700E-1 -0.100900264
2.800E-1 -0.099013638
2.900E-1 -0.096335453
3.000E-1 -0.0925238766
3.100E-1 -0.0870874754
3.200E-1 -0.0793193119
3.300E-1 -0.0682019273
3.400E-1 -0.052270338
3.500E-1 -0.0294145071
3.600E-1 0.00340540566
