0.000E+0 -0.0992824146
1.000E-2 -0.0992782268
2.000E-2 -0.0992739832
3.000E-2 -0.0992696693
4.000E-2 -0.0992652644
5.000E-2 -0.0992607396
6.000E-2 -0.0992560533
7.000E-2 -0.0992511467
8.000E-2 -0.099245936
9.000E-2 -0.0992403018
1.000E-1 -0.0992340737
1.100E-1 -0.0992270082
1.200E-1 -0.0992187577
1.300E-1 -0.0992088248
1.400E-1 -0.0991964973
1.500E-1 -0.0991807568
1.600E-1 -0.099160143
1.700E-1 -0.0991325653
1.800E-1 -0.0990950263
1.900E-1 -0.0990432294
2.000E-1 -0.0989710134
2.100E-1 -0.0988695424
2.200E-1 -0.0987261416
2.300E-1 -0.0985226276
2.400E-1 -0.098232911
2.500E-1 -0.0978195543
2.600E-1 -0.097228832
2.700E-1 -0.0963836362
2.800E-1 -0.0951732942
2.900E-1 -0.093438946
3.000E-1 -0.0909525531
3.100E-1 -0.0873867568
3.200E-1 -0.0822716018
3.300E-1 -0.0749323991
3.400E-1 -0.0644005059
3.500E-1 -0.049285224
3.600E-1 -0.0275898701
3.700E-1 0.00355230515
