0.000E+0 0
1.000E-2 9.26954521E-14
2.000E-2 2.23786586E-13
3.000E-2 4.09241716E-13
4.000E-2 6.71670709E-13
5.000E-2 1.04308847E-12
6.000E-2 1.56883013E-12
7.000E-2 2.31309955E-12
8.000E-2 3.36683486E-12
9.000E-2 4.85886189E-12
1.000E-1 6.97171565E-12
1.100E-1 9.96408869E-12
1.200E-1 1.42026918E-11
1.300E-1 2.02074818E-11
1.400E-1 2.8715875E-11
1.500E-1 4.07739282E-11
1.600E-1 5.78658195E-11
1.700E-1 8.20977303E-11
1.800E-1 1.16458984E-10
1.900E-1 1.65192927E-10
2.000E-1 2.34323655E-10
2.100E-1 3.32404106E-10
2.200E-1 4.71578567E-10
2.300E-1 6.69091743E-10
2.400E-1 9.49432136E-10
2.500E-1 1.34737645E-9
2.600E-1 1.91231359E-9
2.700E-1 2.71438667E-9
2.800E-1 3.85321683E-9
2.900E-1 5.47029471E-9
3.000E-1 7.76658179E-9
3.100E-1 1.10275111E-8
3.200E-1 1.56584999E-8
3.300E-1 2.22353929E-8
3.400E-1 3.15761133E-8
3.500E-1 4.48424391E-8
3.600E-1 6.36845739E-8
3.700E-1 9.04464947E-8
3.800E-1 1.28457638E-7
3.900E-1 1.82447248E-7
4.000E-1 2.5913286E-7
4.100E-1 3.68056267E-7
4.200E-1 5.22770872E-7
4.300E-1 7.42528173E-7
4.400E-1 1.05467311E-6
4.500E-1 1.49804601E-6
