2.325E-6 -2.412E-4
8.700E-3 -2.395E-4
1.868E-2 -2.378E-4
2.851E-2 -2.360E-4
3.819E-2 -2.343E-4
4.798E-2 -2.327E-4
5.918E-2 -2.304E-4
6.899E-2 -2.288E-4
7.866E-2 -2.268E-4
8.856E-2 -2.248E-4
9.847E-2 -2.226E-4
1.095E-1 -2.202E-4
1.194E-1 -2.181E-4
1.294E-1 -2.158E-4
1.392E-1 -2.133E-4
1.491E-1 -2.110E-4
1.600E-1 -2.080E-4
1.700E-1 -2.050E-4
1.798E-1 -2.022E-4
1.898E-1 -1.991E-4
1.994E-1 -1.961E-4
2.094E-1 -1.928E-4
2.204E-1 -1.882E-4
2.302E-1 -1.843E-4
2.401E-1 -1.804E-4
2.498E-1 -1.760E-4
2.598E-1 -1.711E-4
2.709E-1 -1.657E-4
2.808E-1 -1.605E-4
2.906E-1 -1.552E-4
3.005E-1 -1.489E-4
3.103E-1 -1.429E-4
3.215E-1 -1.361E-4
3.312E-1 -1.294E-4
3.408E-1 -1.221E-4
3.510E-1 -1.150E-4
3.607E-1 -1.072E-4
3.718E-1 -9.865E-5
3.818E-1 -9.005E-5
3.916E-1 -8.276E-5
4.012E-1 -7.345E-5
4.211E-1 -5.574E-5
4.420E-1 -3.557E-5
4.616E-1 -1.575E-5
4.828E-1 5.031E-6
5.023E-1 2.485E-5
5.530E-1 7.501E-5
6.034E-1 1.225E-4
6.538E-1 1.656E-4
7.044E-1 2.052E-4
7.546E-1 2.427E-4
8.053E-1 2.789E-4
8.557E-1 3.127E-4
9.061E-1 3.446E-4
9.566E-1 3.758E-4
1.006E+0 4.048E-4
