1.080E-3 -1.036E-4
1.074E-2 -1.031E-4
2.065E-2 -1.026E-4
3.047E-2 -1.021E-4
4.016E-2 -1.016E-4
5.007E-2 -1.010E-4
6.111E-2 -1.004E-4
7.090E-2 -9.961E-5
8.070E-2 -9.900E-5
9.069E-2 -9.830E-5
1.003E-1 -9.760E-5
1.114E-1 -9.684E-5
1.213E-1 -9.599E-5
1.311E-1 -9.518E-5
1.411E-1 -9.433E-5
1.510E-1 -9.332E-5
1.619E-1 -9.216E-5
1.718E-1 -9.126E-5
1.817E-1 -9.010E-5
1.913E-1 -8.879E-5
2.013E-1 -8.738E-5
2.112E-1 -8.592E-5
2.223E-1 -8.391E-5
2.320E-1 -8.225E-5
2.419E-1 -8.014E-5
2.516E-1 -7.772E-5
2.615E-1 -7.546E-5
2.724E-1 -7.229E-5
2.825E-1 -6.932E-5
2.924E-1 -6.580E-5
3.021E-1 -6.193E-5
3.119E-1 -5.765E-5
3.230E-1 -5.287E-5
3.329E-1 -4.804E-5
3.427E-1 -4.276E-5
3.525E-1 -3.662E-5
3.623E-1 -3.089E-5
3.734E-1 -2.284E-5
3.832E-1 -1.565E-5
3.932E-1 -7.798E-6
4.226E-1 1.806E-5
4.436E-1 3.808E-5
4.631E-1 6.062E-5
4.839E-1 8.658E-5
5.038E-1 1.140E-4
5.542E-1 1.931E-4
6.048E-1 2.826E-4
6.550E-1 3.812E-4
7.054E-1 4.797E-4
7.557E-1 5.798E-4
8.061E-1 6.758E-4
8.568E-1 7.672E-4
9.069E-1 8.568E-4
9.575E-1 9.413E-4
1.007E+0 1.023E-3
