1.055E-3 -1.044E-4
1.082E-2 -1.051E-4
2.037E-2 -1.046E-4
3.026E-2 -1.043E-4
4.024E-2 -1.040E-4
5.014E-2 -1.033E-4
6.101E-2 -1.027E-4
7.083E-2 -1.021E-4
8.082E-2 -1.016E-4
9.047E-2 -1.008E-4
1.004E-1 -1.000E-4
1.115E-1 -9.926E-5
1.213E-1 -9.845E-5
1.313E-1 -9.755E-5
1.411E-1 -9.664E-5
1.509E-1 -9.563E-5
1.620E-1 -9.448E-5
1.719E-1 -9.327E-5
1.817E-1 -9.201E-5
1.916E-1 -9.070E-5
2.011E-1 -8.909E-5
2.112E-1 -8.738E-5
2.223E-1 -8.527E-5
2.322E-1 -8.326E-5
2.419E-1 -8.115E-5
2.517E-1 -7.818E-5
2.615E-1 -7.576E-5
2.724E-1 -7.199E-5
2.825E-1 -6.832E-5
2.921E-1 -6.495E-5
3.020E-1 -6.037E-5
3.118E-1 -5.569E-5
3.232E-1 -4.990E-5
3.327E-1 -4.513E-5
3.428E-1 -3.879E-5
3.525E-1 -3.275E-5
3.623E-1 -2.520E-5
3.735E-1 -1.731E-5
3.833E-1 -9.659E-6
3.931E-1 -8.049E-7
4.028E-1 8.250E-6
4.224E-1 2.747E-5
4.436E-1 4.930E-5
4.632E-1 7.430E-5
4.841E-1 1.005E-4
5.039E-1 1.288E-4
5.541E-1 2.122E-4
6.047E-1 3.072E-4
6.550E-1 4.083E-4
7.055E-1 5.093E-4
7.557E-1 6.050E-4
8.064E-1 6.999E-4
8.566E-1 7.918E-4
9.071E-1 8.800E-4
9.574E-1 9.642E-4
1.007E+0 1.045E-3
