0.000E+0 0
1.000E-2 7.16072205E-12
2.000E-2 1.72263797E-11
3.000E-2 3.13898907E-11
4.000E-2 5.13338399E-11
5.000E-2 7.94315001E-11
6.000E-2 1.19030539E-10
7.000E-2 1.74853598E-10
8.000E-2 2.53564177E-10
9.000E-2 3.64566502E-10
1.000E-1 5.21136849E-10
1.100E-1 7.42024702E-10
1.200E-1 1.05372028E-9
1.300E-1 1.49366767E-9
1.400E-1 2.11481994E-9
1.500E-1 2.99209963E-9
1.600E-1 4.23156371E-9
1.700E-1 5.98340828E-9
1.800E-1 8.46042337E-9
1.900E-1 1.19641834E-8
2.000E-1 1.6922216E-8
2.100E-1 2.39407484E-8
2.200E-1 3.38795537E-8
2.300E-1 4.79581399E-8
2.400E-1 6.79063701E-8
2.500E-1 9.61780284E-8
2.600E-1 1.36253474E-7
2.700E-1 1.93068209E-7
2.800E-1 2.73619068E-7
2.900E-1 3.87820233E-7
3.000E-1 5.49709225E-7
3.100E-1 7.79140265E-7
3.200E-1 1.10415051E-6
3.300E-1 1.56424358E-6
3.400E-1 2.21490009E-6
3.500E-1 3.13368215E-6
3.600E-1 4.42790378E-6
3.700E-1 6.2470157E-6
3.800E-1 8.7910253E-6
3.900E-1 1.23272438E-5
4.000E-1 1.72060599E-5
4.100E-1 2.38554913E-5
4.200E-1 3.27790799E-5
4.300E-1 4.450253E-5
4.400E-1 5.94678923E-5
4.500E-1 7.78476925E-5
