0.000E+0 0
1.000E-2 1.17401656E-14
2.000E-2 2.85937305E-14
3.000E-2 5.28081901E-14
4.000E-2 8.76176494E-14
5.000E-2 1.37675549E-13
6.000E-2 2.09677616E-13
7.000E-2 3.1325924E-13
8.000E-2 4.62289287E-13
9.000E-2 6.76737212E-13
1.000E-1 9.85370332E-13
1.100E-1 1.42965445E-12
1.200E-1 2.06940038E-12
1.300E-1 2.99094507E-12
1.400E-1 4.31901382E-12
1.500E-1 6.23392958E-12
1.600E-1 8.99658952E-12
1.700E-1 1.29847238E-11
1.800E-1 1.87455413E-11
1.900E-1 2.70721761E-11
2.000E-1 3.91147014E-11
2.100E-1 5.65413521E-11
2.200E-1 8.17726752E-11
2.300E-1 1.1832162E-10
2.400E-1 1.71287514E-10
2.500E-1 2.48073608E-10
2.600E-1 3.59429411E-10
2.700E-1 5.20964884E-10
2.800E-1 7.55350166E-10
2.900E-1 1.09551134E-9
3.000E-1 1.58927325E-9
3.100E-1 2.30610484E-9
3.200E-1 3.34691928E-9
3.300E-1 4.8583124E-9
3.400E-1 7.05324995E-9
3.500E-1 1.02411244E-8
3.600E-1 1.4871426E-8
3.700E-1 2.1597193E-8
3.800E-1 3.13672041E-8
3.900E-1 4.55599276E-8
4.000E-1 6.61781456E-8
4.100E-1 9.61317357E-8
4.200E-1 1.39648543E-7
4.300E-1 2.0287136E-7
4.400E-1 2.94725309E-7
4.500E-1 4.28178112E-7
