-8.9988230E-2 -1.5288670E-4
-5.9971810E-2 -1.0404100E-4
-2.9966830E-2 -5.3351450E-5
1.9967560E-5 -7.2977140E-9
9.9886360E-3 1.8503900E-5
2.0017390E-2 3.7366980E-5
3.0020240E-2 5.6691630E-5
3.9972780E-2 7.6526620E-5
4.9982070E-2 9.7267980E-5
6.0002800E-2 1.1820460E-4
6.9977760E-2 1.3967860E-4
8.0032830E-2 1.6212670E-4
8.9996340E-2 1.8515460E-4
1.0001710E-1 2.0878580E-4
1.0999250E-1 2.3307230E-4
1.1999030E-1 2.5754420E-4
1.2996530E-1 2.8310060E-4
1.4000890E-1 3.0915580E-4
1.5000680E-1 3.3629520E-4
1.5999360E-1 3.6355670E-4
1.7000290E-1 3.9147910E-4
1.7997790E-1 4.1969140E-4
1.8998720E-1 4.4902880E-4
1.9995120E-1 4.7877220E-4
2.0996050E-1 5.0933310E-4
2.1998310E-1 5.3985350E-4
2.2993560E-1 5.7102930E-4
2.3994490E-1 6.0310380E-4
2.4995470E-1 6.3570030E-4
2.6003220E-1 6.6971730E-4
2.6985930E-1 7.0406520E-4
2.8001690E-1 7.3988010E-4
2.8994660E-1 7.7616470E-4
2.9995580E-1 8.1549400E-4
3.0995370E-1 8.5664400E-4
3.1986050E-1 9.0206790E-4
3.3000710E-1 9.4984630E-4
3.3994770E-1 1.0051000E-3
3.4997990E-1 1.0693630E-3
3.5998960E-1 1.1463200E-3
3.6995320E-1 1.2385170E-3
3.7997390E-1 1.3549370E-3
3.8994930E-1 1.5027650E-3
3.9994720E-1 1.6984600E-3
4.0996790E-1 1.9576100E-3
4.1994330E-1 2.3029300E-3
4.2999840E-1 2.7544130E-3
4.3997340E-1 3.3528560E-3
4.4996020E-1 4.1273480E-3
4.5996950E-1 5.1460970E-3
4.7000170E-1 6.4179690E-3
4.8001100E-1 7.9956970E-3
4.9000880E-1 9.8767900E-3
5.0000720E-1 1.2143940E-2
5.0997070E-1 1.4692400E-2
5.2002570E-1 1.7609890E-2
5.2998970E-1 2.0819370E-2
