-9.0057850E-2 -1.5324750E-4
-5.9961320E-2 -1.0387710E-4
-3.0001640E-2 -5.3304920E-5
-8.2850460E-6 -7.4821570E-9
1.0021720E-2 1.8436200E-5
1.9977510E-2 3.7190970E-5
3.0008790E-2 5.6692660E-5
3.9972780E-2 7.6851980E-5
5.0004960E-2 9.7181790E-5
5.9968470E-2 1.1805490E-4
6.9989200E-2 1.3966230E-4
8.0010410E-2 1.6226710E-4
8.9985370E-2 1.8512710E-4
9.9994660E-2 2.0878160E-4
1.0999300E-1 2.3263930E-4
1.2000230E-1 2.5762760E-4
1.2998870E-1 2.8313180E-4
1.3999840E-1 3.0955840E-4
1.4999630E-1 3.3614710E-4
1.5998320E-1 3.6339720E-4
1.6996960E-1 3.9111100E-4
1.7995600E-1 4.1988610E-4
1.8998860E-1 4.4911350E-4
1.9996360E-1 4.7904860E-4
2.0997290E-1 5.0898340E-4
2.1997360E-1 5.3960850E-4
2.2992610E-1 5.7108030E-4
2.3995830E-1 6.0307370E-4
2.4993370E-1 6.3617500E-4
2.5994350E-1 6.6951990E-4
2.6996420E-1 7.0393760E-4
2.7993970E-1 7.3908570E-4
2.8996040E-1 7.7633930E-4
2.9993580E-1 8.1538460E-4
3.0995660E-1 8.5694090E-4
3.1994300E-1 9.0107210E-4
3.2997560E-1 9.4990040E-4
3.3992770E-1 1.0042610E-3
3.4994890E-1 1.0694280E-3
3.5998110E-1 1.1444740E-3
3.6993360E-1 1.2364410E-3
3.7998870E-1 1.3509490E-3
3.8997510E-1 1.4998220E-3
3.9995050E-1 1.6934310E-3
4.0998270E-1 1.9515400E-3
4.1994670E-1 2.2862590E-3
4.3000170E-1 2.7355440E-3
4.3995430E-1 3.3226330E-3
4.4997500E-1 4.1043180E-3
4.5995040E-1 5.1064440E-3
4.7001700E-1 6.3783820E-3
4.8000380E-1 7.9195000E-3
4.9002460E-1 9.7930150E-3
5.0010250E-1 1.2054830E-2
5.0998640E-1 1.4584180E-2
5.2005290E-1 1.7502280E-2
5.2992580E-1 2.0680500E-2
