-9.0071680E-2 -1.5278280E-4
-6.0008530E-2 -1.0401910E-4
-2.9979710E-2 -5.3388420E-5
7.6532360E-5 -4.2979880E-9
9.9961460E-3 1.8553370E-5
2.0017030E-2 3.7429390E-5
3.0009750E-2 5.6684100E-5
3.9962290E-2 7.6398690E-5
4.9994950E-2 9.7012150E-5
5.9947970E-2 1.1812240E-4
6.9980140E-2 1.3967250E-4
8.0012800E-2 1.6172720E-4
8.9976790E-2 1.8485470E-4
9.9986550E-2 2.0851590E-4
1.0996250E-1 2.3294240E-4
1.1997220E-1 2.5759520E-4
1.2998150E-1 2.8305990E-4
1.3999130E-1 3.0901750E-4
1.5000100E-1 3.3604800E-4
1.5997700E-1 3.6353640E-4
1.7000910E-1 3.9173270E-4
1.7996220E-1 4.2020130E-4
1.8998340E-1 4.4909910E-4
1.9994740E-1 4.7878570E-4
2.0996860E-1 5.0901160E-4
2.1995830E-1 5.4060040E-4
2.2993370E-1 5.7173660E-4
2.3995490E-1 6.0374870E-4
2.4991890E-1 6.3620740E-4
2.5991770E-1 6.7009260E-4
2.6993890E-1 7.0468520E-4
2.7992580E-1 7.4050740E-4
2.8992410E-1 7.7713000E-4
2.9994540E-1 8.1579390E-4
3.0994370E-1 8.5680050E-4
3.1994200E-1 9.0113030E-4
3.2994080E-1 9.5060980E-4
3.3992770E-1 1.0052970E-3
3.4994890E-1 1.0683050E-3
3.6000440E-1 1.1432950E-3
3.6988880E-1 1.2357870E-3
3.8004640E-1 1.3498920E-3
3.8985110E-1 1.4994090E-3
4.0004350E-1 1.6871130E-3
4.0992780E-1 1.9434910E-3
4.2002870E-1 2.2772940E-3
4.2986770E-1 2.7412550E-3
4.4002580E-1 3.3386200E-3
4.4986440E-1 4.1134340E-3
4.5994280E-1 5.1149560E-3
4.6998640E-1 6.3712320E-3
4.7999620E-1 7.9198740E-3
4.9000640E-1 9.8042300E-3
4.9999330E-1 1.1965420E-2
5.0996880E-1 1.4525000E-2
5.2001290E-1 1.7373090E-2
5.2998830E-1 2.0532280E-2
