-9.0069290E-2 -1.5303430E-4
-5.9961320E-2 -1.0413310E-4
-2.9990200E-2 -5.3481070E-5
1.0362270E-4 -8.0434860E-9
9.9970700E-3 1.8609160E-5
2.0001230E-2 3.7433110E-5
2.9997830E-2 5.6754620E-5
3.9961810E-2 7.6559170E-5
4.9960140E-2 9.7032370E-5
6.0060500E-2 1.1827050E-4
7.0001600E-2 1.3981990E-4
8.0102440E-2 1.6192630E-4
8.9895250E-2 1.8503590E-4
1.0009860E-1 2.0870800E-4
1.0988000E-1 2.3298900E-4
1.2002660E-1 2.5784410E-4
1.2996770E-1 2.8314000E-4
1.3996550E-1 3.0923050E-4
1.4999770E-1 3.3597020E-4
1.5997310E-1 3.6370750E-4
1.6997150E-1 3.9161300E-4
1.7994640E-1 4.2027820E-4
1.8997910E-1 4.4892030E-4
1.9995400E-1 4.7875100E-4
2.0997520E-1 5.0903410E-4
2.1997550E-1 5.4024510E-4
2.2993950E-1 5.7134010E-4
2.3994870E-1 6.0338040E-4
2.4992420E-1 6.3588470E-4
2.5992250E-1 6.6956020E-4
2.6992080E-1 7.0436670E-4
2.7994160E-1 7.3999070E-4
2.8993990E-1 7.7718660E-4
2.9993770E-1 8.1561740E-4
3.0994750E-1 8.5718000E-4
3.1994580E-1 9.0205370E-4
3.2994370E-1 9.5223380E-4
3.3989620E-1 1.0078070E-3
3.4996270E-1 1.0725090E-3
3.5996100E-1 1.1494660E-3
3.6992500E-1 1.2456070E-3
3.7998010E-1 1.3657380E-3
3.8993260E-1 1.5200580E-3
3.9991950E-1 1.7182490E-3
4.0995170E-1 1.9858630E-3
4.1995000E-1 2.3390110E-3
4.2998220E-1 2.8186090E-3
4.3994620E-1 3.4404140E-3
4.4994450E-1 4.2500960E-3
4.5993140E-1 5.2863620E-3
4.6997500E-1 6.6068170E-3
4.7998480E-1 8.2265270E-3
4.8999400E-1 1.0189590E-2
4.9999240E-1 1.2457000E-2
5.0995640E-1 1.5125420E-2
5.1998850E-1 1.8098580E-2
5.2999830E-1 2.1392110E-2
