-9.0057850E-2 -1.5286480E-4
-5.9972760E-2 -1.0413980E-4
-2.9990200E-2 -5.3402340E-5
8.8304280E-5 -3.5498860E-9
9.9816620E-3 1.8584660E-5
2.0004600E-2 3.7454830E-5
3.0008790E-2 5.6750660E-5
3.9949890E-2 7.6475610E-5
5.0016400E-2 9.7094220E-5
5.9968470E-2 1.1824050E-4
6.9978240E-2 1.3980710E-4
7.9998970E-2 1.6184970E-4
8.9973930E-2 1.8498790E-4
1.0000610E-1 2.0860180E-4
1.0998150E-1 2.3305670E-4
1.1997940E-1 2.5766810E-4
1.2996630E-1 2.8311440E-4
1.3998700E-1 3.0900750E-4
1.4999630E-1 3.3600810E-4
1.5997170E-1 3.6347840E-4
1.6999240E-1 3.9156920E-4
1.7995600E-1 4.1996730E-4
1.8998860E-1 4.4881790E-4
1.9997500E-1 4.7848020E-4
2.0996140E-1 5.0858340E-4
2.1996210E-1 5.4010730E-4
2.2993760E-1 5.7112080E-4
2.3996970E-1 6.0313750E-4
2.4992230E-1 6.3547910E-4
2.5993200E-1 6.6927050E-4
2.6992990E-1 7.0381580E-4
2.7995060E-1 7.3960770E-4
2.8997180E-1 7.7611880E-4
2.9994680E-1 8.1474660E-4
3.0995660E-1 8.5554900E-4
3.1993150E-1 8.9995870E-4
3.2995270E-1 9.4912900E-4
3.3991670E-1 1.0035710E-3
3.4996030E-1 1.0655470E-3
3.5996960E-1 1.1404750E-3
3.6992220E-1 1.2310500E-3
3.7996580E-1 1.3455020E-3
3.8992980E-1 1.4888700E-3
3.9996190E-1 1.6758740E-3
4.0998270E-1 1.9216390E-3
4.1993520E-1 2.2498670E-3
4.2997880E-1 2.6923700E-3
4.3994280E-1 3.2687970E-3
4.4998650E-1 4.0269550E-3
4.5997330E-1 4.9864300E-3
4.6999410E-1 6.2128790E-3
4.7998090E-1 7.7420570E-3
4.9003600E-1 9.6006800E-3
5.0002240E-1 1.1780800E-2
5.0997500E-1 1.4333920E-2
5.2001860E-1 1.7201620E-2
5.2993680E-1 2.0401840E-2
