-9.0045450E-2 -7.0465110E-4
-5.9960840E-2 -6.5555140E-4
-2.9978750E-2 -6.0452640E-4
1.0579820E-5 -5.5226040E-4
1.0005150E-2 -5.3381410E-4
1.9999710E-2 -5.1466000E-4
3.0031200E-2 -4.9492040E-4
4.0006160E-2 -4.7500690E-4
5.0038340E-2 -4.5450170E-4
5.9990880E-2 -4.3360240E-4
7.0000170E-2 -4.1160120E-4
8.0020900E-2 -3.8913600E-4
8.9995860E-2 -3.6591120E-4
1.0001660E-1 -3.4243710E-4
1.0999200E-1 -3.1821480E-4
1.2000130E-1 -2.9338370E-4
1.2998770E-1 -2.6746250E-4
1.3998560E-1 -2.4126850E-4
1.5000630E-1 -2.1426860E-4
1.5998170E-1 -1.8682210E-4
1.7000250E-1 -1.5919020E-4
1.8000030E-1 -1.3051440E-4
1.9000960E-1 -1.0151390E-4
1.9998460E-1 -7.1364860E-5
2.0997140E-1 -4.0750270E-5
2.1993780E-1 -1.0085800E-5
2.2994710E-1 2.1185380E-5
2.3994490E-1 5.2955920E-5
2.4994330E-1 8.5755760E-5
2.5994110E-1 1.1967190E-4
2.6985930E-1 1.5377600E-4
2.8006270E-1 1.8918490E-4
2.8986690E-1 2.2617730E-4
3.0004690E-1 2.6514100E-4
3.0996510E-1 3.0632570E-4
3.2004310E-1 3.5046810E-4
3.2998420E-1 3.9875110E-4
3.3995910E-1 4.5326790E-4
3.5001420E-1 5.1635570E-4
3.5994390E-1 5.9246830E-4
3.6996460E-1 6.8324660E-4
3.8000820E-1 7.9844470E-4
3.8993790E-1 9.4217410E-4
3.9994720E-1 1.1343250E-3
4.0999080E-1 1.3896490E-3
4.1994330E-1 1.7215240E-3
4.2998700E-1 2.1665750E-3
4.3995050E-1 2.7509950E-3
4.4996020E-1 3.5231690E-3
4.5995810E-1 4.5281260E-3
4.7001310E-1 5.7839450E-3
4.8001100E-1 7.3412170E-3
4.9000880E-1 9.1902050E-3
5.0001860E-1 1.1434270E-2
5.0998210E-1 1.3979840E-2
5.2003720E-1 1.6871260E-2
5.2997830E-1 2.0086510E-2
