-9.0034960E-2 -7.0626890E-4
-5.9961320E-2 -6.5703550E-4
-2.9967780E-2 -6.0628840E-4
1.1324880E-6 -5.5366250E-4
1.0011110E-2 -5.3517530E-4
1.9991640E-2 -5.1627060E-4
3.0031680E-2 -4.9668150E-4
3.9995190E-2 -4.7637350E-4
5.0016400E-2 -4.5587980E-4
6.0002800E-2 -4.3478890E-4
7.0000650E-2 -4.1326880E-4
8.0033300E-2 -3.9065850E-4
8.9996810E-2 -3.6754950E-4
1.0000610E-1 -3.4365190E-4
1.1000440E-1 -3.1958020E-4
1.2001370E-1 -2.9467350E-4
1.2997770E-1 -2.6926220E-4
1.3998700E-1 -2.4275500E-4
1.5001920E-1 -2.1583030E-4
1.5999460E-1 -1.8825020E-4
1.7000390E-1 -1.6024690E-4
1.7999030E-1 -1.3204640E-4
1.9001100E-1 -1.0279050E-4
1.9996360E-1 -7.2749070E-5
2.0999570E-1 -4.2608010E-5
2.1998450E-1 -1.1238140E-5
2.2990320E-1 1.9776960E-5
2.3998070E-1 5.1787820E-5
2.4993320E-1 8.4040510E-5
2.5998830E-1 1.1906380E-4
2.6995230E-1 1.5262910E-4
2.8000740E-1 1.8836880E-4
2.8988030E-1 2.2388830E-4
3.0002640E-1 2.6398920E-4
3.0989890E-1 3.0420580E-4
3.2004550E-1 3.4952580E-4
3.2998660E-1 3.9739720E-4
3.4001870E-1 4.5194940E-4
3.4992550E-1 5.1418530E-4
3.6001490E-1 5.9006060E-4
3.6991020E-1 6.8115860E-4
3.7999960E-1 7.9629380E-4
3.8996360E-1 9.4284280E-4
3.9996150E-1 1.1320150E-3
4.0995980E-1 1.3847330E-3
4.1995760E-1 1.7222910E-3
4.3000130E-1 2.1646210E-3
4.3995380E-1 2.7508420E-3
4.4996310E-1 3.5146200E-3
4.5995000E-1 4.5118780E-3
4.7002790E-1 5.7763420E-3
4.8001480E-1 7.3272530E-3
4.9001260E-1 9.2118380E-3
5.0002190E-1 1.1446540E-2
5.0999740E-1 1.3981100E-2
5.2002950E-1 1.6872560E-2
5.3000500E-1 2.0077990E-2
