0.000E+0 0
1.000E-2 1.99059624E-13
2.000E-2 4.78107852E-13
3.000E-2 8.70296553E-13
4.000E-2 1.42243288E-12
5.000E-2 2.20065896E-12
6.000E-2 3.29826007E-12
7.000E-2 4.84654831E-12
8.000E-2 7.03030839E-12
9.000E-2 1.01098386E-11
1.000E-1 1.44530179E-11
1.100E-1 2.05761809E-11
1.200E-1 2.92098575E-11
1.300E-1 4.13816055E-11
1.400E-1 5.85446453E-11
1.500E-1 8.27574589E-11
1.600E-1 1.16934218E-10
1.700E-1 1.65213833E-10
1.800E-1 2.33484862E-10
1.900E-1 3.30141651E-10
2.000E-1 4.67173096E-10
2.100E-1 6.61731237E-10
2.200E-1 9.3839215E-10
2.300E-1 1.33241532E-9
2.400E-1 1.89444365E-9
2.500E-1 2.697281E-9
2.600E-1 3.84566942E-9
2.700E-1 5.49039342E-9
2.800E-1 7.84863113E-9
2.900E-1 1.12333225E-8
3.000E-1 1.60955549E-8
3.100E-1 2.30857442E-8
3.200E-1 3.31419503E-8
3.300E-1 4.76173745E-8
3.400E-1 6.8464427E-8
3.500E-1 9.85004783E-8
3.600E-1 1.41780109E-7
3.700E-1 2.04206053E-7
3.800E-1 2.94215335E-7
3.900E-1 4.24047133E-7
4.000E-1 6.11352791E-7
4.100E-1 8.81612181E-7
4.200E-1 1.27160366E-6
4.300E-1 1.83440819E-6
4.400E-1 2.64662058E-6
4.500E-1 3.818738E-6
4.600E-1 5.51008555E-6
4.700E-1 7.95026307E-6
4.800E-1 1.1469802E-5
4.900E-1 1.65439096E-5
5.000E-1 2.38544316E-5
5.100E-1 3.43768903E-5
5.200E-1 4.9501596E-5
5.300E-1 7.11972458E-5
5.400E-1 0.000102230123
5.500E-1 0.000146440657
5.600E-1 0.000209073778
5.700E-1 0.00029713032
5.800E-1 0.000419675841
5.900E-1 0.00058796851
6.000E-1 0.000815274589
6.100E-1 0.00111613615
6.200E-1 0.00150538087
