0.000E+0 0
1.000E-2 8.31905769E-12
2.000E-2 2.0027645E-11
3.000E-2 3.65133675E-11
4.000E-2 5.97318624E-11
5.000E-2 9.24393621E-11
6.000E-2 1.38520551E-10
7.000E-2 2.03450834E-10
8.000E-2 2.94948245E-10
9.000E-2 4.23892958E-10
1.000E-1 6.0562457E-10
1.100E-1 8.61772652E-10
1.200E-1 1.22284037E-9
1.300E-1 1.73185146E-9
1.400E-1 2.44949884E-9
1.500E-1 3.46141352E-9
1.600E-1 4.88842675E-9
1.700E-1 6.90105681E-9
1.800E-1 9.73995551E-9
1.900E-1 1.37447576E-8
2.000E-1 1.93947681E-8
2.100E-1 2.73663065E-8
2.200E-1 3.86134521E-8
2.300E-1 5.44815855E-8
2.400E-1 7.68667423E-8
2.500E-1 1.08438649E-7
2.600E-1 1.52951672E-7
2.700E-1 2.15675888E-7
2.800E-1 3.03989847E-7
2.900E-1 4.28186022E-7
3.000E-1 6.02546147E-7
3.100E-1 8.46738982E-7
3.200E-1 1.18756211E-6
3.300E-1 1.66096349E-6
3.400E-1 2.31408924E-6
3.500E-1 3.20674154E-6
3.600E-1 4.41102253E-6
3.700E-1 6.00709609E-6
3.800E-1 8.07221226E-6
3.900E-1 1.06602974E-5
4.000E-1 1.37729156E-5
4.100E-1 1.73298623E-5
4.200E-1 2.11597033E-5
4.300E-1 2.50304675E-5
4.400E-1 2.8718363E-5
4.500E-1 3.20779104E-5
