4.000E-2 2.053E+1
5.000E-2 1.741E+1
6.000E-2 1.410E+1
7.000E-2 1.205E+1
8.000E-2 1.172E+1
9.000E-2 1.236E+1
1.000E-1 1.160E+1
1.100E-1 8.879E+0
1.190E-1 7.241E+0
1.290E-1 7.980E+0
1.400E-1 9.781E+0
1.500E-1 9.571E+0
1.600E-1 7.133E+0
1.700E-1 3.794E+0
1.810E-1 1.422E+0
1.900E-1 1.569E+0
2.000E-1 2.364E+0
2.100E-1 2.022E+0
2.200E-1 -3.852E-2
2.300E-1 -2.066E+0
2.410E-1 -2.611E+0
2.500E-1 -2.719E+0
2.610E-1 -4.033E+0
2.710E-1 -5.992E+0
2.800E-1 -7.649E+0
2.900E-1 -8.688E+0
3.010E-1 -8.484E+0
3.100E-1 -6.744E+0
3.200E-1 -5.754E+0
3.300E-1 -7.879E+0
3.400E-1 -9.813E+0
3.510E-1 -1.083E+1
3.600E-1 -1.030E+1
3.700E-1 -9.104E+0
3.810E-1 -9.773E+0
3.900E-1 -8.588E+0
4.010E-1 -6.123E+0
4.100E-1 -5.850E+0
4.200E-1 -5.810E+0
4.310E-1 -5.907E+0
4.400E-1 -5.140E+0
4.500E-1 -4.063E+0
4.600E-1 -3.507E+0
