-9.0076450E-2 -2.4734550E-6
-5.9981350E-2 -1.7125370E-6
-2.9966350E-2 -9.0016060E-7
-1.3196470E-4 8.9549700E-10
1.0031910E-2 3.2816730E-7
2.0049720E-2 6.8638380E-7
2.9995920E-2 1.0584260E-6
3.9970870E-2 1.4694140E-6
4.9991610E-2 1.8932700E-6
5.9966090E-2 2.3686640E-6
6.9975380E-2 2.8860920E-6
8.0007080E-2 3.4447240E-6
8.9993000E-2 4.0471620E-6
1.0000230E-1 4.7107130E-6
1.0998820E-1 5.4515420E-6
1.1999750E-1 6.2802360E-6
1.2997250E-1 7.2028800E-6
1.4000420E-1 8.2409640E-6
1.5000150E-1 9.4183920E-6
1.5997650E-1 1.0770560E-5
1.6999670E-1 1.2370450E-5
1.7994880E-1 1.4235950E-5
1.8999200E-1 1.6438920E-5
1.9998980E-1 1.9094210E-5
2.0999860E-1 2.2309090E-5
2.1998790E-1 2.6280130E-5
2.2995090E-1 3.1231760E-5
2.3997160E-1 3.7532770E-5
2.4994660E-1 4.5543860E-5
2.5993250E-1 5.5894200E-5
2.6995330E-1 6.9466940E-5
2.7993970E-1 8.7395220E-5
2.8998280E-1 1.1196690E-4
2.9994630E-1 1.4422020E-4
3.0995510E-1 1.8739280E-4
3.1995300E-1 2.4611780E-4
3.2997320E-1 3.2606090E-4
3.3998250E-1 4.3466200E-4
3.4994600E-1 5.8171530E-4
3.5997770E-1 7.7796030E-4
3.6995270E-1 1.0389210E-3
3.7998440E-1 1.3929640E-3
3.8995930E-1 1.8521980E-3
3.9995720E-1 2.4404810E-3
4.0998890E-1 3.1813960E-3
4.1994090E-1 4.0971970E-3
4.3000700E-1 5.2186530E-3
4.3994760E-1 6.5495910E-3
4.4996830E-1 8.0872830E-3
4.5993190E-1 9.8321380E-3
4.6999790E-1 1.1800600E-2
4.8000670E-1 1.3949830E-2
4.9001600E-1 1.6286180E-2
5.0001380E-1 1.8789380E-2
5.0998830E-1 2.1468670E-2
5.2000900E-1 2.4322350E-2
5.2999540E-1 2.7288410E-2
5.4001570E-1 3.0370320E-2
5.5002500E-1 3.3545520E-2
5.6001090E-1 3.6831930E-2
5.7007690E-1 4.0240590E-2
5.8001800E-1 4.3732080E-2
5.9003830E-1 4.7290180E-2
6.0001330E-1 5.0906240E-2
