-9.0075970E-2 -2.4421820E-6
-5.9958460E-2 -1.6772140E-6
-3.0011650E-2 -8.8513050E-7
-1.0722880E-4 1.6787850E-9
1.0025950E-2 3.2016870E-7
2.0068410E-2 6.7009930E-7
3.0018810E-2 1.0259150E-6
3.9993290E-2 1.4250270E-6
5.0002100E-2 1.8573100E-6
5.9977050E-2 2.2997370E-6
6.9974420E-2 2.7929440E-6
8.0006120E-2 3.3356590E-6
8.9981080E-2 3.9330210E-6
9.9978450E-2 4.5798300E-6
1.0997630E-1 5.2878150E-6
1.1999650E-1 6.0792900E-6
1.2999390E-1 6.9653470E-6
1.3997980E-1 7.9645010E-6
1.5002300E-1 9.0898080E-6
1.5997510E-1 1.0390150E-5
1.7000680E-1 1.1868190E-5
1.7997030E-1 1.3622890E-5
1.9000200E-1 1.5712200E-5
1.9999930E-1 1.8219010E-5
2.0995140E-1 2.1240190E-5
2.1998600E-1 2.4952580E-5
2.2993800E-1 2.9562610E-5
2.3998120E-1 3.5410670E-5
2.4992180E-1 4.2921850E-5
2.5993060E-1 5.2642350E-5
2.6995090E-1 6.5364340E-5
2.7996020E-1 8.2021940E-5
2.8995750E-1 1.0422550E-4
2.9995540E-1 1.3502220E-4
3.0994130E-1 1.7570660E-4
3.1995010E-1 2.3062710E-4
3.2995940E-1 3.0482890E-4
3.3997960E-1 4.0584990E-4
3.4995460E-1 5.4396620E-4
3.5996340E-1 7.2960930E-4
3.6993840E-1 9.7587330E-4
3.7999300E-1 1.3005860E-3
3.8994500E-1 1.7273070E-3
3.9995380E-1 2.2738050E-3
4.0991740E-1 2.9557250E-3
4.1999480E-1 3.7935230E-3
4.2995790E-1 4.7838350E-3
4.3995570E-1 5.9722120E-3
4.4996450E-1 7.3194210E-3
4.5991660E-1 8.8676470E-3
4.6999410E-1 1.0549200E-2
4.8002580E-1 1.2404710E-2
4.9001220E-1 1.4406790E-2
5.0003240E-1 1.6521830E-2
5.0997300E-1 1.8759680E-2
5.2000470E-1 2.1134240E-2
5.2999110E-1 2.3616550E-2
5.4004570E-1 2.6202570E-2
5.5003170E-1 2.8850570E-2
5.5999520E-1 3.1558230E-2
5.7006120E-1 3.4349900E-2
5.8003570E-1 3.7216290E-2
5.9004500E-1 4.0155100E-2
6.0003090E-1 4.3150680E-2
