-9.0087890E-2 -2.5126320E-6
-5.9969900E-2 -1.7367530E-6
-2.9966350E-2 -9.1211000E-7
-1.2606380E-4 1.7205370E-9
1.0027200E-2 3.3147030E-7
2.0053270E-2 6.9473690E-7
2.9973510E-2 1.0648290E-6
3.9970870E-2 1.4815210E-6
4.9968720E-2 1.9097520E-6
5.9966090E-2 2.3858450E-6
6.9986820E-2 2.9086600E-6
7.9984190E-2 3.4641870E-6
8.9982030E-2 4.0755640E-6
9.9990840E-2 4.7356280E-6
1.0995440E-1 5.4798780E-6
1.1999750E-1 6.3099670E-6
1.2996100E-1 7.2304560E-6
1.3999270E-1 8.2634690E-6
1.5001300E-1 9.4337960E-6
1.5999940E-1 1.0841310E-5
1.6999670E-1 1.2352480E-5
1.7996030E-1 1.4206950E-5
1.8996910E-1 1.6409350E-5
1.9995550E-1 1.9032740E-5
2.0997570E-1 2.2212830E-5
2.1995350E-1 2.6135150E-5
2.2993990E-1 3.1051980E-5
2.3996020E-1 3.7267780E-5
2.4994660E-1 4.5205790E-5
2.5994400E-1 5.5405370E-5
2.6995330E-1 6.8746740E-5
2.7996210E-1 8.6376360E-5
2.8994850E-1 1.1043020E-4
2.9994630E-1 1.4191210E-4
3.0995510E-1 1.8393090E-4
3.1995300E-1 2.4095690E-4
3.2996230E-1 3.1810490E-4
3.3995960E-1 4.2230450E-4
3.4994600E-1 5.6202800E-4
3.5997770E-1 7.4705810E-4
3.6994120E-1 9.9065080E-4
3.7997340E-1 1.3172850E-3
3.8995930E-1 1.7349700E-3
3.9994570E-1 2.2608430E-3
4.0997740E-1 2.9131570E-3
4.1997530E-1 3.7071540E-3
4.2999550E-1 4.6618950E-3
4.3994760E-1 5.7745430E-3
4.4993400E-1 7.0378560E-3
4.5995470E-1 8.4503810E-3
4.6999790E-1 9.9992580E-3
4.7998430E-1 1.1699210E-2
4.9001600E-1 1.3550100E-2
5.0000240E-1 1.5472830E-2
5.0999980E-1 1.7543290E-2
5.1997470E-1 1.9658920E-2
5.3001790E-1 2.1952970E-2
5.3995900E-1 2.4202440E-2
5.5002500E-1 2.6593240E-2
5.5998850E-1 2.9024020E-2
5.7004310E-1 3.1541110E-2
5.8000660E-1 3.4108030E-2
5.9002690E-1 3.6708550E-2
6.0003610E-1 3.9341490E-2
