-9.0075020E-2 -2.5240040E-6
-5.9957980E-2 -1.7253150E-6
-2.9977320E-2 -9.3109650E-7
1.9785760E-4 -5.6554940E-10
9.9881590E-3 3.3029820E-7
1.9978730E-2 6.8451730E-7
3.0018810E-2 1.0595500E-6
3.9993290E-2 1.4915770E-6
4.9991130E-2 1.9355850E-6
5.9965610E-2 2.4119240E-6
6.9951530E-2 2.9165370E-6
8.0017570E-2 3.4731310E-6
8.9969160E-2 4.0820250E-6
9.9989410E-2 4.7645840E-6
1.0998680E-1 5.5201070E-6
1.2001850E-1 6.3480270E-6
1.2998200E-1 7.2614000E-6
1.3999080E-1 8.2893280E-6
1.5002250E-1 9.4653410E-6
1.5998550E-1 1.0807500E-5
1.7000580E-1 1.2382440E-5
1.7996930E-1 1.4239190E-5
1.8998960E-1 1.6418940E-5
1.9999840E-1 1.9045200E-5
2.0998430E-1 2.2224650E-5
2.1997260E-1 2.6168940E-5
2.2992420E-1 3.1036990E-5
2.3997880E-1 3.7167430E-5
2.4993090E-1 4.4969640E-5
2.5992820E-1 5.5089590E-5
2.6997140E-1 6.8413360E-5
2.7993490E-1 8.5919160E-5
2.8995510E-1 1.0914700E-4
2.9997540E-1 1.4005440E-4
3.0996130E-1 1.8160250E-4
3.1994770E-1 2.3792590E-4
3.2996800E-1 3.1322870E-4
3.3995390E-1 4.1369230E-4
3.4995170E-1 5.4858900E-4
3.5996060E-1 7.2877410E-4
3.6994650E-1 9.6848930E-4
3.7998960E-1 1.2845830E-3
3.8994170E-1 1.6862100E-3
3.9995050E-1 2.1978770E-3
4.0997080E-1 2.8416050E-3
4.1995670E-1 3.6267230E-3
4.2998890E-1 4.5638330E-3
4.3996330E-1 5.6484750E-3
4.4993780E-1 6.8871400E-3
4.5993570E-1 8.2917050E-3
4.6997880E-1 9.8476260E-3
4.8002200E-1 1.1531620E-2
4.9000790E-1 1.3361630E-2
5.0000520E-1 1.5307490E-2
5.0996880E-1 1.7348360E-2
5.1998900E-1 1.9483070E-2
5.2997490E-1 2.1691370E-2
5.4001810E-1 2.4002190E-2
5.5002740E-1 2.6387170E-2
5.5999040E-1 2.8838750E-2
5.7004500E-1 3.1336110E-2
5.8001950E-1 3.3867660E-2
5.9002880E-1 3.6443800E-2
6.0003760E-1 3.9085970E-2
