-9.0042590E-2 -6.2744090E-4
-5.9981350E-2 -6.2671020E-4
-3.0000210E-2 -6.2582890E-4
2.4142860E-4 -6.2568960E-4
1.0677400E-2 -6.2571290E-4
3.0007360E-2 -6.2470390E-4
4.0005210E-2 -6.2425160E-4
5.0025460E-2 -6.2382830E-4
5.9988980E-2 -6.2334700E-4
7.0032120E-2 -6.2276130E-4
8.0041410E-2 -6.2211180E-4
9.0015890E-2 -6.2143920E-4
1.0001370E-1 -6.2075490E-4
1.1001110E-1 -6.1997790E-4
1.2002040E-1 -6.1909070E-4
1.2998340E-1 -6.1801800E-4
1.4001560E-1 -6.1701470E-4
1.5001300E-1 -6.1573320E-4
1.5998790E-1 -6.1429510E-4
1.7001960E-1 -6.1257290E-4
1.7999460E-1 -6.1068250E-4
1.9001480E-1 -6.0842090E-4
1.9997840E-1 -6.0564920E-4
2.0998720E-1 -6.0245990E-4
2.1997640E-1 -5.9847030E-4
2.2993990E-1 -5.9350660E-4
2.3998310E-1 -5.8725550E-4
2.4995800E-1 -5.7940980E-4
2.5993250E-1 -5.6918070E-4
2.6995330E-1 -5.5573350E-4
2.7997350E-1 -5.3808780E-4
2.8995990E-1 -5.1460280E-4
2.9995780E-1 -4.8324310E-4
3.0996660E-1 -4.4147460E-4
3.1997590E-1 -3.8429300E-4
3.2996230E-1 -3.0669400E-4
3.3998250E-1 -2.0188140E-4
3.4998040E-1 -5.9274360E-5
3.5887190E-1 8.2755000E-5
3.6991830E-1 3.7932350E-4
3.7999580E-1 7.2061530E-4
3.8994790E-1 1.1612900E-3
3.9995720E-1 1.7239600E-3
4.0997740E-1 2.4403650E-3
4.1994090E-1 3.3342040E-3
4.3000700E-1 4.4290630E-3
4.3993660E-1 5.7220420E-3
4.4996830E-1 7.2175510E-3
4.5996620E-1 8.9231750E-3
4.7002080E-1 1.0869070E-2
4.8001810E-1 1.2973700E-2
4.9003890E-1 1.5278770E-2
5.0002530E-1 1.7762260E-2
5.0996590E-1 2.0405070E-2
5.2000900E-1 2.3193850E-2
5.3000690E-1 2.6084020E-2
5.4003860E-1 2.9098750E-2
5.5000210E-1 3.2219480E-2
5.5997710E-1 3.5458400E-2
5.7006600E-1 3.8793470E-2
5.8000660E-1 4.2180690E-2
5.9004970E-1 4.5616000E-2
6.0002470E-1 4.9137590E-2
