-9.0054040E-2 -6.2849630E-4
-5.9970380E-2 -6.2764390E-4
-3.0000690E-2 -6.2675090E-4
2.0727520E-4 -6.2658850E-4
1.0322840E-2 -6.2644350E-4
2.9995920E-2 -6.2568390E-4
3.9993760E-2 -6.2522000E-4
4.9991130E-2 -6.2476190E-4
5.9977530E-2 -6.2424000E-4
6.9997790E-2 -6.2368910E-4
8.0007080E-2 -6.2309180E-4
8.9993000E-2 -6.2241920E-4
9.9990840E-2 -6.2169440E-4
1.0998820E-1 -6.2085930E-4
1.1999750E-1 -6.2000110E-4
1.2997200E-1 -6.1899800E-4
1.4000420E-1 -6.1787290E-4
1.5000150E-1 -6.1666690E-4
1.5998790E-1 -6.1519980E-4
1.7000820E-1 -6.1354130E-4
1.7998310E-1 -6.1156970E-4
1.8996910E-1 -6.0933720E-4
1.9995550E-1 -6.0664650E-4
2.0999860E-1 -6.0332390E-4
2.1996500E-1 -5.9934020E-4
2.2996230E-1 -5.9439380E-4
2.3996020E-1 -5.8817750E-4
2.4995800E-1 -5.8025060E-4
2.5992110E-1 -5.6999840E-4
2.6994180E-1 -5.5644090E-4
2.7997350E-1 -5.3872560E-4
2.8997140E-1 -5.1533350E-4
2.9994630E-1 -4.8397960E-4
3.0997800E-1 -4.4185160E-4
3.1994150E-1 -3.8433940E-4
3.2996180E-1 -3.0653170E-4
3.3995960E-1 -2.0162040E-4
3.4998040E-1 -5.8511230E-5
3.5886050E-1 8.3010150E-5
3.6994120E-1 3.8349280E-4
3.7995050E-1 7.2337570E-4
3.8994790E-1 1.1616960E-3
3.9994570E-1 1.7259310E-3
4.0998890E-1 2.4482460E-3
4.1992950E-1 3.3468940E-3
4.2997310E-1 4.4388550E-3
4.3994760E-1 5.7278390E-3
4.4995690E-1 7.2209690E-3
4.5993190E-1 8.9354610E-3
4.7000930E-1 1.0874870E-2
4.8000670E-1 1.2985290E-2
4.9000450E-1 1.5304250E-2
5.0001380E-1 1.7797020E-2
5.0995450E-1 2.0435180E-2
5.1999760E-1 2.3210660E-2
5.2997260E-1 2.6097340E-2
5.4000430E-1 2.9125390E-2
5.5000210E-1 3.2264660E-2
5.5998850E-1 3.5509380E-2
5.7002020E-1 3.8828810E-2
5.8001800E-1 4.2195750E-2
5.9002690E-1 4.5636850E-2
6.0001330E-1 4.9172950E-2
