-9.0041640E-2 -5.9462080E-4
-5.9947010E-2 -5.9385540E-4
-2.9977320E-2 -5.9295080E-4
2.1082160E-4 -5.9299720E-4
1.0727940E-2 -5.9264930E-4
3.0018810E-2 -5.9206950E-4
3.9981840E-2 -5.9159390E-4
5.0013540E-2 -5.9118230E-4
5.9954170E-2 -5.9063710E-4
6.9997310E-2 -5.9009200E-4
8.0017570E-2 -5.8947740E-4
8.9992520E-2 -5.8879890E-4
1.0003570E-1 -5.8815520E-4
1.1002160E-1 -5.8737830E-4
1.2004180E-1 -5.8652010E-4
1.2999390E-1 -5.8556320E-4
1.3996890E-1 -5.8450210E-4
1.5002300E-1 -5.8323210E-4
1.5998650E-1 -5.8188690E-4
1.7001820E-1 -5.8025740E-4
1.8000460E-1 -5.7839020E-4
1.9001340E-1 -5.7612290E-4
1.9997640E-1 -5.7349030E-4
2.0998570E-1 -5.7025460E-4
2.1996310E-1 -5.6629420E-4
2.2992660E-1 -5.6134200E-4
2.3996970E-1 -5.5509100E-4
2.4994420E-1 -5.4702500E-4
2.5996490E-1 -5.3659310E-4
2.6995090E-1 -5.2273410E-4
2.7997110E-1 -5.0450300E-4
2.8996900E-1 -4.8022380E-4
2.9996630E-1 -4.4758280E-4
3.0997560E-1 -4.0325160E-4
3.1996150E-1 -3.4251010E-4
3.2997080E-1 -2.6045250E-4
3.3997960E-1 -1.5002170E-4
3.4990880E-1 2.7803340E-7
3.5997490E-1 2.0128510E-4
3.6993840E-1 4.6469620E-4
3.7998150E-1 8.1285140E-4
3.8995650E-1 1.2674410E-3
3.9998820E-1 1.8316690E-3
4.0998550E-1 2.5299880E-3
4.1997190E-1 3.3771150E-3
4.3000360E-1 4.3897390E-3
4.3995570E-1 5.5593400E-3
4.4997600E-1 6.8782700E-3
4.5995090E-1 8.3450250E-3
4.6999410E-1 9.9481850E-3
4.8002580E-1 1.1717660E-2
4.9002310E-1 1.3585330E-2
5.0002100E-1 1.5571770E-2
5.0998450E-1 1.7676960E-2
5.2000470E-1 1.9881200E-2
5.2999110E-1 2.2157880E-2
5.4002290E-1 2.4505210E-2
5.5004310E-1 2.6913370E-2
5.5998370E-1 2.9403220E-2
5.7006120E-1 3.1970110E-2
5.8001330E-1 3.4582200E-2
5.9003350E-1 3.7222670E-2
6.0003090E-1 3.9903690E-2
