0.000E+0 0
1.000E-2 2.72619675E-13
2.000E-2 6.65819758E-13
3.000E-2 1.23399692E-12
4.000E-2 2.05600902E-12
5.000E-2 3.24566597E-12
6.000E-2 4.96842906E-12
7.000E-2 7.46458839E-12
8.000E-2 1.10810947E-11
9.000E-2 1.6319794E-11
1.000E-1 2.39077228E-11
1.100E-1 3.48966219E-11
1.200E-1 5.08080771E-11
1.300E-1 7.38464055E-11
1.400E-1 1.07204435E-10
1.500E-1 1.55511006E-10
1.600E-1 2.25483234E-10
1.700E-1 3.26879573E-10
1.800E-1 4.73894564E-10
1.900E-1 6.87202434E-10
2.000E-1 9.96954372E-10
2.100E-1 1.44717737E-9
2.200E-1 2.102233E-9
2.300E-1 3.05630313E-9
2.400E-1 4.44732381E-9
2.500E-1 6.47745551E-9
2.600E-1 9.4431585E-9
2.700E-1 1.37793831E-8
2.800E-1 2.01245008E-8
2.900E-1 2.94157096E-8
3.000E-1 4.30292018E-8
3.100E-1 6.29860561E-8
3.200E-1 9.22543959E-8
3.300E-1 1.35193747E-7
3.400E-1 1.98204724E-7
3.500E-1 2.90682453E-7
3.600E-1 4.26409184E-7
3.700E-1 6.25584315E-7
3.800E-1 9.17770918E-7
3.900E-1 1.34602753E-6
4.000E-1 1.97357416E-6
4.100E-1 2.89117298E-6
4.200E-1 4.23016173E-6
4.300E-1 6.1776305E-6
4.400E-1 8.99677873E-6
4.500E-1 1.30507061E-5
4.600E-1 1.88268476E-5
4.700E-1 2.69554025E-5
4.800E-1 3.82113774E-5
4.900E-1 5.34868369E-5
5.000E-1 7.37196666E-5
5.100E-1 9.97948493E-5
5.200E-1 0.000132378091
5.300E-1 0.000171703286
5.400E-1 0.000217218021
5.500E-1 0.000267078842
5.600E-1 0.000317895167
5.700E-1 0.000365816411
5.800E-1 0.000408939682
5.900E-1 0.000448330071
6.000E-1 0.000486750012
6.100E-1 0.000527119927
6.200E-1 0.000571888584
