-9.0089320E-2 -4.2032930E-6
-5.9982780E-2 -2.8477790E-6
-2.9955390E-2 -1.4588570E-6
-6.2429900E-4 -2.7498970E-8
1.0098040E-2 4.9162300E-7
1.9896920E-2 9.7330800E-7
2.9962540E-2 1.4434460E-6
3.9971350E-2 2.0202190E-6
5.0014970E-2 2.5587010E-6
5.9989930E-2 3.1330640E-6
6.9976330E-2 3.7563700E-6
7.9996590E-2 4.4118810E-6
8.9982990E-2 5.1730080E-6
1.0001520E-1 5.9966420E-6
1.0987620E-1 6.9589240E-6
1.1997650E-1 8.0093890E-6
1.2995150E-1 9.4435240E-6
1.4000610E-1 1.1116920E-5
1.5003820E-1 1.3301380E-5
1.6005900E-1 1.6023990E-5
1.7007920E-1 1.9669770E-5
1.7990590E-1 2.4618580E-5
1.9012070E-1 3.0835030E-5
1.9993590E-1 3.9183740E-5
2.0997910E-1 4.9582970E-5
2.1999120E-1 6.5781700E-5
2.2980640E-1 8.6273390E-5
2.3997550E-1 1.1641670E-4
2.4990460E-1 1.5126840E-4
2.5983430E-1 2.0632940E-4
2.6994610E-1 2.7598070E-4
2.8003500E-1 3.8233350E-4
2.8995320E-1 5.0397240E-4
3.0003070E-1 6.7538370E-4
3.0990310E-1 8.7101730E-4
3.1987810E-1 1.1865160E-3
3.2997890E-1 1.5142730E-3
3.3996530E-1 1.9353260E-3
3.4994030E-1 2.3847730E-3
3.5992670E-1 2.9974040E-3
3.6991310E-1 3.6507140E-3
3.7997910E-1 4.4797810E-3
3.8984010E-1 5.2670670E-3
3.9999770E-1 6.1831160E-3
4.0993880E-1 7.0707690E-3
4.1994760E-1 8.1327890E-3
4.2994550E-1 9.2189720E-3
4.3998910E-1 1.0407030E-2
4.4994120E-1 1.1514040E-2
4.6007590E-1 1.2891650E-2
4.6988010E-1 1.4088530E-2
4.8002620E-1 1.5436600E-2
4.9000120E-1 1.6656070E-2
5.0002190E-1 1.8079440E-2
5.0995110E-1 1.9440260E-2
5.2005150E-1 2.0933750E-2
5.3003790E-1 2.2318320E-2
5.4008150E-1 2.3788050E-2
5.5013610E-1 2.5248510E-2
5.5999760E-1 2.6767480E-2
5.6998400E-1 2.8354230E-2
5.8011820E-1 2.9835550E-2
5.8999060E-1 3.1357410E-2
