0.000E+0 0
1.000E-2 2.52390848E-15
2.000E-2 6.16483982E-15
3.000E-2 1.14268133E-14
4.000E-2 1.90406233E-14
5.000E-2 3.00655685E-14
6.000E-2 4.6036766E-14
7.000E-2 6.91785439E-14
8.000E-2 1.02713727E-13
9.000E-2 1.51312274E-13
1.000E-1 2.2174277E-13
1.100E-1 3.23819738E-13
1.200E-1 4.71783211E-13
1.300E-1 6.86311031E-13
1.400E-1 9.97458787E-13
1.500E-1 1.44896139E-12
1.600E-1 2.10453493E-12
1.700E-1 3.05711818E-12
1.800E-1 4.44243504E-12
1.900E-1 6.45895797E-12
2.000E-1 9.39697968E-12
2.100E-1 1.36817822E-11
2.200E-1 1.99367088E-11
2.300E-1 2.90758932E-11
2.400E-1 4.24406144E-11
2.500E-1 6.19996773E-11
2.600E-1 9.06439525E-11
2.700E-1 1.32619353E-10
2.800E-1 1.94163344E-10
2.900E-1 2.84440677E-10
3.000E-1 4.16919E-10
3.100E-1 6.11390976E-10
3.200E-1 8.96946425E-10
3.300E-1 1.31633989E-9
3.400E-1 1.93240683E-9
3.500E-1 2.83748494E-9
3.600E-1 4.1672391E-9
3.700E-1 6.12092945E-9
3.800E-1 8.99108886E-9
3.900E-1 1.3206907E-8
4.000E-1 1.93975436E-8
4.100E-1 2.84843157E-8
4.200E-1 4.18147139E-8
4.300E-1 6.13571342E-8
4.400E-1 8.99839252E-8
4.500E-1 1.31883522E-7
