0.000E+0 0
1.000E-2 1.15593021E-14
2.000E-2 2.82299831E-14
3.000E-2 5.23169019E-14
4.000E-2 8.71612072E-14
5.000E-2 1.37604837E-13
6.000E-2 2.1066298E-13
7.000E-2 3.1649791E-13
8.000E-2 4.69830078E-13
9.000E-2 6.91984476E-13
1.000E-1 1.01386156E-12
1.100E-1 1.48025628E-12
1.200E-1 2.15614672E-12
1.300E-1 3.1358654E-12
1.400E-1 4.55649679E-12
1.500E-1 6.61764355E-12
1.600E-1 9.60958055E-12
1.700E-1 1.3955988E-11
1.800E-1 2.0275546E-11
1.900E-1 2.94725462E-11
2.000E-1 4.28701833E-11
2.100E-1 6.24062778E-11
2.200E-1 9.09208415E-11
2.300E-1 1.32578635E-10
2.400E-1 1.93490151E-10
2.500E-1 2.82624309E-10
2.600E-1 4.13149995E-10
2.700E-1 6.04408112E-10
2.800E-1 8.848106E-10
2.900E-1 1.29610225E-9
3.000E-1 1.89962587E-9
3.100E-1 2.78553189E-9
3.200E-1 4.08631462E-9
3.300E-1 5.996704E-9
3.400E-1 8.8028874E-9
3.500E-1 1.29254187E-8
3.600E-1 1.89821843E-8
3.700E-1 2.78807169E-8
3.800E-1 4.09533706E-8
3.900E-1 6.01549342E-8
4.000E-1 8.83510305E-8
4.100E-1 1.29738035E-7
4.200E-1 1.90453454E-7
4.300E-1 2.79462563E-7
4.400E-1 4.09846371E-7
4.500E-1 6.00675195E-7
