0.000E+0 0
1.000E-2 8.76761929E-13
2.000E-2 2.11731735E-12
3.000E-2 3.87850743E-12
4.000E-2 6.38209284E-12
5.000E-2 9.94259133E-12
6.000E-2 1.50101556E-11
7.000E-2 2.22228686E-11
8.000E-2 3.24751336E-11
9.000E-2 4.7061049E-11
1.000E-1 6.77914561E-11
1.100E-1 9.72292867E-11
1.200E-1 1.39020657E-10
1.300E-1 1.98338619E-10
1.400E-1 2.8254244E-10
1.500E-1 4.02126956E-10
1.600E-1 5.72100787E-10
1.700E-1 8.13993162E-10
1.800E-1 1.15878281E-9
1.900E-1 1.65117898E-9
2.000E-1 2.3558853E-9
2.100E-1 3.3667706E-9
2.200E-1 4.82030238E-9
2.300E-1 6.91523151E-9
2.400E-1 9.94144723E-9
2.500E-1 1.43222887E-8
2.600E-1 2.06766062E-8
2.700E-1 2.99098137E-8
2.800E-1 4.33474993E-8
2.900E-1 6.29315083E-8
3.000E-1 9.15077129E-8
3.100E-1 1.33248303E-7
3.200E-1 1.9427134E-7
3.300E-1 2.8354933E-7
3.400E-1 4.14240773E-7
3.500E-1 6.05639609E-7
3.600E-1 8.86025047E-7
3.700E-1 1.29681868E-6
3.800E-1 1.89863E-6
3.900E-1 2.78000581E-6
4.000E-1 4.07005374E-6
4.100E-1 5.95668957E-6
4.200E-1 8.71096884E-6
4.300E-1 1.27238647E-5
4.400E-1 1.85532777E-5
4.500E-1 2.698728E-5
