-9.0054990E-2 -1.3796630E-3
-5.9982300E-2 -1.0006540E-3
-2.9989240E-2 -6.1959960E-4
-1.1801720E-5 -2.3813340E-4
1.0013220E-2 -1.1159640E-4
2.0037080E-2 1.6233910E-5
2.9996870E-2 1.4439090E-4
4.0005680E-2 2.7225770E-4
5.0014970E-2 3.9988130E-4
6.0001370E-2 5.2694210E-4
6.9987770E-2 6.5544690E-4
8.0042360E-2 7.8458390E-4
8.9972020E-2 9.1406280E-4
1.0002660E-1 1.0428690E-3
1.0999010E-1 1.1711030E-3
1.1999940E-1 1.3013130E-3
1.2997440E-1 1.4329700E-3
1.4000650E-1 1.5642810E-3
1.5000390E-1 1.6959400E-3
1.5997930E-1 1.8279460E-3
1.6999960E-1 1.9622710E-3
1.7995170E-1 2.0986810E-3
1.8999530E-1 2.2372940E-3
1.9999310E-1 2.3773550E-3
2.0999100E-1 2.5203130E-3
2.1996780E-1 2.6672710E-3
2.2994280E-1 2.8201970E-3
2.3997500E-1 2.9815830E-3
2.4992750E-1 3.1500960E-3
2.5994780E-1 3.3299100E-3
2.6994560E-1 3.5236910E-3
2.7996640E-1 3.7381000E-3
2.8995280E-1 3.9784680E-3
2.9996200E-1 4.2541870E-3
3.0995990E-1 4.5697170E-3
3.1998060E-1 4.9424390E-3
3.2996700E-1 5.3854550E-3
3.3996490E-1 5.9259400E-3
3.4996270E-1 6.5905490E-3
3.5997200E-1 7.4064040E-3
3.6992410E-1 8.4020160E-3
3.7999060E-1 9.6301160E-3
3.9013620E-1 1.1135160E-2
3.9982650E-1 1.2998820E-2
4.1007520E-1 1.5162570E-2
4.1986750E-1 1.7798470E-2
4.2999080E-1 2.0896080E-2
4.3996620E-1 2.4452510E-2
4.4995260E-1 2.8445170E-2
4.5995040E-1 3.2907660E-2
