0.000E+0 0
1.000E-2 8.76881615E-14
2.000E-2 2.11982956E-13
3.000E-2 3.88193625E-13
4.000E-2 6.38030091E-13
5.000E-2 9.92278256E-13
6.000E-2 1.49459347E-12
7.000E-2 2.20688005E-12
8.000E-2 3.21692072E-12
9.000E-2 4.64919771E-12
1.000E-1 6.68024376E-12
1.100E-1 9.56042195E-12
1.200E-1 1.36448328E-11
1.300E-1 1.94371783E-11
1.400E-1 2.76520315E-11
1.500E-1 3.9303239E-11
1.600E-1 5.58294471E-11
1.700E-1 7.92723512E-11
1.800E-1 1.12529844E-10
1.900E-1 1.59715542E-10
2.000E-1 2.26669409E-10
2.100E-1 3.21683E-10
2.200E-1 4.56529556E-10
2.300E-1 6.47926985E-10
2.400E-1 9.19616171E-10
2.500E-1 1.30531232E-9
2.600E-1 1.8528975E-9
2.700E-1 2.6303757E-9
2.800E-1 3.73433086E-9
2.900E-1 5.30194158E-9
3.000E-1 7.52804616E-9
3.100E-1 1.06893842E-8
3.200E-1 1.51790253E-8
3.300E-1 2.15552813E-8
3.400E-1 3.06111738E-8
3.500E-1 4.34731173E-8
3.600E-1 6.17410835E-8
3.700E-1 8.76877033E-8
3.800E-1 1.24541073E-7
3.900E-1 1.76886456E-7
4.000E-1 2.51236846E-7
4.100E-1 3.56843385E-7
4.200E-1 5.06875239E-7
4.300E-1 7.19910078E-7
4.400E-1 1.02254421E-6
4.500E-1 1.45240059E-6
4.600E-1 2.06307195E-6
4.700E-1 2.93014497E-6
4.800E-1 4.16210929E-6
4.900E-1 5.91106243E-6
5.000E-1 8.39584141E-6
5.100E-1 1.19227879E-5
5.200E-1 1.69324643E-5
5.300E-1 2.40431039E-5
5.400E-1 3.41344624E-5
5.500E-1 4.84496038E-5
5.600E-1 6.87438957E-5
5.700E-1 9.74914106E-5
5.800E-1 0.000138194126
5.900E-1 0.000195701505
6.000E-1 0.000276759001
6.100E-1 0.000390746699
6.200E-1 0.000550354116
