0.000E+0 0
1.000E-2 8.61667608E-14
2.000E-2 2.0926075E-13
3.000E-2 3.85173241E-13
4.000E-2 6.36627651E-13
5.000E-2 9.96113748E-13
6.000E-2 1.51008238E-12
7.000E-2 2.24493626E-12
8.000E-2 3.29557788E-12
9.000E-2 4.79768717E-12
1.000E-1 6.94520994E-12
1.100E-1 1.00154103E-11
1.200E-1 1.4404722E-11
1.300E-1 2.06800733E-11
1.400E-1 2.96524096E-11
1.500E-1 4.24820535E-11
1.600E-1 6.08297666E-11
1.700E-1 8.70733957E-11
1.800E-1 1.24618699E-10
1.900E-1 1.78345373E-10
2.000E-1 2.55247119E-10
2.100E-1 3.65350458E-10
2.200E-1 5.23033454E-10
2.300E-1 7.48918783E-10
2.400E-1 1.07259093E-9
2.500E-1 1.53649656E-9
2.600E-1 2.20154278E-9
2.700E-1 3.1551322E-9
2.800E-1 4.52269339E-9
2.900E-1 6.48422495E-9
3.000E-1 9.29802627E-9
3.100E-1 1.33347226E-8
3.200E-1 1.91260218E-8
3.300E-1 2.74345208E-8
3.400E-1 3.93535324E-8
3.500E-1 5.6449593E-8
3.600E-1 8.09654445E-8
3.700E-1 1.16108241E-7
3.800E-1 1.66457082E-7
3.900E-1 2.38536398E-7
4.000E-1 3.41617734E-7
4.100E-1 4.88834476E-7
4.200E-1 6.9872441E-7
4.300E-1 9.97358837E-7
4.400E-1 1.4212971E-6
4.500E-1 2.02168927E-6
4.600E-1 2.86999666E-6
4.700E-1 4.06577917E-6
4.800E-1 5.74693324E-6
4.900E-1 8.10227328E-6
5.000E-1 1.13856789E-5
5.100E-1 1.59303284E-5
5.200E-1 2.21608374E-5
5.300E-1 3.06011313E-5
5.400E-1 4.18769067E-5
5.500E-1 5.67133223E-5
5.600E-1 7.59297447E-5
5.700E-1 0.000100440562
5.800E-1 0.000131247945
5.900E-1 0.000169439148
6.000E-1 0.000216168412
6.100E-1 0.000272615883
6.200E-1 0.000339910267
