-8.9987750E-2 -4.2061820E-6
-5.9914590E-2 -2.8070410E-6
-3.0001160E-2 -1.4480280E-6
1.2010340E-4 -1.2857600E-8
1.0010960E-2 4.7263120E-7
1.9984250E-2 9.7468070E-7
3.0008320E-2 1.5062200E-6
4.0074350E-2 2.0493970E-6
5.0038340E-2 2.6299150E-6
6.0024740E-2 3.1945200E-6
7.0011140E-2 3.8132660E-6
7.9963210E-2 4.3999330E-6
8.9995380E-2 5.1817330E-6
1.0007290E-1 5.9841390E-6
1.0996820E-1 7.0244680E-6
1.2008000E-1 8.0122410E-6
1.2997530E-1 9.2949990E-6
1.4000750E-1 1.0916960E-5
1.5001680E-1 1.2732040E-5
1.6002610E-1 1.5113680E-5
1.6998960E-1 1.7837460E-5
1.7989640E-1 2.2033030E-5
1.9004200E-1 2.7213250E-5
2.0001750E-1 3.5122470E-5
2.1002670E-1 4.3935750E-5
2.2009560E-1 5.6742810E-5
2.2992230E-1 7.2801890E-5
2.4003460E-1 9.6157860E-5
2.4999810E-1 1.2891440E-4
2.5998450E-1 1.7341020E-4
2.6989130E-1 2.2481240E-4
2.8000310E-1 3.0828340E-4
2.8988700E-1 4.1320450E-4
3.0002160E-1 5.7792520E-4
3.1000850E-1 7.6874140E-4
3.2018850E-1 1.0378030E-3
3.2989030E-1 1.3660510E-3
3.4002490E-1 1.8651650E-3
3.4978340E-1 2.4156220E-3
3.6011220E-1 3.1410830E-3
3.6999610E-1 3.9039790E-3
3.8008500E-1 4.9977640E-3
3.8978670E-1 6.1786450E-3
4.0009210E-1 7.7344550E-3
4.0988490E-1 9.2085580E-3
4.1999670E-1 1.1091810E-2
4.2996070E-1 1.2849470E-2
4.3994710E-1 1.4941410E-2
4.5001360E-1 1.6827670E-2
4.6001150E-1 1.9242870E-2
4.6998640E-1 2.1575810E-2
4.8008680E-1 2.4332810E-2
4.8998210E-1 2.6811720E-2
5.0006010E-1 2.9494570E-2
5.1004650E-1 3.2076030E-2
