0.000E+0 0
1.000E-2 5.7651158E-15
2.000E-2 1.39617473E-14
3.000E-2 2.56237948E-14
4.000E-2 4.22243006E-14
5.000E-2 6.58617888E-14
6.000E-2 9.9525779E-14
7.000E-2 1.47475286E-13
8.000E-2 2.15778706E-13
9.000E-2 3.13084433E-13
1.000E-1 4.5172169E-13
1.100E-1 6.49274362E-13
1.200E-1 9.30832934E-13
1.300E-1 1.33221917E-12
1.400E-1 1.90460682E-12
1.500E-1 2.72114639E-12
1.600E-1 3.88646693E-12
1.700E-1 5.55030843E-12
1.800E-1 7.92708417E-12
1.900E-1 1.13239557E-11
2.000E-1 1.61811283E-11
2.100E-1 2.31296903E-11
2.200E-1 3.30746368E-11
2.300E-1 4.73140532E-11
2.400E-1 6.77102123E-11
2.500E-1 9.69352112E-11
2.600E-1 1.38823637E-10
2.700E-1 1.98878917E-10
2.800E-1 2.8500034E-10
2.900E-1 4.08526971E-10
3.000E-1 5.857366E-10
3.100E-1 8.39998105E-10
3.200E-1 1.20486214E-9
3.300E-1 1.7284992E-9
3.400E-1 2.48007248E-9
3.500E-1 3.55888796E-9
3.600E-1 5.10753844E-9
3.700E-1 7.33076618E-9
3.800E-1 1.05225574E-8
3.900E-1 1.5105035E-8
4.000E-1 2.16843015E-8
4.100E-1 3.11305906E-8
4.200E-1 4.46932773E-8
4.300E-1 6.41659257E-8
4.400E-1 9.21229489E-8
4.500E-1 1.32258885E-7
