-9.0043070E-2 -4.1227500E-6
-5.9925080E-2 -2.8090230E-6
-3.0068870E-2 -1.3681910E-6
-3.4183260E-5 -2.6296050E-8
1.0079090E-2 4.5573820E-7
1.9864950E-2 9.4725210E-7
3.0087470E-2 1.4634020E-6
4.0016650E-2 1.9683450E-6
5.0037380E-2 2.5128450E-6
5.9932230E-2 3.0359810E-6
6.9987300E-2 3.6179480E-6
7.9961780E-2 4.2551310E-6
9.0073590E-2 4.9484190E-6
9.9991800E-2 5.7176550E-6
1.1000060E-1 6.5599220E-6
1.1998700E-1 7.5900920E-6
1.3001870E-1 8.7855950E-6
1.4000510E-1 1.0368890E-5
1.4999150E-1 1.2057430E-5
1.5998940E-1 1.4351460E-5
1.6998670E-1 1.7473580E-5
1.7984770E-1 2.1263720E-5
1.9000480E-1 2.6337740E-5
1.9996830E-1 3.2477020E-5
2.0994330E-1 4.1923410E-5
2.1989820E-1 5.3675420E-5
2.2990750E-1 7.2123990E-5
2.3998500E-1 9.3868050E-5
2.4989130E-1 1.2308450E-4
2.5992350E-1 1.6355510E-4
2.6997800E-1 2.2763880E-4
2.7996440E-1 3.0020040E-4
2.8998520E-1 4.0663360E-4
2.9988000E-1 5.2890950E-4
3.0993510E-1 7.2081270E-4
3.1982990E-1 9.5472900E-4
3.2997610E-1 1.2888420E-3
3.3992820E-1 1.6401820E-3
3.4992600E-1 2.1610740E-3
3.5998060E-1 2.7475660E-3
3.7000130E-1 3.5540850E-3
3.8004450E-1 4.3388740E-3
3.8998560E-1 5.3163950E-3
3.9990330E-1 6.2607150E-3
4.0996930E-1 7.4879360E-3
4.1984180E-1 8.7335840E-3
4.2996500E-1 1.0225050E-2
4.3996290E-1 1.1551590E-2
4.4993780E-1 1.3269830E-2
4.5988990E-1 1.4773730E-2
4.7001310E-1 1.6480390E-2
4.8006770E-1 1.8013820E-2
4.8999690E-1 1.9860100E-2
5.0000620E-1 2.1658870E-2
5.0989010E-1 2.3629680E-2
5.1991080E-1 2.5489290E-2
5.2998830E-1 2.7394060E-2
5.4000850E-1 2.9323180E-2
5.5004070E-1 3.1311960E-2
