-9.0041160E-2 -4.1862330E-6
-5.9889320E-2 -2.8480700E-6
-3.0000210E-2 -1.4964660E-6
-6.7022440E-4 -6.0260130E-8
1.0297920E-2 4.5527460E-7
1.9845600E-2 9.1594690E-7
2.9984470E-2 1.3701160E-6
3.9959430E-2 1.9614510E-6
5.0013540E-2 2.4680280E-6
6.0033800E-2 3.0319770E-6
7.0111270E-2 3.5809640E-6
8.0097200E-2 4.2080540E-6
8.9980600E-2 4.8944150E-6
1.0010340E-1 5.6539960E-6
1.0996390E-1 6.5117110E-6
1.2006430E-1 7.4811870E-6
1.3009600E-1 8.6715920E-6
1.4002470E-1 1.0082990E-5
1.5004490E-1 1.1913320E-5
1.5988300E-1 1.4055960E-5
1.6998290E-1 1.6918220E-5
1.7998030E-1 2.0751180E-5
1.9002340E-1 2.5630240E-5
1.9999790E-1 3.2110330E-5
2.0999570E-1 4.0194950E-5
2.1994970E-1 5.2157730E-5
2.2989030E-1 6.7408430E-5
2.4005890E-1 9.1421590E-5
2.4997660E-1 1.1599530E-4
2.5993970E-1 1.5701000E-4
2.6997140E-1 2.0977300E-4
2.8000310E-1 2.9070050E-4
2.8995510E-1 3.8200220E-4
2.9998680E-1 5.1430680E-4
3.0998420E-1 6.6247120E-4
3.1994770E-1 8.9370860E-4
3.2996800E-1 1.1851450E-3
3.3995390E-1 1.5385600E-3
3.4996270E-1 1.9251220E-3
3.5991480E-1 2.4706290E-3
3.6998080E-1 3.0693910E-3
3.8003540E-1 3.8456410E-3
3.8993020E-1 4.5780860E-3
3.9997340E-1 5.4564380E-3
4.0990260E-1 6.2857100E-3
4.1994520E-1 7.3550550E-3
4.2994310E-1 8.3997730E-3
4.4004300E-1 9.6580220E-3
4.4996070E-1 1.0732770E-2
4.5998100E-1 1.2105120E-2
4.7008130E-1 1.3291520E-2
4.8001050E-1 1.4622180E-2
4.8996210E-1 1.5810910E-2
5.0002810E-1 1.7260310E-2
5.0998020E-1 1.8621090E-2
5.2003480E-1 2.0206620E-2
5.2997490E-1 2.1574350E-2
5.4004100E-1 2.3062570E-2
5.5004980E-1 2.4437810E-2
5.5999040E-1 2.5972960E-2
5.7004500E-1 2.7480890E-2
5.7998560E-1 2.9043240E-2
5.9008550E-1 3.0562740E-2
