0.000E+0 0
1.000E-2 6.29392956E-12
2.000E-2 1.51354671E-11
3.000E-2 2.7556825E-11
4.000E-2 4.50084303E-11
5.000E-2 6.95283688E-11
6.000E-2 1.03980488E-10
7.000E-2 1.52388983E-10
8.000E-2 2.20408574E-10
9.000E-2 3.15985228E-10
1.000E-1 4.5028468E-10
1.100E-1 6.38997295E-10
1.200E-1 9.04171866E-10
1.300E-1 1.27679271E-9
1.400E-1 1.8004014E-9
1.500E-1 2.53618648E-9
1.600E-1 3.57013583E-9
1.700E-1 5.02308732E-9
1.800E-1 7.06485084E-9
1.900E-1 9.93404891E-9
2.000E-1 1.39659874E-8
2.100E-1 1.96317974E-8
2.200E-1 2.75933907E-8
2.300E-1 3.87805834E-8
2.400E-1 5.44992694E-8
2.500E-1 7.65830175E-8
2.600E-1 1.07605287E-7
2.700E-1 1.5117604E-7
2.800E-1 2.12355446E-7
2.900E-1 2.98229267E-7
3.000E-1 4.18706126E-7
3.100E-1 5.87616978E-7
3.200E-1 8.24222531E-7
3.300E-1 1.15526655E-6
3.400E-1 1.6177553E-6
3.500E-1 2.26270477E-6
3.600E-1 3.16019902E-6
3.700E-1 4.40628259E-6
3.800E-1 6.13251311E-6
3.900E-1 8.51943064E-6
4.000E-1 1.18156391E-5
4.100E-1 1.63643746E-5
4.200E-1 2.26391824E-5
4.300E-1 3.12891601E-5
4.400E-1 4.31943098E-5
4.500E-1 5.95291681E-5
