0.000E+0 0
1.000E-2 6.25281126E-15
2.000E-2 1.52529832E-14
3.000E-2 2.82112423E-14
4.000E-2 4.68717154E-14
5.000E-2 7.37468801E-14
6.000E-2 1.12456062E-13
7.000E-2 1.68213196E-13
8.000E-2 2.48529829E-13
9.000E-2 3.64228561E-13
1.000E-1 5.30904467E-13
1.100E-1 7.71033043E-13
1.200E-1 1.1170116E-12
1.300E-1 1.61554855E-12
1.400E-1 2.33399921E-12
1.500E-1 3.36951311E-12
1.600E-1 4.86224188E-12
1.700E-1 7.01441199E-12
1.800E-1 1.0117868E-11
1.900E-1 1.45938494E-11
2.000E-1 2.10504366E-11
2.100E-1 3.03655149E-11
2.200E-1 4.38065964E-11
2.300E-1 6.32038716E-11
2.400E-1 9.12001497E-11
2.500E-1 1.31611845E-10
2.600E-1 1.89950364E-10
2.700E-1 2.74175167E-10
2.800E-1 3.95781454E-10
2.900E-1 5.71371194E-10
3.000E-1 8.24922293E-10
3.100E-1 1.19106616E-9
3.200E-1 1.7198218E-9
3.300E-1 2.48343385E-9
3.400E-1 3.58624938E-9
3.500E-1 5.17898429E-9
3.600E-1 7.47932993E-9
3.700E-1 1.08017178E-8
3.800E-1 1.56003131E-8
3.900E-1 2.25311156E-8
4.000E-1 3.25416615E-8
4.100E-1 4.70005937E-8
4.200E-1 6.7884821E-8
4.300E-1 9.77473237E-8
4.400E-1 1.41171049E-7
4.500E-1 2.03923072E-7
