2.2626E-2 6.3249E-6
4.1864E-2 1.5180E-5
6.3930E-2 2.7830E-5
8.1470E-2 4.3010E-5
1.0241E-1 6.0719E-5
1.2334E-1 8.3489E-5
1.4371E-1 1.1385E-4
1.6295E-1 1.4294E-4
1.8162E-1 1.8342E-4
2.0368E-1 2.2517E-4
2.2292E-1 2.8083E-4
2.4216E-1 3.3902E-4
2.6309E-1 4.0859E-4
2.8177E-1 4.8955E-4
3.0157E-1 5.8063E-4
3.2307E-1 6.9068E-4
3.4287E-1 8.2983E-4
3.6154E-1 1.0095E-3
3.8191E-1 1.2372E-3
4.0115E-1 1.5825E-3
4.2209E-1 2.0695E-3
4.4246E-1 2.8083E-3
4.6169E-1 4.0113E-3
4.8150E-1 5.7949E-3
5.0130E-1 8.5020E-3
5.2223E-1 1.1943E-2
5.4204E-1 1.7304E-2
5.6127E-1 2.3239E-2
5.8164E-1 3.0191E-2
6.0032E-1 3.7910E-2
