2.2573E-3 -2.3706E-3
2.1495E-2 -2.3643E-3
4.1864E-2 -2.3503E-3
6.2233E-2 -2.3415E-3
8.0905E-2 -2.3263E-3
1.0127E-1 -2.3073E-3
1.2108E-1 -2.2808E-3
1.4145E-1 -2.2517E-3
1.6068E-1 -2.2175E-3
1.8218E-1 -2.1796E-3
2.0086E-1 -2.1340E-3
2.2292E-1 -2.0796E-3
2.4159E-1 -2.0227E-3
2.6140E-1 -1.9430E-3
2.8233E-1 -1.8671E-3
3.0100E-1 -1.6533E-3
3.0214E-1 -1.7659E-3
3.4231E-1 -1.5066E-3
3.6268E-1 -1.3169E-3
3.8135E-1 -1.0525E-3
4.0115E-1 -6.8183E-4
4.2152E-1 -1.4421E-4
4.4189E-1 7.1472E-4
4.6056E-1 1.9607E-3
4.8206E-1 3.8987E-3
5.0130E-1 6.6159E-3
5.2110E-1 1.0785E-2
5.4147E-1 1.5924E-2
5.6184E-1 2.2060E-2
5.8108E-1 2.9207E-2
5.9918E-1 3.6731E-2
