6.346E-4 -2.818E-4
1.049E-2 -2.798E-4
2.012E-2 -2.774E-4
3.011E-2 -2.752E-4
3.976E-2 -2.730E-4
4.969E-2 -2.707E-4
6.072E-2 -2.680E-4
7.069E-2 -2.654E-4
8.041E-2 -2.631E-4
9.028E-2 -2.601E-4
1.001E-1 -2.574E-4
1.110E-1 -2.541E-4
1.210E-1 -2.508E-4
1.308E-1 -2.478E-4
1.407E-1 -2.444E-4
1.504E-1 -2.409E-4
1.616E-1 -2.364E-4
1.716E-1 -2.325E-4
1.812E-1 -2.283E-4
1.911E-1 -2.238E-4
2.010E-1 -2.194E-4
2.109E-1 -2.144E-4
2.218E-1 -2.087E-4
2.315E-1 -2.028E-4
2.413E-1 -1.973E-4
2.513E-1 -1.914E-4
2.613E-1 -1.851E-4
2.721E-1 -1.777E-4
2.820E-1 -1.713E-4
2.917E-1 -1.640E-4
3.017E-1 -1.572E-4
3.117E-1 -1.495E-4
3.225E-1 -1.417E-4
3.324E-1 -1.335E-4
3.423E-1 -1.252E-4
3.520E-1 -1.166E-4
3.618E-1 -1.084E-4
3.730E-1 -9.926E-5
3.829E-1 -9.040E-5
3.927E-1 -8.185E-5
4.022E-1 -7.279E-5
4.219E-1 -5.473E-5
4.430E-1 -3.521E-5
4.626E-1 -1.796E-5
4.837E-1 4.528E-7
5.031E-1 1.670E-5
5.538E-1 5.398E-5
6.041E-1 8.623E-5
6.545E-1 1.155E-4
7.048E-1 1.425E-4
7.552E-1 1.681E-4
8.057E-1 1.917E-4
8.561E-1 2.146E-4
9.066E-1 2.360E-4
9.567E-1 2.565E-4
1.006E+0 2.753E-4
