-9.0055940E-2 -1.8076660E-4
-5.9982780E-2 -1.7936910E-4
-2.9955390E-2 -1.7818610E-4
-1.1920930E-6 -1.7681750E-4
1.0304270E-2 -1.7605210E-4
1.9756910E-2 -1.7507210E-4
3.0087950E-2 -1.7539680E-4
3.9823530E-2 -1.7474160E-4
5.0026890E-2 -1.7427770E-4
5.9887890E-2 -1.7366870E-4
6.9874290E-2 -1.7279890E-4
7.9895020E-2 -1.7212620E-4
8.9983940E-2 -1.7155220E-4
1.0005040E-1 -1.7080410E-4
1.0987710E-1 -1.7002120E-4
1.2001180E-1 -1.6878030E-4
1.3003250E-1 -1.6745810E-4
1.3998460E-1 -1.6581130E-4
1.5003970E-1 -1.6360180E-4
1.5994600E-1 -1.6100390E-4
1.6996670E-1 -1.5764050E-4
1.7998740E-1 -1.5307100E-4
1.9000820E-1 -1.4699380E-4
1.9991490E-1 -1.3913050E-4
2.0999240E-1 -1.2896490E-4
2.1991300E-1 -1.1402110E-4
2.2989990E-1 -9.4003330E-5
2.3980620E-1 -6.7629750E-5
2.5003240E-1 -2.6576150E-5
2.5992770E-1 2.1582430E-5
2.7034710E-1 9.1088400E-5
2.7995780E-1 1.7943540E-4
2.9002380E-1 3.2135430E-4
2.9996490E-1 4.7977130E-4
3.1002000E-1 7.0855370E-4
3.1975560E-1 9.6101310E-4
3.3001570E-1 1.3900420E-3
3.3993390E-1 1.8284820E-3
3.4996600E-1 2.4076230E-3
3.5996390E-1 3.0084960E-3
3.6988210E-1 3.8608650E-3
3.7994810E-1 4.7828310E-3
3.9000320E-1 5.9558900E-3
3.9997820E-1 7.0696080E-3
4.1002180E-1 8.3849900E-3
4.1979170E-1 9.6124040E-3
4.2994930E-1 1.1247630E-2
4.3993570E-1 1.2639750E-2
4.4996790E-1 1.4414210E-2
4.5993140E-1 1.6108720E-2
4.6997500E-1 1.8135190E-2
4.8005290E-1 1.9879530E-2
4.8999360E-1 2.1842870E-2
5.0001430E-1 2.3649770E-2
5.0996690E-1 2.5730700E-2
5.1999900E-1 2.7791350E-2
5.2987150E-1 2.9960330E-2
5.4002900E-1 3.2089340E-2
