0.000E+0 0
1.000E-2 7.5708173E-15
2.000E-2 1.8405486E-14
3.000E-2 3.39339987E-14
4.000E-2 5.6211991E-14
5.000E-2 8.81941769E-14
6.000E-2 1.34127407E-13
7.000E-2 2.00115929E-13
8.000E-2 2.94934811E-13
9.000E-2 4.31201367E-13
1.000E-1 6.27063734E-13
1.100E-1 9.08637414E-13
1.200E-1 1.31352494E-12
1.300E-1 1.89590562E-12
1.400E-1 2.73390313E-12
1.500E-1 3.94025959E-12
1.600E-1 5.67781067E-12
1.700E-1 8.18193278E-12
1.800E-1 1.1793115E-11
1.900E-1 1.7004233E-11
2.000E-1 2.45291707E-11
2.100E-1 3.54024373E-11
2.200E-1 5.11237893E-11
2.300E-1 7.38681918E-11
2.400E-1 1.06790645E-10
2.500E-1 1.54468719E-10
2.600E-1 2.23544958E-10
2.700E-1 3.23659281E-10
2.800E-1 4.68801941E-10
2.900E-1 6.79275924E-10
3.000E-1 9.8454158E-10
3.100E-1 1.42733627E-9
3.200E-1 2.0696324E-9
3.300E-1 3.00123687E-9
3.400E-1 4.35216642E-9
3.500E-1 6.31037947E-9
3.600E-1 9.14702039E-9
3.700E-1 1.32520176E-8
3.800E-1 1.91835676E-8
3.900E-1 2.7735428E-8
4.000E-1 4.00253698E-8
4.100E-1 5.76049685E-8
4.200E-1 8.25828606E-8
4.300E-1 1.17735782E-7
4.400E-1 1.66549535E-7
4.500E-1 2.3308492E-7
