-2.9000E-3 -7.1640E-3
1.7400E-2 -7.1630E-3
3.7400E-2 -7.1610E-3
5.7600E-2 -7.1590E-3
7.7900E-2 -7.1580E-3
9.8100E-2 -7.1570E-3
1.1780E-1 -7.1550E-3
1.3830E-1 -7.1540E-3
1.5870E-1 -7.1510E-3
1.7890E-1 -7.1470E-3
1.9900E-1 -7.1440E-3
2.1920E-1 -7.1390E-3
2.3940E-1 -2.1950E-3
2.5950E-1 -7.1210E-3
2.8000E-1 -7.1070E-3
2.9960E-1 -7.0860E-3
3.1980E-1 -7.0520E-3
3.4000E-1 -6.9940E-3
3.6020E-1 -2.5190E-3
3.8030E-1 -6.7080E-3
4.0050E-1 -6.3730E-3
4.2080E-1 -5.7510E-3
4.4080E-1 -4.6410E-3
4.6100E-1 -2.7090E-3
4.8110E-1 5.3990E-4
5.0100E-1 5.6500E-4
5.1790E-1 1.3300E-2
5.4120E-1 2.3900E-2
