1.7000E-3 -5.3100E-6
1.9400E-2 -5.1420E-5
3.9600E-2 -5.0860E-5
5.9900E-2 -4.9220E-5
8.0000E-2 -4.7810E-5
1.0010E-1 -4.6080E-5
1.2020E-1 -4.3880E-5
1.4060E-1 -4.1130E-5
1.6060E-1 -3.7970E-5
1.8090E-1 -3.4020E-5
2.0110E-1 -3.0010E-5
2.2120E-1 -2.5190E-5
2.4130E-1 -1.9190E-5
2.6150E-1 -1.2590E-5
2.8150E-1 -4.3970E-6
3.0150E-1 5.1000E-6
3.2160E-1 1.6000E-5
3.4180E-1 3.4520E-5
3.6200E-1 5.7370E-5
3.8220E-1 9.1350E-5
4.0220E-1 1.4400E-4
4.2260E-1 2.4210E-4
4.4270E-1 4.1240E-4
4.6290E-1 7.2910E-4
4.8290E-1 1.3250E-3
5.0310E-1 2.4370E-3
5.2330E-1 4.4540E-3
5.4350E-1 7.8970E-3
5.6340E-1 1.3550E-2
5.8340E-1 2.1980E-2
