-9.0056900E-2 -1.2977440E-3
-5.9949400E-2 -8.6440050E-4
-3.0001640E-2 -4.3308040E-4
-5.8948990E-5 -9.9660010E-9
1.0000440E-2 1.4430050E-4
1.9997360E-2 2.8802990E-4
3.0008320E-2 4.3290760E-4
3.9983750E-2 5.7908990E-4
4.9970150E-2 7.2437940E-4
5.9990880E-2 8.6920480E-4
6.9988730E-2 1.0132940E-3
7.9998020E-2 1.1603420E-3
9.0007780E-2 1.3067820E-3
1.0000560E-1 1.4523490E-3
1.0998060E-1 1.5972220E-3
1.1998990E-1 1.7431400E-3
1.2998770E-1 1.8900990E-3
1.3999700E-1 2.0381580E-3
1.5001770E-1 2.1855240E-3
1.5998170E-1 2.3325420E-3
1.7000250E-1 2.4794430E-3
1.7997740E-1 2.6279670E-3
1.8998670E-1 2.7778240E-3
1.9999600E-1 2.9286670E-3
2.0996000E-1 3.0773060E-3
2.1990350E-1 3.2291920E-3
2.3003820E-1 3.3821200E-3
2.3986530E-1 3.5364390E-3
2.4994330E-1 3.6948710E-3
2.5989580E-1 3.8538280E-3
2.6991650E-1 4.0186920E-3
2.8002830E-1 4.1814150E-3
2.8986690E-1 4.3586810E-3
2.9993300E-1 4.5386140E-3
3.0993130E-1 4.7326870E-3
3.2002020E-1 4.9362050E-3
3.2988170E-1 5.1593670E-3
3.4006210E-1 5.3985250E-3
3.4985490E-1 5.6798680E-3
3.5998960E-1 5.9937220E-3
3.6994220E-1 6.3637270E-3
3.7997440E-1 6.8011880E-3
3.8993790E-1 7.3258020E-3
3.9994720E-1 7.9679380E-3
4.0999080E-1 8.7697840E-3
4.1994330E-1 9.7684820E-3
4.2999840E-1 1.1007310E-2
4.3996190E-1 1.2560490E-2
4.4994880E-1 1.4493120E-2
4.5995810E-1 1.6859670E-2
4.6999030E-1 1.9730240E-2
4.8001100E-1 2.3194610E-2
4.8999790E-1 2.7377350E-2
5.0001860E-1 3.2284260E-2
