-9.0045450E-2 -1.2975130E-3
-5.9960840E-2 -8.6403520E-4
-3.0001640E-2 -4.3271510E-4
-5.5402520E-5 -9.7810470E-9
1.0000410E-2 1.4392920E-4
1.9996170E-2 2.8791400E-4
2.9996870E-2 4.3319170E-4
3.9972310E-2 5.7910150E-4
4.9981590E-2 7.2395010E-4
5.9990880E-2 8.6803920E-4
6.9977280E-2 1.0125220E-3
8.0009460E-2 1.1600540E-3
8.9996340E-2 1.3060270E-3
1.0000560E-1 1.4517700E-3
1.0995770E-1 1.5963540E-3
1.2000130E-1 1.7425600E-3
1.2997630E-1 1.8898100E-3
1.3997460E-1 2.0375210E-3
1.5000630E-1 2.1845980E-3
1.5998170E-1 2.3310930E-3
1.7000250E-1 2.4784000E-3
1.7994310E-1 2.6271570E-3
1.8997530E-1 2.7768970E-3
1.9996210E-1 2.9274490E-3
2.0998290E-1 3.0775390E-3
2.1997210E-1 3.2280910E-3
2.2993560E-1 3.3809020E-3
2.3997930E-1 3.5365540E-3
2.5000000E-1 3.6943500E-3
2.5986150E-1 3.8534790E-3
2.7003050E-1 4.0174760E-3
2.7999400E-1 4.1829220E-3
2.8988930E-1 4.3592620E-3
2.9995580E-1 4.5420920E-3
3.0988550E-1 4.7374960E-3
3.2007740E-1 4.9411880E-3
3.2988170E-1 5.1696240E-3
3.4008460E-1 5.4130110E-3
3.4994600E-1 5.7025270E-3
3.6008070E-1 6.0273320E-3
3.6980530E-1 6.4140860E-3
3.8008830E-1 6.8637150E-3
3.8982390E-1 7.4173620E-3
4.0003870E-1 8.0922970E-3
4.0996790E-1 8.9325050E-3
4.1992040E-1 9.9820250E-3
4.2999840E-1 1.1274370E-2
4.3995050E-1 1.2881430E-2
4.4996020E-1 1.4862150E-2
4.5995810E-1 1.7271000E-2
4.6999030E-1 2.0171690E-2
4.7999950E-1 2.3653430E-2
4.8999790E-1 2.7821120E-2
5.0000720E-1 3.2739610E-2
