-9.0045450E-2 -1.2972220E-3
-5.9949400E-2 -8.6459190E-4
-3.0001640E-2 -4.3375310E-4
-4.9501660E-5 -1.0217050E-8
1.0023980E-2 1.4493240E-4
2.0005610E-2 2.8827340E-4
3.0019760E-2 4.3302940E-4
4.0006640E-2 5.7869570E-4
5.0004480E-2 7.2453590E-4
6.0002330E-2 8.6919310E-4
7.0011620E-2 1.0136650E-3
8.0009460E-2 1.1601110E-3
8.9984890E-2 1.3069550E-3
1.0000560E-1 1.4524070E-3
1.1000350E-1 1.5975700E-3
1.1998990E-1 1.7429070E-3
1.2998770E-1 1.8901560E-3
1.3999700E-1 2.0378700E-3
1.5000680E-1 2.1856990E-3
1.6000460E-1 2.3328310E-3
1.7000250E-1 2.4797320E-3
1.8000030E-1 2.6276780E-3
1.9000960E-1 2.7768390E-3
1.9997360E-1 2.9280870E-3
2.0999430E-1 3.0788700E-3
2.1997210E-1 3.2294800E-3
2.2994710E-1 3.3815990E-3
2.3997930E-1 3.5370760E-3
2.4993180E-1 3.6945250E-3
2.5994110E-1 3.8545220E-3
2.6996180E-1 4.0175340E-3
2.7994870E-1 4.1837320E-3
2.8995800E-1 4.3564220E-3
2.9993300E-1 4.5378600E-3
3.0995420E-1 4.7307160E-3
3.1996350E-1 4.9360300E-3
3.2996130E-1 5.1579180E-3
3.3991380E-1 5.3999140E-3
3.4995750E-1 5.6744200E-3
3.5996680E-1 5.9896070E-3
3.6994220E-1 6.3582810E-3
3.7996290E-1 6.7953910E-3
3.8994930E-1 7.3179790E-3
3.9997010E-1 7.9565810E-3
4.0999080E-1 8.7543690E-3
4.1996620E-1 9.7465200E-3
4.2996410E-1 1.0973130E-2
4.4006490E-1 1.2522830E-2
4.4989160E-1 1.4446770E-2
4.5998100E-1 1.6841710E-2
4.6996740E-1 1.9661290E-2
4.8002240E-1 2.3147690E-2
4.9000930E-1 2.7317110E-2
5.0003000E-1 3.2222270E-2
