-9.0057370E-2 -1.2979880E-3
-5.9961320E-2 -8.6450620E-4
-3.0013080E-2 -4.3266640E-4
-6.0111280E-5 -9.5057120E-9
1.0007560E-2 1.4396520E-4
1.9986930E-2 2.8810770E-4
2.9985900E-2 4.3374600E-4
3.9995670E-2 5.7954690E-4
4.9982070E-2 7.2417060E-4
5.9979920E-2 8.6848110E-4
6.9989680E-2 1.0130120E-3
7.9998970E-2 1.1607590E-3
9.0008260E-2 1.3065020E-3
1.0001800E-1 1.4515520E-3
1.0997010E-1 1.5967730E-3
1.2000230E-1 1.7433280E-3
1.2996630E-1 1.8909830E-3
1.3999840E-1 2.0386410E-3
1.5000770E-1 2.1851380E-3
1.5997170E-1 2.3320390E-3
1.6999240E-1 2.4791170E-3
1.7995640E-1 2.6281640E-3
1.8998860E-1 2.7778480E-3
1.9995210E-1 2.9285180E-3
2.0997330E-1 3.0783750E-3
2.1997360E-1 3.2288130E-3
2.2993710E-1 3.3821480E-3
2.3996970E-1 3.5378600E-3
2.4992230E-1 3.6953090E-3
2.5993160E-1 3.8543810E-3
2.6994090E-1 4.0166990E-3
2.7993920E-1 4.1828980E-3
2.8995990E-1 4.3565170E-3
2.9994680E-1 4.5390580E-3
3.0994460E-1 4.7311620E-3
3.1995440E-1 4.9353190E-3
3.2996370E-1 5.1557010E-3
3.3995060E-1 5.3983950E-3
3.4997130E-1 5.6739470E-3
3.5996910E-1 5.9893090E-3
3.6995600E-1 6.3565950E-3
3.7995390E-1 6.7922030E-3
3.8995220E-1 7.3113760E-3
3.9993910E-1 7.9503880E-3
4.0998270E-1 8.7464430E-3
4.1993470E-1 9.7399350E-3
4.3006990E-1 1.0974960E-2
4.3997670E-1 1.2527570E-2
4.4997500E-1 1.4425460E-2
4.5992710E-1 1.6794340E-2
4.7003940E-1 1.9630760E-2
4.7993470E-1 2.3150770E-2
4.9008130E-1 2.7250130E-2
4.9993090E-1 3.2252070E-2
