-9.0079780E-2 -1.2964120E-3
-5.9949400E-2 -8.6504430E-4
-2.9978750E-2 -4.3394440E-4
-1.0639430E-5 -9.7566900E-9
9.9863110E-3 1.4512380E-4
1.9998550E-2 2.8887650E-4
3.0008320E-2 4.3278000E-4
3.9995190E-2 5.7769240E-4
4.9993040E-2 7.2406630E-4
5.9979440E-2 8.6956420E-4
7.0000170E-2 1.0144480E-3
8.0009460E-2 1.1596470E-3
8.9984890E-2 1.3058540E-3
9.9994180E-2 1.4525820E-3
1.0998060E-1 1.5982070E-3
1.2002420E-1 1.7434860E-3
1.2997630E-1 1.8896930E-3
1.3999700E-1 2.0367110E-3
1.5000680E-1 2.1851770E-3
1.5997030E-1 2.3328890E-3
1.6996810E-1 2.4804290E-3
1.7997740E-1 2.6279090E-3
1.8998670E-1 2.7768390E-3
1.9995070E-1 2.9273330E-3
2.0998290E-1 3.0786970E-3
2.1994920E-1 3.2301190E-3
2.2994710E-1 3.3820630E-3
2.3996780E-1 3.5365540E-3
2.4992040E-1 3.6931340E-3
2.5992970E-1 3.8540010E-3
2.6995040E-1 4.0177670E-3
2.7996020E-1 4.1845440E-3
2.8995800E-1 4.3564790E-3
2.9994440E-1 4.5377440E-3
3.0993130E-1 4.7293830E-3
3.1994060E-1 4.9355660E-3
3.2996130E-1 5.1568170E-3
3.3991380E-1 5.3995080E-3
3.4996890E-1 5.6722760E-3
3.5996680E-1 5.9864780E-3
3.7004470E-1 6.3542240E-3
3.7990570E-1 6.7902930E-3
3.8998370E-1 7.3175730E-3
3.9997010E-1 7.9499740E-3
4.0992260E-1 8.7456760E-3
4.1993190E-1 9.7283810E-3
4.3000980E-1 1.0960390E-2
4.3993950E-1 1.2500810E-2
4.4996020E-1 1.4420700E-2
4.5995810E-1 1.6797680E-2
4.6999030E-1 1.9670560E-2
4.8001100E-1 2.3126260E-2
4.8999790E-1 2.7265550E-2
5.0000720E-1 3.2149850E-2
