-9.0056420E-2 -1.2988930E-3
-5.9937480E-2 -8.6852240E-4
-3.0046940E-2 -4.3396420E-4
4.5925380E-5 -8.6746890E-9
9.9979940E-3 1.4533150E-4
2.0001920E-2 2.9046320E-4
3.0019760E-2 4.3434790E-4
3.9983750E-2 5.7888240E-4
5.0004480E-2 7.2461110E-4
5.9990880E-2 8.7090840E-4
6.9988730E-2 1.0169910E-3
8.0008980E-2 1.1618400E-3
8.9995860E-2 1.3079870E-3
1.0001610E-1 1.4551190E-3
1.0998010E-1 1.6023090E-3
1.1998940E-1 1.7486890E-3
1.2997580E-1 1.8947200E-3
1.3999650E-1 2.0410980E-3
1.4999440E-1 2.1889840E-3
1.5999220E-1 2.3375640E-3
1.7000150E-1 2.4867240E-3
1.7996500E-1 2.6350150E-3
1.8999720E-1 2.7833660E-3
1.9997220E-1 2.9332790E-3
2.0998140E-1 3.0845250E-3
2.1994730E-1 3.2385530E-3
2.2993370E-1 3.3914800E-3
2.3995450E-1 3.5459720E-3
2.4992940E-1 3.7023760E-3
2.5992730E-1 3.8630110E-3
2.6994800E-1 4.0279330E-3
2.7994630E-1 4.1975490E-3
2.8995560E-1 4.3722650E-3
2.9995350E-1 4.5548620E-3
3.0995130E-1 4.7483520E-3
3.1994920E-1 4.9584170E-3
3.2996990E-1 5.1874890E-3
3.3991100E-1 5.4418840E-3
3.4995410E-1 5.7297160E-3
3.5997490E-1 6.0586910E-3
3.6992740E-1 6.4488030E-3
3.8000490E-1 6.9207960E-3
3.8993450E-1 7.4986630E-3
3.9993240E-1 8.2063920E-3
4.0998740E-1 9.0836790E-3
4.1992860E-1 1.0169520E-2
4.2999460E-1 1.1556420E-2
4.3995860E-1 1.3241080E-2
4.4995640E-1 1.5328390E-2
4.5996570E-1 1.7897680E-2
4.7000930E-1 2.1024870E-2
4.8001860E-1 2.4736580E-2
4.8997070E-1 2.9117420E-2
5.0000290E-1 3.4173740E-2
