-9.0045450E-2 -1.2960640E-3
-5.9949400E-2 -8.6571110E-4
-3.0001640E-2 -4.3396190E-4
5.0604340E-5 -1.0078480E-8
1.0001600E-2 1.4530360E-4
2.0018580E-2 2.8956660E-4
3.0031200E-2 4.3260590E-4
3.9983750E-2 5.7783750E-4
5.0004480E-2 7.2358480E-4
5.9979440E-2 8.6944250E-4
6.9988730E-2 1.0141460E-3
8.0009460E-2 1.1590100E-3
8.9996340E-2 1.3056210E-3
1.0001710E-1 1.4521760E-3
1.1000350E-1 1.5980920E-3
1.2002420E-1 1.7434280E-3
1.2997630E-1 1.8892870E-3
1.3997460E-1 2.0363050E-3
1.5000680E-1 2.1843650E-3
1.6000460E-1 2.3326000E-3
1.6999100E-1 2.4803130E-3
1.7997740E-1 2.6278510E-3
1.9002100E-1 2.7762020E-3
1.9996210E-1 2.9264060E-3
2.1000580E-1 3.0776540E-3
2.1994920E-1 3.2298290E-3
2.2994710E-1 3.3818870E-3
2.3997930E-1 3.5362080E-3
2.4992040E-1 3.6930760E-3
2.5994110E-1 3.8537100E-3
2.6993940E-1 4.0182880E-3
2.7994870E-1 4.1854140E-3
2.8995800E-1 4.3583340E-3
2.9999020E-1 4.5402940E-3
3.0996560E-1 4.7333240E-3
3.1997490E-1 4.9415940E-3
3.2996130E-1 5.1674810E-3
3.3994820E-1 5.4154450E-3
3.4996890E-1 5.6958630E-3
3.5998960E-1 6.0175970E-3
3.6995320E-1 6.3967020E-3
3.7997440E-1 6.8545010E-3
3.8994930E-1 7.4047870E-3
3.9995860E-1 8.0774630E-3
4.0999080E-1 8.9035290E-3
4.1995480E-1 9.9319570E-3
4.3003270E-1 1.1223970E-2
4.3988230E-1 1.2821180E-2
4.5005130E-1 1.4732960E-2
4.5990130E-1 1.7204370E-2
4.7012710E-1 2.0052340E-2
4.7999950E-1 2.3576970E-2
4.9012330E-1 2.7668760E-2
4.9991610E-1 3.2577400E-2
