-9.0090270E-2 -1.2993570E-3
-5.9971810E-2 -8.6767010E-4
-2.9990200E-2 -4.3370330E-4
4.9442050E-5 -4.6966730E-9
9.9838670E-3 1.4425860E-4
1.9986600E-2 2.8997590E-4
2.9997350E-2 4.3526990E-4
3.9983750E-2 5.7965350E-4
4.9993040E-2 7.2414730E-4
5.9967990E-2 8.7006180E-4
6.9988730E-2 1.0163180E-3
8.0008980E-2 1.1631160E-3
8.9995860E-2 1.3078130E-3
1.0000510E-1 1.4541930E-3
1.0998010E-1 1.6013250E-3
1.1998940E-1 1.7488040E-3
1.2996440E-1 1.8954150E-3
1.3999650E-1 2.0416770E-3
1.5000530E-1 2.1884050E-3
1.5998080E-1 2.3364630E-3
1.6999010E-1 2.4860300E-3
1.7996500E-1 2.6352480E-3
1.8997430E-1 2.7842930E-3
1.9994930E-1 2.9336270E-3
2.0999290E-1 3.0838310E-3
2.1999260E-1 3.2371040E-3
2.2992230E-1 3.3910740E-3
2.3995450E-1 3.5463780E-3
2.4991800E-1 3.7024340E-3
2.5993870E-1 3.8616190E-3
2.6994800E-1 4.0257890E-3
2.7993490E-1 4.1945930E-3
2.8995560E-1 4.3696000E-3
2.9995350E-1 4.5519640E-3
3.0993990E-1 4.7430210E-3
3.1993770E-1 4.9485080E-3
3.2994700E-1 5.1728860E-3
3.3992240E-1 5.4212550E-3
3.4994270E-1 5.7021320E-3
3.5997490E-1 6.0210250E-3
3.6993890E-1 6.3926500E-3
3.7995960E-1 6.8386250E-3
3.8993450E-1 7.3787660E-3
3.9993240E-1 8.0502780E-3
4.0997600E-1 8.8797580E-3
4.1993950E-1 9.9097970E-3
4.2997170E-1 1.1216360E-2
4.3994710E-1 1.2836720E-2
4.5004750E-1 1.4845820E-2
4.5987460E-1 1.7330530E-2
4.6999790E-1 2.0401510E-2
4.7999570E-1 2.4055880E-2
4.8998210E-1 2.8509140E-2
4.9999140E-1 3.3553290E-2
