0.000E+0 -0.133235368
1.000E-2 -0.133232926
2.000E-2 -0.133230458
3.000E-2 -0.133227955
4.000E-2 -0.133225408
5.000E-2 -0.133222803
6.000E-2 -0.133220118
7.000E-2 -0.133217325
8.000E-2 -0.133214381
9.000E-2 -0.133211226
1.000E-1 -0.133207773
1.100E-1 -0.133203898
1.200E-1 -0.133199423
1.300E-1 -0.133194091
1.400E-1 -0.133187537
1.500E-1 -0.133179233
1.600E-1 -0.133168422
1.700E-1 -0.133154019
1.800E-1 -0.133134463
1.900E-1 -0.133107516
2.000E-1 -0.133069961
2.100E-1 -0.13301718
2.200E-1 -0.132942544
2.300E-1 -0.13283653
2.400E-1 -0.132685463
2.500E-1 -0.132469707
2.600E-1 -0.132161065
2.700E-1 -0.13171904
2.800E-1 -0.131085481
2.900E-1 -0.130176876
3.000E-1 -0.128873299
3.100E-1 -0.127002527
3.200E-1 -0.124317237
3.300E-1 -0.12046226
3.400E-1 -0.114927544
3.500E-1 -0.106980631
3.600E-1 -0.0955696652
3.700E-1 -0.0791841348
3.800E-1 -0.0556548886
3.900E-1 -0.0218669863
4.000E-1 0.0266526138
