0.000E+0 -0.227008617
1.000E-2 -0.227006436
2.000E-2 -0.227004224
3.000E-2 -0.227001976
4.000E-2 -0.226999679
5.000E-2 -0.226997319
6.000E-2 -0.226994874
7.000E-2 -0.226992313
8.000E-2 -0.226989592
9.000E-2 -0.226986647
1.000E-1 -0.226983388
1.100E-1 -0.226979688
1.200E-1 -0.226975361
1.300E-1 -0.226970144
1.400E-1 -0.226963659
1.500E-1 -0.226955366
1.600E-1 -0.226944491
1.700E-1 -0.226929922
1.800E-1 -0.226910067
1.900E-1 -0.226882642
2.000E-1 -0.226844371
2.100E-1 -0.22679055
2.200E-1 -0.226714431
2.300E-1 -0.22660633
2.400E-1 -0.226452344
2.500E-1 -0.226232515
2.600E-1 -0.225918191
2.700E-1 -0.225468239
2.800E-1 -0.224823597
2.900E-1 -0.223899468
3.000E-1 -0.222574094
3.100E-1 -0.220672643
3.200E-1 -0.217944071
3.300E-1 -0.214027896
3.400E-1 -0.208406477
3.500E-1 -0.200336499
3.600E-1 -0.188750577
3.700E-1 -0.172115978
3.800E-1 -0.148231748
3.900E-1 -0.113937453
4.000E-1 -0.064695014
4.100E-1 0.00601154259
