-9.0077400E-2 -4.1160290E-6
-5.9902190E-2 -2.7705430E-6
-3.0000690E-2 -1.3707270E-6
-2.3442510E-4 2.2726300E-8
9.9978450E-3 5.0820430E-7
2.0069900E-2 1.0081990E-6
3.0053140E-2 1.5286990E-6
3.9948460E-2 2.0219760E-6
5.0025940E-2 2.5865720E-6
5.9886930E-2 3.0707830E-6
7.0078370E-2 3.6865400E-6
7.9961780E-2 4.2935480E-6
8.9993950E-2 5.0684900E-6
9.9991320E-2 5.8070420E-6
1.1008020E-1 6.7026230E-6
1.2004380E-1 7.6549460E-6
1.2996200E-1 8.8671200E-6
1.3990260E-1 1.0343720E-5
1.5009400E-1 1.2063220E-5
1.5986350E-1 1.4344490E-5
1.6997530E-1 1.7312950E-5
1.7985920E-1 2.1347810E-5
1.9006200E-1 2.6420090E-5
1.9993400E-1 3.3037780E-5
2.1004580E-1 4.1933830E-5
2.1995500E-1 5.3687590E-5
2.3007820E-1 7.2532230E-5
2.3982520E-1 9.3698140E-5
2.4990270E-1 1.2304960E-4
2.5994630E-1 1.6434960E-4
2.6998950E-1 2.2830560E-4
2.7995300E-1 3.0176040E-4
2.8993940E-1 4.0878520E-4
2.9993720E-1 5.3161170E-4
3.0993510E-1 7.3555340E-4
3.1997820E-1 9.8573580E-4
3.2988500E-1 1.3414600E-3
3.3993960E-1 1.7481390E-3
3.4993740E-1 2.3260530E-3
3.6001490E-1 3.0228180E-3
3.6996700E-1 3.9808710E-3
3.7999920E-1 4.9504540E-3
3.8990550E-1 6.1649270E-3
3.9983510E-1 7.3593500E-3
4.1000370E-1 9.0272050E-3
4.1992140E-1 1.0687840E-2
4.3002180E-1 1.2625070E-2
4.3995140E-1 1.4627750E-2
4.4997170E-1 1.7018570E-2
4.5995810E-1 1.9128440E-2
4.6999030E-1 2.1521580E-2
4.8002200E-1 2.3662140E-2
4.8996310E-1 2.6428940E-2
5.0004050E-1 2.8979080E-2
5.1007220E-1 3.2044800E-2
