0.000E+0 -0.367107679
1.000E-2 -0.367106985
2.000E-2 -0.367106283
3.000E-2 -0.367105573
4.000E-2 -0.367104852
5.000E-2 -0.367104117
6.000E-2 -0.367103365
7.000E-2 -0.36710259
8.000E-2 -0.367101784
9.000E-2 -0.367100935
1.000E-1 -0.367100025
1.100E-1 -0.36709903
1.200E-1 -0.367097915
1.300E-1 -0.367096626
1.400E-1 -0.367095089
1.500E-1 -0.367093195
1.600E-1 -0.367090784
1.700E-1 -0.367087627
1.800E-1 -0.367083388
1.900E-1 -0.367077582
2.000E-1 -0.367069503
2.100E-1 -0.367058126
2.200E-1 -0.367041963
2.300E-1 -0.367018851
2.400E-1 -0.366985648
2.500E-1 -0.366937791
2.600E-1 -0.366868649
2.700E-1 -0.366768589
2.800E-1 -0.366623615
2.900E-1 -0.366413394
3.000E-1 -0.366108382
3.100E-1 -0.365665656
3.200E-1 -0.365022853
3.300E-1 -0.364089362
3.400E-1 -0.362733535
3.500E-1 -0.360764096
3.600E-1 -0.357903139
3.700E-1 -0.353746897
3.800E-1 -0.347708748
3.900E-1 -0.338936437
4.000E-1 -0.326191835
4.100E-1 -0.307676344
4.200E-1 -0.280777425
4.300E-1 -0.241700753
4.400E-1 -0.18493669
4.500E-1 -0.102487048
4.600E-1 0.0172542989
