0.000E+0 0
1.000E-2 5.00339132E-15
2.000E-2 1.21068687E-14
3.000E-2 2.22272555E-14
4.000E-2 3.66716751E-14
5.000E-2 5.73243822E-14
6.000E-2 8.68709458E-14
7.000E-2 1.29156088E-13
8.000E-2 1.89669943E-13
9.000E-2 2.76222652E-13
1.000E-1 4.00095315E-13
1.100E-1 5.77366424E-13
1.200E-1 8.31168031E-13
1.300E-1 1.19477837E-12
1.400E-1 1.71620148E-12
1.500E-1 2.46493819E-12
1.600E-1 3.5414309E-12
1.700E-1 5.09126569E-12
1.800E-1 7.33042215E-12
1.900E-1 1.05717057E-11
2.000E-1 1.52745024E-11
2.100E-1 2.2117358E-11
2.200E-1 3.20934511E-11
2.300E-1 4.66673718E-11
2.400E-1 6.79986729E-11
2.500E-1 9.92735692E-11
2.600E-1 1.4519591E-10
2.700E-1 2.12713568E-10
2.800E-1 3.12093289E-10
2.900E-1 4.58511371E-10
3.000E-1 6.74407951E-10
3.100E-1 9.92971808E-10
3.200E-1 1.46329889E-9
3.300E-1 2.15802892E-9
3.400E-1 3.1846511E-9
3.500E-1 4.70224242E-9
3.600E-1 6.94624995E-9
3.700E-1 1.0265184E-8
3.800E-1 1.51749479E-8
3.900E-1 2.24392831E-8
4.000E-1 3.31863995E-8
4.100E-1 4.90978011E-8
4.200E-1 7.26445321E-8
4.300E-1 1.0749886E-7
4.400E-1 1.59094446E-7
4.500E-1 2.35476814E-7
