3.744E-10 -2.410E-4
8.671E-3 -2.395E-4
1.873E-2 -2.378E-4
2.849E-2 -2.360E-4
3.848E-2 -2.344E-4
4.815E-2 -2.326E-4
5.898E-2 -2.303E-4
6.915E-2 -2.284E-4
7.906E-2 -2.264E-4
8.883E-2 -2.244E-4
9.874E-2 -2.223E-4
1.098E-1 -2.196E-4
1.196E-1 -2.173E-4
1.292E-1 -2.148E-4
1.391E-1 -2.121E-4
1.491E-1 -2.096E-4
1.603E-1 -2.066E-4
1.701E-1 -2.033E-4
1.798E-1 -1.999E-4
1.897E-1 -1.965E-4
1.995E-1 -1.931E-4
2.092E-1 -1.888E-4
2.207E-1 -1.839E-4
2.305E-1 -1.797E-4
2.403E-1 -1.749E-4
2.500E-1 -1.697E-4
2.597E-1 -1.647E-4
2.711E-1 -1.579E-4
2.807E-1 -1.521E-4
2.907E-1 -1.461E-4
3.005E-1 -1.390E-4
3.104E-1 -1.322E-4
3.215E-1 -1.240E-4
3.312E-1 -1.160E-4
3.410E-1 -1.078E-4
3.509E-1 -9.976E-5
3.608E-1 -9.131E-5
3.718E-1 -8.079E-5
3.816E-1 -7.174E-5
3.915E-1 -6.082E-5
4.012E-1 -5.071E-5
4.211E-1 -2.883E-5
4.422E-1 -4.226E-6
4.618E-1 2.198E-5
4.829E-1 5.136E-5
5.024E-1 7.893E-5
5.529E-1 1.558E-4
6.036E-1 2.407E-4
6.540E-1 3.236E-4
7.044E-1 4.024E-4
7.548E-1 4.789E-4
8.053E-1 5.520E-4
8.559E-1 6.228E-4
9.064E-1 6.883E-4
9.568E-1 7.536E-4
1.006E+0 8.134E-4
