0.000E+0 -0.296502597
1.000E-2 -0.29650233
2.000E-2 -0.296502051
3.000E-2 -0.296501756
4.000E-2 -0.296501438
5.000E-2 -0.296501087
6.000E-2 -0.296500692
7.000E-2 -0.296500232
8.000E-2 -0.296499681
9.000E-2 -0.296499001
1.000E-1 -0.296498135
1.100E-1 -0.296497004
1.200E-1 -0.296495494
1.300E-1 -0.29649344
1.400E-1 -0.296490607
1.500E-1 -0.296486657
1.600E-1 -0.296481103
1.700E-1 -0.296473249
1.800E-1 -0.296462093
1.900E-1 -0.296446198
2.000E-1 -0.296423498
2.100E-1 -0.296391031
2.200E-1 -0.296344539
2.300E-1 -0.296277909
2.400E-1 -0.296182363
2.500E-1 -0.296045297
2.600E-1 -0.295848607
2.700E-1 -0.2955663
2.800E-1 -0.295161043
2.900E-1 -0.294579232
3.000E-1 -0.293743885
3.100E-1 -0.292544463
3.200E-1 -0.290822237
3.300E-1 -0.288349298
3.400E-1 -0.284798428
3.500E-1 -0.279699874
3.600E-1 -0.272379358
3.700E-1 -0.261869218
3.800E-1 -0.24678111
3.900E-1 -0.225123782
4.000E-1 -0.194042421
4.100E-1 -0.149446141
4.200E-1 -0.0854760839
4.300E-1 0.0062531353
