0.000E+0 0
1.000E-2 2.2751769E-13
2.000E-2 5.49117217E-13
3.000E-2 1.00388004E-12
4.000E-2 1.64711898E-12
5.000E-2 2.55711956E-12
6.000E-2 3.84468461E-12
7.000E-2 5.66665126E-12
8.000E-2 8.24503956E-12
9.000E-2 1.18941882E-11
1.000E-1 1.70592224E-11
1.100E-1 2.43706058E-11
1.200E-1 3.47215273E-11
1.300E-1 4.93777133E-11
1.400E-1 7.01332916E-11
1.500E-1 9.95320561E-11
1.600E-1 1.41181625E-10
1.700E-1 2.0019953E-10
1.800E-1 2.83846669E-10
1.900E-1 4.02426875E-10
2.000E-1 5.70564417E-10
2.100E-1 8.09018253E-10
2.200E-1 1.14725863E-9
2.300E-1 1.6271264E-9
2.400E-1 2.30803026E-9
2.500E-1 3.27432814E-9
2.600E-1 4.64581121E-9
2.700E-1 6.5925944E-9
2.800E-1 9.35626626E-9
2.900E-1 1.3279929E-8
3.000E-1 1.88508671E-8
3.100E-1 2.67611517E-8
3.200E-1 3.79937225E-8
3.300E-1 5.39446457E-8
3.400E-1 7.65968216E-8
3.500E-1 1.0876659E-7
3.600E-1 1.54454117E-7
3.700E-1 2.19340973E-7
3.800E-1 3.11496821E-7
3.900E-1 4.42383002E-7
4.000E-1 6.28277617E-7
4.100E-1 8.92298903E-7
4.200E-1 1.2672774E-6
4.300E-1 1.79983254E-6
4.400E-1 2.55615502E-6
4.500E-1 3.63020681E-6
