-9.0065960E-2 -4.3169280E-6
-5.9959410E-2 -2.8954310E-6
-3.0126090E-2 -1.4505400E-6
-3.6868450E-4 -1.0008430E-8
1.0040220E-2 5.0140060E-7
2.0264240E-2 1.0274180E-6
3.0042170E-2 1.5462590E-6
3.9982800E-2 2.0767490E-6
4.9992080E-2 2.6251160E-6
5.9932710E-2 3.1430540E-6
6.9964890E-2 3.7993830E-6
8.0064770E-2 4.4449990E-6
9.0005870E-2 5.2457420E-6
1.0000320E-1 5.9765610E-6
1.1000110E-1 6.8839960E-6
1.1993030E-1 7.7968220E-6
1.2995100E-1 9.0780380E-6
1.3998270E-1 1.0613500E-5
1.5000340E-1 1.2237770E-5
1.6012620E-1 1.4638500E-5
1.6998720E-1 1.7497920E-5
1.7989350E-1 2.1736910E-5
1.8987990E-1 2.6573760E-5
1.9998030E-1 3.3195510E-5
2.0994380E-1 4.1271600E-5
2.2005750E-1 5.3797190E-5
2.2992990E-1 7.0709050E-5
2.3992780E-1 9.2515770E-5
2.4993710E-1 1.2003420E-4
2.5993490E-1 1.6200680E-4
2.6993230E-1 2.1702680E-4
2.7981620E-1 2.9770700E-4
2.8985980E-1 3.9914720E-4
3.0002830E-1 5.3907490E-4
3.0995750E-1 7.2425140E-4
3.1997820E-1 9.7822050E-4
3.2993030E-1 1.3230330E-3
3.3995100E-1 1.7702750E-3
3.4989170E-1 2.2772610E-3
3.5994630E-1 2.9981320E-3
3.6987590E-1 3.8473010E-3
3.7999920E-1 4.9434430E-3
3.8997410E-1 6.1343310E-3
4.0001730E-1 7.5212570E-3
4.0995790E-1 9.0731590E-3
4.1995570E-1 1.0923040E-2
4.3002180E-1 1.2677210E-2
4.3992850E-1 1.4807340E-2
4.4994930E-1 1.6995980E-2
4.5994660E-1 1.9434900E-2
4.7000170E-1 2.1838460E-2
4.8005630E-1 2.4338780E-2
4.8991730E-1 2.6965960E-2
4.9999480E-1 2.9703800E-2
5.0995830E-1 3.2674510E-2
