-9.0022560E-2 -6.4528490E-6
-6.0074810E-2 -4.6716070E-6
-3.0035970E-2 -2.5973480E-6
1.0007620E-4 -9.0103600E-8
9.9380020E-3 8.2750900E-7
1.9984390E-2 1.9311790E-6
3.0099870E-2 2.9285350E-6
3.9937970E-2 4.2263250E-6
4.9912930E-2 5.5333090E-6
5.9922700E-2 7.1712880E-6
7.0045950E-2 8.7837180E-6
7.9952720E-2 1.0517480E-5
8.9950560E-2 1.2868990E-5
1.0000560E-1 1.5212380E-5
1.0996910E-1 1.7990690E-5
1.2009240E-1 2.1010830E-5
1.3006780E-1 2.4721040E-5
1.4001990E-1 2.9292410E-5
1.4988090E-1 3.4444270E-5
1.6001560E-1 4.0601660E-5
1.7005920E-1 4.7182970E-5
1.7992070E-1 5.6766450E-5
1.9005540E-1 6.7716160E-5
2.0003030E-1 8.3401930E-5
2.0999380E-1 9.8384290E-5
2.1993780E-1 1.1750870E-4
2.2993560E-1 1.4080950E-4
2.4003650E-1 1.7525000E-4
2.5005720E-1 2.0618780E-4
2.5996400E-1 2.4848620E-4
2.6987080E-1 2.8629020E-4
2.7999400E-1 3.4245970E-4
2.8988930E-1 3.9760860E-4
2.9997870E-1 4.7147690E-4
3.0983970E-1 5.3740640E-4
3.2003160E-1 6.1510780E-4
3.2993840E-1 6.8806550E-4
3.3989100E-1 7.7426270E-4
3.4992310E-1 8.6458870E-4
3.5996680E-1 9.5899730E-4
3.6995320E-1 1.0418950E-3
3.7998530E-1 1.1492740E-3
3.8991500E-1 1.2460500E-3
4.0001580E-1 1.3640360E-3
4.0989970E-1 1.4663730E-3
4.1993190E-1 1.5774050E-3
4.2996410E-1 1.6803800E-3
4.3997340E-1 1.7948300E-3
4.4996020E-1 1.9138010E-3
4.5999240E-1 2.0301620E-3
4.7000170E-1 2.1466410E-3
4.7996520E-1 2.2514130E-3
4.8992920E-1 2.3812780E-3
5.0008680E-1 2.5005380E-3
5.0991390E-1 2.6433240E-3
5.2003720E-1 2.7531960E-3
5.2995540E-1 2.8821340E-3
5.3997610E-1 2.9846450E-3
5.4997440E-1 3.1241290E-3
5.5999520E-1 3.2450130E-3
5.6995870E-1 3.3969540E-3
5.8010480E-1 3.5149400E-3
5.9003450E-1 3.6514680E-3
5.9997560E-1 3.7637740E-3
