0.000E+0 -0.298004215
1.000E-2 -0.297995415
2.000E-2 -0.297986143
3.000E-2 -0.297976216
4.000E-2 -0.297965389
5.000E-2 -0.297953322
6.000E-2 -0.297939533
7.000E-2 -0.297923349
8.000E-2 -0.297903818
9.000E-2 -0.297879606
1.000E-1 -0.297848835
1.100E-1 -0.297808859
1.200E-1 -0.297755955
1.300E-1 -0.297684878
1.400E-1 -0.297588237
1.500E-1 -0.297455615
1.600E-1 -0.297272322
1.700E-1 -0.297017641
1.800E-1 -0.296662344
1.900E-1 -0.296165189
2.000E-1 -0.295467966
2.100E-1 -0.294488507
2.200E-1 -0.29311081
2.300E-1 -0.291171096
2.400E-1 -0.288438102
2.500E-1 -0.284585281
2.600E-1 -0.279151522
2.700E-1 -0.271485727
2.800E-1 -0.260668589
2.900E-1 -0.245402269
3.000E-1 -0.223854891
3.100E-1 -0.193441569
3.200E-1 -0.150516439
3.300E-1 -0.0899403599
3.400E-1 -0.00447563091
3.500E-1 0.116058501
