5.000E-2 1.539E-1
5.200E-2 2.481E-1
5.400E-2 3.393E-1
5.600E-2 4.139E-1
5.800E-2 4.585E-1
6.000E-2 4.604E-1
6.200E-2 4.155E-1
6.400E-2 3.242E-1
6.600E-2 1.866E-1
6.800E-2 3.033E-3
7.000E-2 -2.253E-1
7.200E-2 -4.884E-1
7.400E-2 -7.719E-1
7.600E-2 -1.061E+0
7.800E-2 -1.342E+0
8.000E-2 -1.600E+0
8.200E-2 -1.820E+0
8.400E-2 -1.987E+0
8.600E-2 -2.086E+0
8.800E-2 -2.101E+0
9.000E-2 -2.018E+0
9.200E-2 -1.835E+0
9.400E-2 -1.569E+0
9.600E-2 -1.243E+0
9.800E-2 -8.779E-1
1.000E-1 -4.937E-1
1.020E-1 -1.112E-1
1.040E-1 2.498E-1
1.060E-1 5.694E-1
1.080E-1 8.279E-1
1.100E-1 1.007E+0
1.120E-1 1.109E+0
1.140E-1 1.144E+0
1.160E-1 1.121E+0
1.180E-1 1.053E+0
1.200E-1 9.491E-1
1.220E-1 8.180E-1
1.240E-1 6.667E-1
1.260E-1 5.022E-1
1.280E-1 3.316E-1
1.300E-1 1.618E-1
1.320E-1 -1.644E-3
1.340E-1 -1.541E-1
1.360E-1 -2.910E-1
1.380E-1 -4.077E-1
1.400E-1 -4.998E-1
1.420E-1 -5.677E-1
1.440E-1 -6.150E-1
1.460E-1 -6.456E-1
1.480E-1 -6.634E-1
1.500E-1 -6.721E-1
1.520E-1 -6.752E-1
1.540E-1 -6.757E-1
1.560E-1 -6.766E-1
1.580E-1 -6.811E-1
1.600E-1 -6.919E-1
1.620E-1 -7.094E-1
1.640E-1 -7.316E-1
1.660E-1 -7.565E-1
1.680E-1 -7.823E-1
1.700E-1 -8.071E-1
1.720E-1 -8.315E-1
1.740E-1 -8.573E-1
1.760E-1 -8.866E-1
1.780E-1 -9.213E-1
1.800E-1 -9.629E-1
1.820E-1 -1.007E+0
1.840E-1 -1.046E+0
1.860E-1 -1.072E+0
1.880E-1 -1.077E+0
1.900E-1 -1.052E+0
1.920E-1 -9.901E-1
1.940E-1 -8.849E-1
1.960E-1 -7.294E-1
1.980E-1 -5.168E-1
2.000E-1 -2.414E-1
2.020E-1 8.762E-2
2.040E-1 4.515E-1
2.060E-1 8.310E-1
2.080E-1 1.207E+0
2.100E-1 1.561E+0
2.120E-1 1.871E+0
2.140E-1 2.117E+0
2.160E-1 2.277E+0
2.180E-1 2.330E+0
2.200E-1 2.255E+0
2.220E-1 2.047E+0
2.240E-1 1.736E+0
2.260E-1 1.356E+0
2.280E-1 9.413E-1
2.300E-1 5.237E-1
2.320E-1 1.315E-1
2.340E-1 -2.105E-1
2.360E-1 -4.778E-1
2.380E-1 -6.456E-1
2.400E-1 -6.919E-1
2.420E-1 -6.236E-1
2.440E-1 -4.640E-1
2.460E-1 -2.370E-1
2.480E-1 3.372E-2
2.500E-1 3.251E-1
2.520E-1 6.208E-1
2.540E-1 9.087E-1
2.560E-1 1.177E+0
2.580E-1 1.412E+0
2.600E-1 1.604E+0
2.620E-1 1.750E+0
2.640E-1 1.850E+0
2.660E-1 1.907E+0
2.680E-1 1.923E+0
2.700E-1 1.901E+0
2.720E-1 1.845E+0
2.740E-1 1.762E+0
2.760E-1 1.657E+0
2.780E-1 1.538E+0
2.800E-1 1.410E+0
2.820E-1 1.280E+0
2.840E-1 1.152E+0
2.860E-1 1.034E+0
2.880E-1 9.306E-1
2.900E-1 8.479E-1
2.920E-1 7.876E-1
2.940E-1 7.484E-1
2.960E-1 7.290E-1
2.980E-1 7.281E-1
3.000E-1 7.441E-1
3.020E-1 7.713E-1
3.040E-1 8.010E-1
3.060E-1 8.243E-1
3.080E-1 8.322E-1
3.100E-1 8.164E-1
3.120E-1 7.728E-1
3.140E-1 7.000E-1
3.160E-1 5.966E-1
3.180E-1 4.613E-1
3.200E-1 2.932E-1
3.220E-1 9.731E-2
3.240E-1 -1.181E-1
3.260E-1 -3.446E-1
3.280E-1 -5.738E-1
3.300E-1 -7.976E-1
3.320E-1 -1.009E+0
3.340E-1 -1.204E+0
3.360E-1 -1.375E+0
3.380E-1 -1.519E+0
3.400E-1 -1.628E+0
3.420E-1 -1.707E+0
3.440E-1 -1.762E+0
3.460E-1 -1.798E+0
3.480E-1 -1.823E+0
3.500E-1 -1.843E+0
3.520E-1 -1.864E+0
3.540E-1 -1.894E+0
3.560E-1 -1.940E+0
3.580E-1 -2.008E+0
3.600E-1 -2.104E+0
3.620E-1 -2.216E+0
3.640E-1 -2.329E+0
3.660E-1 -2.426E+0
3.680E-1 -2.492E+0
3.700E-1 -2.510E+0
3.720E-1 -2.469E+0
3.740E-1 -2.357E+0
3.760E-1 -2.162E+0
3.780E-1 -1.875E+0
3.800E-1 -1.487E+0
3.820E-1 -1.020E+0
3.840E-1 -5.030E-1
3.860E-1 3.231E-2
3.880E-1 5.554E-1
3.900E-1 1.036E+0
3.920E-1 1.448E+0
3.940E-1 1.766E+0
3.960E-1 1.965E+0
3.980E-1 2.018E+0
4.000E-1 1.904E+0
4.020E-1 1.640E+0
4.040E-1 1.265E+0
4.060E-1 8.182E-1
4.080E-1 3.388E-1
4.100E-1 -1.361E-1
4.120E-1 -5.766E-1
4.140E-1 -9.543E-1
4.160E-1 -1.241E+0
4.180E-1 -1.408E+0
4.200E-1 -1.441E+0
4.220E-1 -1.361E+0
4.240E-1 -1.190E+0
4.260E-1 -9.518E-1
4.280E-1 -6.699E-1
4.300E-1 -3.636E-1
4.320E-1 -4.572E-2
4.340E-1 2.712E-1
4.360E-1 5.748E-1
4.380E-1 8.530E-1
4.400E-1 1.100E+0
4.420E-1 1.314E+0
4.440E-1 1.496E+0
4.460E-1 1.645E+0
4.480E-1 1.759E+0
4.500E-1 1.841E+0
4.520E-1 1.891E+0
4.540E-1 1.909E+0
4.560E-1 1.898E+0
4.580E-1 1.858E+0
4.600E-1 1.791E+0
4.620E-1 1.702E+0
4.640E-1 1.592E+0
4.660E-1 1.465E+0
4.680E-1 1.323E+0
4.700E-1 1.167E+0
4.720E-1 9.988E-1
4.740E-1 8.179E-1
4.760E-1 6.257E-1
4.780E-1 4.230E-1
4.800E-1 2.110E-1
4.820E-1 -9.277E-3
4.840E-1 -2.366E-1
4.860E-1 -4.698E-1
4.880E-1 -7.054E-1
4.900E-1 -9.387E-1
4.920E-1 -1.165E+0
4.940E-1 -1.380E+0
4.960E-1 -1.579E+0
4.980E-1 -1.752E+0
5.000E-1 -1.893E+0
5.020E-1 -1.992E+0
5.040E-1 -2.042E+0
5.060E-1 -2.039E+0
5.080E-1 -1.984E+0
5.100E-1 -1.876E+0
5.120E-1 -1.718E+0
5.140E-1 -1.511E+0
5.160E-1 -1.266E+0
5.180E-1 -9.926E-1
5.200E-1 -7.032E-1
