-9.0113160E-2 -2.0080190E-4
-5.9971810E-2 -1.9941600E-4
-3.0024050E-2 -1.9804750E-4
-1.9791720E-4 -1.9609320E-4
1.0358450E-2 -1.9574530E-4
2.0172720E-2 -1.9515380E-4
3.0065540E-2 -1.9452170E-4
4.0017600E-2 -1.9384330E-4
5.0061230E-2 -1.9314730E-4
5.9956550E-2 -1.9250370E-4
6.9977280E-2 -1.9181360E-4
8.0100540E-2 -1.9085680E-4
9.0064050E-2 -1.9011450E-4
1.0005040E-1 -1.8898370E-4
1.1000300E-1 -1.8790520E-4
1.2000080E-1 -1.8673380E-4
1.2997580E-1 -1.8540000E-4
1.3995080E-1 -1.8357920E-4
1.5001680E-1 -1.8153790E-4
1.6003750E-1 -1.7859220E-4
1.6999010E-1 -1.7506640E-4
1.7998790E-1 -1.7061280E-4
1.8995140E-1 -1.6567220E-4
1.9997220E-1 -1.5793640E-4
2.0997000E-1 -1.4837400E-4
2.2002700E-1 -1.3445670E-4
2.2993370E-1 -1.1694410E-4
2.3994300E-1 -9.2380210E-5
2.4991800E-1 -6.3366370E-5
2.5992730E-1 -1.7308880E-5
2.6991420E-1 4.1198630E-5
2.7985480E-1 1.2596280E-4
2.9001240E-1 2.3084950E-4
2.9987340E-1 3.8402990E-4
3.1001950E-1 5.8967990E-4
3.2001730E-1 8.8022160E-4
3.2996990E-1 1.2207740E-3
3.3991100E-1 1.6610700E-3
3.4997700E-1 2.2517420E-3
3.5995240E-1 3.0007880E-3
3.6984780E-1 3.8903040E-3
3.7995960E-1 4.9481020E-3
3.8993450E-1 6.1069060E-3
3.9997820E-1 7.5795590E-3
4.0997600E-1 9.1832930E-3
4.1992860E-1 1.0936540E-2
4.3001750E-1 1.2895230E-2
4.3996950E-1 1.5031190E-2
4.4984250E-1 1.7223920E-2
4.5988560E-1 1.9541220E-2
4.7007750E-1 2.1794780E-2
4.7996140E-1 2.4448080E-2
4.9005030E-1 2.7085160E-2
5.0002570E-1 3.0061140E-2
