5.000E-2 1.030E+1
5.200E-2 8.427E+0
5.400E-2 7.156E+0
5.600E-2 6.569E+0
5.800E-2 6.746E+0
6.000E-2 7.757E+0
6.200E-2 9.481E+0
6.400E-2 1.160E+1
6.600E-2 1.380E+1
6.800E-2 1.574E+1
7.000E-2 1.712E+1
7.200E-2 1.785E+1
7.400E-2 1.807E+1
7.600E-2 1.792E+1
7.800E-2 1.756E+1
8.000E-2 1.714E+1
8.200E-2 1.676E+1
8.400E-2 1.646E+1
8.600E-2 1.620E+1
8.800E-2 1.598E+1
9.000E-2 1.577E+1
9.200E-2 1.555E+1
9.400E-2 1.523E+1
9.600E-2 1.464E+1
9.800E-2 1.360E+1
1.000E-1 1.195E+1
1.020E-1 9.742E+0
1.040E-1 7.240E+0
1.060E-1 4.719E+0
1.080E-1 2.455E+0
1.100E-1 7.154E-1
1.120E-1 -4.166E-1
1.140E-1 -1.040E+0
1.160E-1 -1.261E+0
1.180E-1 -1.188E+0
1.200E-1 -9.283E-1
1.220E-1 -5.830E-1
1.240E-1 -1.374E-1
1.260E-1 5.407E-1
1.280E-1 1.589E+0
1.300E-1 3.139E+0
1.320E-1 5.198E+0
1.340E-1 7.650E+0
1.360E-1 1.037E+1
1.380E-1 1.324E+1
1.400E-1 1.614E+1
1.420E-1 1.892E+1
1.440E-1 2.133E+1
1.460E-1 2.313E+1
1.480E-1 2.405E+1
1.500E-1 2.383E+1
1.520E-1 2.242E+1
1.540E-1 1.995E+1
1.560E-1 1.658E+1
1.580E-1 1.245E+1
1.600E-1 7.704E+0
1.620E-1 2.504E+0
1.640E-1 -2.865E+0
1.660E-1 -7.975E+0
1.680E-1 -1.239E+1
1.700E-1 -1.569E+1
1.720E-1 -1.744E+1
1.740E-1 -1.756E+1
1.760E-1 -1.627E+1
1.780E-1 -1.381E+1
1.800E-1 -1.042E+1
1.820E-1 -6.377E+0
1.840E-1 -2.124E+0
1.860E-1 1.868E+0
1.880E-1 5.129E+0
1.900E-1 7.183E+0
1.920E-1 7.681E+0
1.940E-1 6.763E+0
1.960E-1 4.692E+0
1.980E-1 1.731E+0
2.000E-1 -1.858E+0
2.020E-1 -5.808E+0
2.040E-1 -9.773E+0
2.060E-1 -1.333E+1
2.080E-1 -1.604E+1
2.100E-1 -1.749E+1
2.120E-1 -1.751E+1
2.140E-1 -1.614E+1
2.160E-1 -1.347E+1
2.180E-1 -9.564E+0
2.200E-1 -4.496E+0
2.220E-1 1.652E+0
2.240E-1 8.508E+0
2.260E-1 1.542E+1
2.280E-1 2.172E+1
2.300E-1 2.674E+1
2.320E-1 2.992E+1
2.340E-1 3.115E+1
2.360E-1 3.039E+1
2.380E-1 2.764E+1
2.400E-1 2.288E+1
2.420E-1 1.623E+1
2.440E-1 8.329E+0
2.460E-1 -4.223E-2
2.480E-1 -8.107E+0
2.500E-1 -1.510E+1
2.520E-1 -2.057E+1
2.540E-1 -2.437E+1
2.560E-1 -2.636E+1
2.580E-1 -2.642E+1
2.600E-1 -2.441E+1
2.620E-1 -2.036E+1
2.640E-1 -1.497E+1
2.660E-1 -9.119E+0
2.680E-1 -3.661E+0
2.700E-1 5.338E-1
2.720E-1 2.789E+0
2.740E-1 3.186E+0
2.760E-1 1.994E+0
2.780E-1 -5.179E-1
2.800E-1 -4.079E+0
2.820E-1 -8.409E+0
2.840E-1 -1.298E+1
2.860E-1 -1.702E+1
2.880E-1 -1.975E+1
2.900E-1 -2.040E+1
2.920E-1 -1.896E+1
2.940E-1 -1.612E+1
2.960E-1 -1.259E+1
2.980E-1 -9.107E+0
3.000E-1 -6.387E+0
3.020E-1 -5.001E+0
3.040E-1 -4.901E+0
3.060E-1 -5.884E+0
3.080E-1 -7.749E+0
3.100E-1 -1.029E+1
3.120E-1 -1.331E+1
3.140E-1 -1.648E+1
3.160E-1 -1.939E+1
3.180E-1 -2.162E+1
3.200E-1 -2.274E+1
3.220E-1 -2.235E+1
3.240E-1 -2.051E+1
3.260E-1 -1.773E+1
3.280E-1 -1.456E+1
3.300E-1 -1.151E+1
3.320E-1 -9.122E+0
3.340E-1 -7.598E+0
3.360E-1 -6.831E+0
3.380E-1 -6.699E+0
3.400E-1 -7.080E+0
3.420E-1 -7.811E+0
3.440E-1 -8.694E+0
3.460E-1 -9.527E+0
3.480E-1 -1.011E+1
3.500E-1 -1.024E+1
3.520E-1 -9.725E+0
3.540E-1 -8.581E+0
3.560E-1 -7.032E+0
3.580E-1 -5.308E+0
3.600E-1 -3.642E+0
3.620E-1 -2.261E+0
3.640E-1 -1.262E+0
3.660E-1 -6.183E-1
3.680E-1 -2.940E-1
3.700E-1 -2.550E-1
3.720E-1 -4.664E-1
3.740E-1 -8.789E-1
3.760E-1 -1.429E+0
3.780E-1 -2.052E+0
3.800E-1 -2.686E+0
3.820E-1 -3.299E+0
3.840E-1 -3.891E+0
3.860E-1 -4.465E+0
3.880E-1 -5.021E+0
3.900E-1 -5.562E+0
3.920E-1 -6.085E+0
3.940E-1 -6.569E+0
3.960E-1 -6.988E+0
3.980E-1 -7.318E+0
4.000E-1 -7.533E+0
4.020E-1 -7.632E+0
4.040E-1 -7.632E+0
4.060E-1 -7.551E+0
4.080E-1 -7.408E+0
4.100E-1 -7.222E+0
4.120E-1 -7.012E+0
4.140E-1 -6.789E+0
4.160E-1 -6.556E+0
4.180E-1 -6.316E+0
