-9.0054510E-2 -1.9983020E-4
-5.9993270E-2 -1.9856030E-4
-3.0045990E-2 -1.9697130E-4
-1.6510490E-5 -1.9562610E-4
9.9813340E-3 -1.9506940E-4
1.9962700E-2 -1.9468670E-4
3.0007840E-2 -1.9418220E-4
4.0073870E-2 -1.9387480E-4
5.0060270E-2 -1.9338190E-4
5.9978010E-2 -1.9266280E-4
7.0044520E-2 -1.9201350E-4
7.9996590E-2 -1.9111460E-4
8.9982510E-2 -1.9020990E-4
9.9946020E-2 -1.8942130E-4
1.1001210E-1 -1.8845870E-4
1.1998700E-1 -1.8718300E-4
1.2998490E-1 -1.8583760E-4
1.4001660E-1 -1.8401110E-4
1.5000300E-1 -1.8175530E-4
1.5997790E-1 -1.7869360E-4
1.6994140E-1 -1.7465760E-4
1.7995020E-1 -1.6917180E-4
1.8997100E-1 -1.6307740E-4
1.9999120E-1 -1.5459370E-4
2.1003480E-1 -1.4517640E-4
2.2005750E-1 -1.3033140E-4
2.3005530E-1 -1.1282480E-4
2.3977950E-1 -8.9696160E-5
2.4997090E-1 -6.0003760E-5
2.5988910E-1 -2.6507890E-5
2.7013730E-1 1.3222990E-5
2.7991870E-1 5.9352520E-5
2.9000760E-1 1.1942510E-4
2.9991390E-1 1.7697360E-4
3.0999180E-1 2.4553410E-4
3.1993250E-1 3.1210550E-4
3.2995320E-1 3.9237410E-4
3.3993910E-1 4.7525790E-4
3.4994840E-1 5.6628320E-4
3.5996910E-1 6.5685650E-4
3.6993270E-1 7.4682060E-4
3.8002160E-1 8.4678220E-4
3.8992790E-1 9.4799070E-4
3.9994860E-1 1.0550250E-3
4.1000320E-1 1.1632700E-3
4.1998960E-1 1.2630580E-3
4.3005610E-1 1.3737960E-3
4.3995090E-1 1.4871410E-3
4.4991450E-1 1.5999660E-3
4.5987800E-1 1.7130800E-3
4.6993300E-1 1.8194150E-3
4.8003340E-1 1.9398890E-3
4.8997400E-1 2.0589140E-3
5.0002860E-1 2.1907450E-3
5.0998120E-1 2.2995140E-3
5.2003570E-1 2.4189450E-3
5.2995350E-1 2.5228450E-3
5.4009960E-1 2.6568190E-3
5.5004020E-1 2.7725420E-3
5.6003810E-1 2.9112700E-3
5.7005880E-1 3.0252520E-3
5.8002230E-1 3.1503630E-3
5.9006550E-1 3.2546690E-3
5.9994940E-1 3.3849940E-3
