0.000E+0 0
1.000E-2 5.48789241E-13
2.000E-2 1.32557338E-12
3.000E-2 2.42546176E-12
4.000E-2 3.98323467E-12
5.000E-2 6.18989047E-12
6.000E-2 9.31609844E-12
7.000E-2 1.3745443E-11
8.000E-2 2.0021554E-11
9.000E-2 2.89149339E-11
1.000E-1 4.15177279E-11
1.100E-1 5.93781434E-11
1.200E-1 8.46911304E-11
1.300E-1 1.20568891E-10
1.400E-1 1.71424647E-10
1.500E-1 2.43517025E-10
1.600E-1 3.45722133E-10
1.700E-1 4.90628124E-10
1.800E-1 6.96086025E-10
1.900E-1 9.87405039E-10
2.000E-1 1.40045608E-9
2.100E-1 1.98605105E-9
2.200E-1 2.81610554E-9
2.300E-1 3.99227749E-9
2.400E-1 5.65800899E-9
2.500E-1 8.01517548E-9
2.600E-1 1.13468328E-8
2.700E-1 1.60477505E-8
2.800E-1 2.26643126E-8
2.900E-1 3.19445081E-8
3.000E-1 4.48963026E-8
3.100E-1 6.2847338E-8
3.200E-1 8.74888227E-8
3.300E-1 1.20870181E-7
3.400E-1 1.65290001E-7
3.500E-1 2.23013075E-7
3.600E-1 2.95758287E-7
3.700E-1 3.83986454E-7
3.800E-1 4.8618874E-7
3.900E-1 5.9856166E-7
4.000E-1 7.15457224E-7
4.100E-1 8.30655602E-7
4.200E-1 9.38984334E-7
4.300E-1 1.03755882E-6
4.400E-1 1.1262048E-6
4.500E-1 1.20713739E-6
