1.500E-4 1.465E-8
1.127E-2 1.054E-6
1.985E-2 1.917E-6
3.135E-2 3.153E-6
3.993E-2 4.148E-6
5.073E-2 5.495E-6
5.944E-2 6.673E-6
7.112E-2 8.385E-6
7.989E-2 9.786E-6
8.989E-2 1.151E-5
1.004E-1 1.352E-5
1.107E-1 1.565E-5
1.197E-1 1.768E-5
1.306E-1 2.039E-5
1.398E-1 2.294E-5
1.506E-1 2.621E-5
1.607E-1 2.966E-5
1.708E-1 3.341E-5
1.804E-1 3.727E-5
1.907E-1 4.189E-5
2.012E-1 4.722E-5
2.112E-1 5.283E-5
2.189E-1 5.754E-5
2.312E-1 6.609E-5
2.387E-1 7.188E-5
2.511E-1 8.280E-5
2.612E-1 9.288E-5
2.698E-1 1.027E-4
2.798E-1 1.153E-4
2.915E-1 1.328E-4
2.998E-1 1.471E-4
3.097E-1 1.668E-4
3.201E-1 1.914E-4
3.315E-1 2.237E-4
3.404E-1 2.539E-4
3.512E-1 2.996E-4
3.609E-1 3.497E-4
3.709E-1 4.142E-4
3.800E-1 4.890E-4
3.908E-1 6.021E-4
4.003E-1 7.348E-4
4.106E-1 9.242E-4
4.203E-1 1.164E-3
4.315E-1 1.549E-3
4.409E-1 1.987E-3
4.506E-1 2.593E-3
4.611E-1 3.501E-3
4.701E-1 4.552E-3
4.800E-1 6.091E-3
4.906E-1 8.322E-3
5.005E-1 1.101E-2
5.114E-1 1.487E-2
5.197E-1 1.852E-2
5.300E-1 2.394E-2
