0.000E+0 0
1.000E-2 6.14965036E-14
2.000E-2 1.49473588E-13
3.000E-2 2.75456211E-13
4.000E-2 4.55982484E-13
5.000E-2 7.14783775E-13
6.000E-2 1.08591394E-12
7.000E-2 1.61824238E-12
8.000E-2 2.3819079E-12
9.000E-2 3.47759394E-12
1.000E-1 5.04986588E-12
1.100E-1 7.30636165E-12
1.200E-1 1.05454217E-11
1.300E-1 1.5195894E-11
1.400E-1 2.1874511E-11
1.500E-1 3.14686334E-11
1.600E-1 4.525562E-11
1.700E-1 6.50750807E-11
1.800E-1 9.35774851E-11
1.900E-1 1.34583009E-10
2.000E-1 1.93599535E-10
2.100E-1 2.78570399E-10
2.200E-1 4.00953786E-10
2.300E-1 5.77280811E-10
2.400E-1 8.31404417E-10
2.500E-1 1.19774497E-9
2.600E-1 1.72597336E-9
2.700E-1 2.48776626E-9
2.800E-1 3.58654578E-9
2.900E-1 5.17151258E-9
3.000E-1 7.45784452E-9
3.100E-1 1.07557269E-8
3.200E-1 1.55119861E-8
3.300E-1 2.23696111E-8
3.400E-1 3.22525945E-8
3.500E-1 4.64851629E-8
3.600E-1 6.6960034E-8
3.700E-1 9.63689868E-8
3.800E-1 1.38514247E-7
3.900E-1 1.98713241E-7
4.000E-1 2.84294532E-7
4.100E-1 4.05143633E-7
4.200E-1 5.74175333E-7
4.300E-1 8.0746359E-7
4.400E-1 1.12354714E-6
4.500E-1 1.54122407E-6
