0.000E+0 0
1.000E-2 5.9628729E-13
2.000E-2 1.45786749E-12
3.000E-2 2.70408635E-12
4.000E-2 4.50767839E-12
5.000E-2 7.11636153E-12
6.000E-2 1.08937402E-11
7.000E-2 1.63607214E-11
8.000E-2 2.42693235E-11
9.000E-2 3.57047731E-11
1.000E-1 5.22316232E-11
1.100E-1 7.61028862E-11
1.200E-1 1.10568001E-10
1.300E-1 1.60309203E-10
1.400E-1 2.32077867E-10
1.500E-1 3.35616225E-10
1.600E-1 4.85008685E-10
1.700E-1 7.00592116E-10
1.800E-1 1.01186373E-9
1.900E-1 1.46161465E-9
2.000E-1 2.11204484E-9
2.100E-1 3.05371603E-9
2.200E-1 4.41868628E-9
2.300E-1 6.39978637E-9
2.400E-1 9.27891726E-9
2.500E-1 1.34685969E-8
2.600E-1 1.95729678E-8
2.700E-1 2.84773887E-8
2.800E-1 4.14800095E-8
2.900E-1 6.04850014E-8
3.000E-1 8.82863053E-8
3.100E-1 1.28984208E-7
3.200E-1 1.88596071E-7
3.300E-1 2.75955252E-7
3.400E-1 4.04021365E-7
3.500E-1 5.91804082E-7
3.600E-1 8.6716751E-7
3.700E-1 1.27085303E-6
3.800E-1 1.86279858E-6
3.900E-1 2.72942271E-6
4.000E-1 3.99752795E-6
4.100E-1 5.84962177E-6
4.200E-1 8.54764725E-6
4.300E-1 1.24631732E-5
4.400E-1 1.81151341E-5
4.500E-1 2.62121896E-5
4.600E-1 3.7692897E-5
4.700E-1 5.37454524E-5
4.800E-1 7.57944739E-5
4.900E-1 0.000105407046
5.000E-1 0.000144143299
5.100E-1 0.000193266243
5.200E-1 0.000253567094
5.300E-1 0.000325214538
5.400E-1 0.000407469074
5.500E-1 0.00049901058
5.600E-1 0.000598084766
5.700E-1 0.00070218932
5.800E-1 0.000808770508
5.900E-1 0.000915053828
6.000E-1 0.00101824477
6.100E-1 0.00111569395
6.200E-1 0.00120520898
