0.000E+0 0
1.000E-2 1.34646554E-13
2.000E-2 3.26850025E-13
3.000E-2 6.02125415E-13
4.000E-2 9.97143155E-13
5.000E-2 1.5645211E-12
6.000E-2 2.37959381E-12
7.000E-2 3.55016225E-12
8.000E-2 5.23019241E-12
9.000E-2 7.63949239E-12
1.000E-1 1.10912492E-11
1.100E-1 1.60320321E-11
1.200E-1 2.30986364E-11
1.300E-1 3.32001817E-11
1.400E-1 4.76370118E-11
1.500E-1 6.82740084E-11
1.600E-1 9.77944249E-11
1.700E-1 1.40073252E-10
1.800E-1 2.00728384E-10
1.900E-1 2.87936001E-10
2.000E-1 4.13638641E-10
2.100E-1 5.95336716E-10
2.200E-1 8.58746876E-10
2.300E-1 1.24174849E-9
2.400E-1 1.80024515E-9
2.500E-1 2.61687361E-9
2.600E-1 3.81394906E-9
2.700E-1 5.57271408E-9
2.800E-1 8.16196919E-9
2.900E-1 1.19806681E-8
3.000E-1 1.76212991E-8
3.100E-1 2.59642048E-8
3.200E-1 3.83179405E-8
3.300E-1 5.66281178E-8
3.400E-1 8.37880603E-8
3.500E-1 1.24100673E-7
3.600E-1 1.83964574E-7
3.700E-1 2.72866265E-7
3.800E-1 4.0501637E-7
3.900E-1 6.01259497E-7
4.000E-1 8.92809147E-7
4.100E-1 1.32574088E-6
4.200E-1 1.96765301E-6
4.300E-1 2.91806633E-6
4.400E-1 4.3217497E-6
4.500E-1 6.38721508E-6
