0.000E+0 0
1.000E-2 4.89031258E-12
2.000E-2 1.1743312E-11
3.000E-2 2.13547103E-11
4.000E-2 3.48427986E-11
5.000E-2 5.37792836E-11
6.000E-2 8.03732975E-11
7.000E-2 1.17730292E-10
8.000E-2 1.70216442E-10
9.000E-2 2.43971794E-10
1.000E-1 3.47633243E-10
1.100E-1 4.93353599E-10
1.200E-1 6.98238699E-10
1.300E-1 9.86374837E-10
1.400E-1 1.39168997E-9
1.500E-1 1.96199264E-9
1.600E-1 2.7646745E-9
1.700E-1 3.89476241E-9
1.800E-1 5.48628944E-9
1.900E-1 7.72835291E-9
2.000E-1 1.08877916E-8
2.100E-1 1.53412101E-8
2.200E-1 2.16202002E-8
2.300E-1 3.04751933E-8
2.400E-1 4.29656049E-8
2.500E-1 6.05870739E-8
2.600E-1 8.54510007E-8
2.700E-1 1.20537769E-7
2.800E-1 1.70053649E-7
2.900E-1 2.39933367E-7
3.000E-1 3.38546824E-7
3.100E-1 4.77690975E-7
3.200E-1 6.73978112E-7
3.300E-1 9.50771309E-7
3.400E-1 1.34086749E-6
3.500E-1 1.89000915E-6
3.600E-1 2.66278106E-6
3.700E-1 3.74754121E-6
3.800E-1 5.26687845E-6
3.900E-1 7.38758749E-6
4.000E-1 1.03334643E-5
4.100E-1 1.43981703E-5
4.200E-1 1.9954643E-5
4.300E-1 2.74534823E-5
4.400E-1 3.73978042E-5
4.500E-1 5.02756651E-5
