-9.0043070E-2 -4.2187290E-6
-5.9936050E-2 -2.8581540E-6
-3.0034540E-2 -1.4102210E-6
-2.2146110E-4 1.9829270E-8
1.0013160E-2 5.2298510E-7
1.9848470E-2 1.0409550E-6
2.9984950E-2 1.5872140E-6
3.9994240E-2 2.1123140E-6
5.0037380E-2 2.7105740E-6
5.9944150E-2 3.2394150E-6
7.0010190E-2 3.8915600E-6
7.9916480E-2 4.5634840E-6
8.9902880E-2 5.3635940E-6
9.9912170E-2 6.1896950E-6
1.1004640E-1 7.1363100E-6
1.1997560E-1 8.2223310E-6
1.3006450E-1 9.5114700E-6
1.4001660E-1 1.1194540E-5
1.5003730E-1 1.3001480E-5
1.5998940E-1 1.5475860E-5
1.6999820E-1 1.8567240E-5
1.8000750E-1 2.2701850E-5
1.9000530E-1 2.7967820E-5
1.9998030E-1 3.4622620E-5
2.0998910E-1 4.4044050E-5
2.1993210E-1 5.6137620E-5
2.3004390E-1 7.5369030E-5
2.3999600E-1 9.7218640E-5
2.4990270E-1 1.2756700E-4
2.6000310E-1 1.6959730E-4
2.6998900E-1 2.3571660E-4
2.7996400E-1 3.1040660E-4
2.8997330E-1 4.2031310E-4
2.9999400E-1 5.4767450E-4
3.0990030E-1 7.5561760E-4
3.1988670E-1 1.0090300E-3
3.2998700E-1 1.3759960E-3
3.3992820E-1 1.7813430E-3
3.5002850E-1 2.3926920E-3
3.5996910E-1 3.1094500E-3
3.6994410E-1 4.1162370E-3
3.7996440E-1 5.1250510E-3
3.8993930E-1 6.4009480E-3
3.9984610E-1 7.6639220E-3
4.0993500E-1 9.4051990E-3
4.1992140E-1 1.1101470E-2
4.3006750E-1 1.3209000E-2
4.3998530E-1 1.5324070E-2
4.4999460E-1 1.7881750E-2
4.5999240E-1 2.0116150E-2
4.7001270E-1 2.2686570E-2
4.8001050E-1 2.4995710E-2
4.8996260E-1 2.7913700E-2
4.9998330E-1 3.0640540E-2
