-9.0057370E-2 -1.9820140E-4
-5.9984210E-2 -1.9662400E-4
-3.0013080E-2 -1.9513940E-4
-8.1300740E-5 -1.9348100E-4
1.0286750E-2 -1.9314470E-4
2.0023440E-2 -1.9203700E-4
3.0111310E-2 -1.9168910E-4
3.9904120E-2 -1.9103380E-4
4.9982070E-2 -1.9029730E-4
5.9957030E-2 -1.8964210E-4
6.9909570E-2 -1.8898100E-4
7.9976080E-2 -1.8836050E-4
8.9917180E-2 -1.8730500E-4
9.9983690E-2 -1.8634240E-4
1.0987900E-1 -1.8491580E-4
1.2001370E-1 -1.8366900E-4
1.2995480E-1 -1.8212650E-4
1.4007810E-1 -1.8050280E-4
1.4991660E-1 -1.7822960E-4
1.5996030E-1 -1.7575920E-4
1.7003820E-1 -1.7187400E-4
1.8000170E-1 -1.6763480E-4
1.8998860E-1 -1.6172570E-4
1.9991830E-1 -1.5477270E-4
2.0997290E-1 -1.4427070E-4
2.1995070E-1 -1.2960490E-4
2.2994850E-1 -1.1231240E-4
2.3994680E-1 -8.7604460E-5
2.4992180E-1 -5.3949770E-5
2.5972600E-1 -1.4324380E-5
2.6987270E-1 4.9304650E-5
2.7996160E-1 1.3700060E-4
2.8986880E-1 2.4993210E-4
2.9984380E-1 3.8866950E-4
3.1005860E-1 6.0405400E-4
3.1997680E-1 8.7679130E-4
3.2994080E-1 1.2490150E-3
3.3996150E-1 1.7125550E-3
3.4991410E-1 2.3023090E-3
3.5998060E-1 3.0531660E-3
3.6994460E-1 4.0215640E-3
3.7990860E-1 5.0941000E-3
3.8991790E-1 6.3708500E-3
3.9985900E-1 7.7002760E-3
4.1002800E-1 9.4491990E-3
4.1996910E-1 1.1317340E-2
4.2997840E-1 1.3285910E-2
4.3994240E-1 1.5449720E-2
4.4995210E-1 1.7891600E-2
4.5983600E-1 2.0236150E-2
4.6998210E-1 2.2767830E-2
4.8002580E-1 2.5150050E-2
4.8994450E-1 2.8080880E-2
5.0001050E-1 3.0881960E-2
