5.000E-2 -1.076E+1
5.200E-2 -1.066E+1
5.400E-2 -1.014E+1
5.600E-2 -9.293E+0
5.800E-2 -8.183E+0
6.000E-2 -6.896E+0
6.200E-2 -5.514E+0
6.400E-2 -4.107E+0
6.600E-2 -2.717E+0
6.800E-2 -1.383E+0
7.000E-2 -1.412E-1
7.200E-2 9.683E-1
7.400E-2 1.918E+0
7.600E-2 2.709E+0
7.800E-2 3.344E+0
8.000E-2 3.828E+0
8.200E-2 4.165E+0
8.400E-2 4.362E+0
8.600E-2 4.439E+0
8.800E-2 4.415E+0
9.000E-2 4.312E+0
9.200E-2 4.149E+0
9.400E-2 3.945E+0
9.600E-2 3.713E+0
9.800E-2 3.463E+0
1.000E-1 3.206E+0
1.020E-1 2.953E+0
1.040E-1 2.713E+0
1.060E-1 2.487E+0
1.080E-1 2.276E+0
1.100E-1 2.080E+0
1.120E-1 1.899E+0
1.140E-1 1.733E+0
1.160E-1 1.578E+0
1.180E-1 1.432E+0
1.200E-1 1.291E+0
1.220E-1 1.151E+0
1.240E-1 1.010E+0
1.260E-1 8.688E-1
1.280E-1 7.281E-1
1.300E-1 5.899E-1
1.320E-1 4.557E-1
1.340E-1 3.273E-1
1.360E-1 2.075E-1
1.380E-1 9.958E-2
1.400E-1 6.614E-3
1.420E-1 -6.814E-2
1.440E-1 -1.220E-1
1.460E-1 -1.558E-1
1.480E-1 -1.723E-1
1.500E-1 -1.741E-1
1.520E-1 -1.637E-1
1.540E-1 -1.438E-1
1.560E-1 -1.170E-1
1.580E-1 -8.588E-2
1.600E-1 -5.319E-2
1.620E-1 -2.153E-2
1.640E-1 6.618E-3
1.660E-1 2.994E-2
1.680E-1 4.764E-2
1.700E-1 5.894E-2
1.720E-1 6.306E-2
1.740E-1 5.941E-2
1.760E-1 4.933E-2
1.780E-1 3.509E-2
1.800E-1 1.899E-2
1.820E-1 3.326E-3
1.840E-1 -9.367E-3
1.860E-1 -1.472E-2
1.880E-1 -7.546E-3
1.900E-1 1.734E-2
1.920E-1 6.513E-2
1.940E-1 1.405E-1
1.960E-1 2.445E-1
1.980E-1 3.764E-1
2.000E-1 5.356E-1
2.020E-1 7.214E-1
2.040E-1 9.322E-1
2.060E-1 1.157E+0
2.080E-1 1.378E+0
2.100E-1 1.579E+0
2.120E-1 1.743E+0
2.140E-1 1.853E+0
2.160E-1 1.899E+0
2.180E-1 1.875E+0
2.200E-1 1.776E+0
2.220E-1 1.596E+0
2.240E-1 1.331E+0
2.260E-1 9.938E-1
2.280E-1 6.019E-1
2.300E-1 1.742E-1
2.320E-1 -2.705E-1
2.340E-1 -7.144E-1
2.360E-1 -1.144E+0
2.380E-1 -1.547E+0
2.400E-1 -1.913E+0
2.420E-1 -2.229E+0
2.440E-1 -2.485E+0
2.460E-1 -2.676E+0
2.480E-1 -2.803E+0
2.500E-1 -2.864E+0
2.520E-1 -2.860E+0
2.540E-1 -2.790E+0
2.560E-1 -2.663E+0
2.580E-1 -2.493E+0
2.600E-1 -2.292E+0
2.620E-1 -2.073E+0
2.640E-1 -1.849E+0
2.660E-1 -1.623E+0
2.680E-1 -1.398E+0
2.700E-1 -1.174E+0
2.720E-1 -9.518E-1
2.740E-1 -7.323E-1
2.760E-1 -5.081E-1
2.780E-1 -2.696E-1
2.800E-1 -7.015E-3
2.820E-1 2.894E-1
2.840E-1 6.271E-1
2.860E-1 9.964E-1
2.880E-1 1.380E+0
2.900E-1 1.761E+0
2.920E-1 2.121E+0
2.940E-1 2.444E+0
2.960E-1 2.705E+0
2.980E-1 2.882E+0
3.000E-1 2.947E+0
3.020E-1 2.877E+0
3.040E-1 2.648E+0
3.060E-1 2.264E+0
3.080E-1 1.761E+0
3.100E-1 1.178E+0
3.120E-1 5.551E-1
3.140E-1 -7.156E-2
3.160E-1 -6.694E-1
3.180E-1 -1.208E+0
3.200E-1 -1.658E+0
3.220E-1 -1.989E+0
3.240E-1 -2.177E+0
3.260E-1 -2.229E+0
3.280E-1 -2.166E+0
3.300E-1 -2.009E+0
3.320E-1 -1.780E+0
3.340E-1 -1.497E+0
3.360E-1 -1.176E+0
3.380E-1 -8.263E-1
3.400E-1 -4.595E-1
3.420E-1 -8.657E-2
3.440E-1 2.807E-1
3.460E-1 6.278E-1
3.480E-1 9.397E-1
3.500E-1 1.201E+0
3.520E-1 1.397E+0
3.540E-1 1.514E+0
3.560E-1 1.546E+0
3.580E-1 1.489E+0
3.600E-1 1.338E+0
3.620E-1 1.089E+0
3.640E-1 7.446E-1
3.660E-1 3.292E-1
3.680E-1 -1.274E-1
3.700E-1 -5.953E-1
3.720E-1 -1.045E+0
3.740E-1 -1.448E+0
3.760E-1 -1.782E+0
3.780E-1 -2.023E+0
3.800E-1 -2.151E+0
3.820E-1 -2.143E+0
3.840E-1 -1.981E+0
3.860E-1 -1.686E+0
3.880E-1 -1.297E+0
3.900E-1 -8.544E-1
3.920E-1 -3.974E-1
3.940E-1 3.735E-2
3.960E-1 4.221E-1
3.980E-1 7.303E-1
4.000E-1 9.357E-1
4.020E-1 1.012E+0
4.040E-1 9.485E-1
4.060E-1 7.773E-1
4.080E-1 5.363E-1
4.100E-1 2.635E-1
4.120E-1 -2.900E-3
4.140E-1 -2.312E-1
4.160E-1 -4.014E-1
4.180E-1 -4.952E-1
4.200E-1 -4.939E-1
4.220E-1 -3.796E-1
4.240E-1 -1.542E-1
4.260E-1 1.502E-1
4.280E-1 4.994E-1
4.300E-1 8.588E-1
4.320E-1 1.195E+0
4.340E-1 1.483E+0
4.360E-1 1.709E+0
4.380E-1 1.860E+0
4.400E-1 1.921E+0
4.420E-1 1.880E+0
4.440E-1 1.732E+0
4.460E-1 1.499E+0
4.480E-1 1.204E+0
4.500E-1 8.745E-1
4.520E-1 5.344E-1
4.540E-1 2.073E-1
4.560E-1 -9.249E-2
4.580E-1 -3.545E-1
4.600E-1 -5.684E-1
4.620E-1 -7.235E-1
4.640E-1 -8.108E-1
4.660E-1 -8.351E-1
4.680E-1 -8.115E-1
4.700E-1 -7.550E-1
4.720E-1 -6.805E-1
4.740E-1 -6.020E-1
4.760E-1 -5.255E-1
4.780E-1 -4.535E-1
4.800E-1 -3.883E-1
4.820E-1 -3.323E-1
4.840E-1 -2.875E-1
4.860E-1 -2.533E-1
4.880E-1 -2.290E-1
4.900E-1 -2.134E-1
4.920E-1 -2.057E-1
4.940E-1 -2.046E-1
4.960E-1 -2.084E-1
4.980E-1 -2.152E-1
5.000E-1 -2.232E-1
5.020E-1 -2.306E-1
5.040E-1 -2.344E-1
5.060E-1 -2.309E-1
5.080E-1 -2.162E-1
5.100E-1 -1.864E-1
5.120E-1 -1.391E-1
5.140E-1 -8.250E-2
5.160E-1 -2.936E-2
5.180E-1 7.439E-3
5.200E-1 1.504E-2
5.220E-1 -1.776E-2
5.240E-1 -9.798E-2
5.260E-1 -2.319E-1
5.280E-1 -4.259E-1
5.300E-1 -6.854E-1
5.320E-1 -9.948E-1
5.340E-1 -1.317E+0
5.360E-1 -1.616E+0
5.380E-1 -1.853E+0
5.400E-1 -1.993E+0
5.420E-1 -2.016E+0
5.440E-1 -1.907E+0
5.460E-1 -1.652E+0
5.480E-1 -1.235E+0
5.500E-1 -6.601E-1
5.520E-1 3.793E-2
5.540E-1 8.219E-1
5.560E-1 1.654E+0
