-9.0090750E-2 -2.0205610E-4
-5.9972290E-2 -2.0072240E-4
-3.0069830E-2 -1.9904070E-4
-5.7756900E-5 -1.9730690E-4
1.0311390E-2 -1.9675600E-4
2.0217630E-2 -1.9584550E-4
2.9963020E-2 -1.9527720E-4
4.0143490E-2 -1.9466250E-4
4.9993040E-2 -1.9393190E-4
5.9957030E-2 -1.9306200E-4
6.9874760E-2 -1.9238350E-4
8.0009940E-2 -1.9162380E-4
8.9905260E-2 -1.9084690E-4
9.9936960E-2 -1.8969870E-4
1.0998060E-1 -1.8864900E-4
1.1993310E-1 -1.8697310E-4
1.2998820E-1 -1.8544800E-4
1.3997460E-1 -1.8373140E-4
1.4993810E-1 -1.8164390E-4
1.5992500E-1 -1.7891840E-4
1.6997960E-1 -1.7551440E-4
1.8001170E-1 -1.7115360E-4
1.8991850E-1 -1.6546480E-4
2.0003030E-1 -1.5855240E-4
2.0992570E-1 -1.4807960E-4
2.1994880E-1 -1.3537400E-4
2.2991280E-1 -1.1547210E-4
2.4005890E-1 -9.1407310E-5
2.4993130E-1 -5.9830080E-5
2.6027150E-1 -1.4422850E-5
2.6984740E-1 4.0590080E-5
2.7986860E-1 1.3516100E-4
2.8999190E-1 2.4117340E-4
3.0002400E-1 3.9924960E-4
3.0989650E-1 5.7910130E-4
3.1999730E-1 8.6548740E-4
3.2984690E-1 1.2428630E-3
3.3995910E-1 1.7244220E-3
3.4997990E-1 2.2559310E-3
3.5995480E-1 3.0698310E-3
3.6988450E-1 3.9879210E-3
3.8000770E-1 5.2825080E-3
3.8997170E-1 6.5532790E-3
4.0001540E-1 8.1642120E-3
4.0988780E-1 9.7280330E-3
4.1993140E-1 1.1902380E-2
4.3002080E-1 1.3797920E-2
4.3997340E-1 1.6299470E-2
4.4994830E-1 1.8730890E-2
4.5987800E-1 2.1708060E-2
4.7002410E-1 2.4327200E-2
4.8002200E-1 2.7324070E-2
4.9000880E-1 3.0041100E-2
