0.000E+0 0
1.000E-2 9.31149203E-12
2.000E-2 2.22806539E-11
3.000E-2 4.03843145E-11
4.000E-2 6.56788524E-11
5.000E-2 1.01053345E-10
6.000E-2 1.50554197E-10
7.000E-2 2.19852301E-10
8.000E-2 3.16897567E-10
9.000E-2 4.52839682E-10
1.000E-1 6.43325007E-10
1.100E-1 9.10325715E-10
1.200E-1 1.28472288E-9
1.300E-1 1.80995855E-9
1.400E-1 2.54720423E-9
1.500E-1 3.58268157E-9
1.600E-1 5.038037E-9
1.700E-1 7.08505099E-9
1.800E-1 9.96649855E-9
1.900E-1 1.4025738E-8
2.000E-1 1.9748686E-8
2.100E-1 2.78233677E-8
2.200E-1 3.92244052E-8
2.300E-1 5.53328945E-8
2.400E-1 7.81064924E-8
2.500E-1 1.10320737E-7
2.600E-1 1.55911409E-7
2.700E-1 2.20460156E-7
2.800E-1 3.11883153E-7
2.900E-1 4.41407288E-7
3.000E-1 6.24953069E-7
3.100E-1 8.85091991E-7
3.200E-1 1.25381341E-6
3.300E-1 1.77642857E-6
3.400E-1 2.51693841E-6
3.500E-1 3.56636486E-6
3.600E-1 5.05223796E-6
3.700E-1 7.15471015E-6
3.800E-1 1.01262764E-5
3.900E-1 1.43193063E-5
4.000E-1 2.02221325E-5
4.100E-1 2.85051876E-5
4.200E-1 4.00761994E-5
4.300E-1 5.61431976E-5
4.400E-1 7.82757543E-5
4.500E-1 0.000108451641
