fname time Tem kT_1 n1 Rs Io1 Rsh n2 Io2 Iph Voc Isc Pm FF Vm Im dev 
GL070 10:03:08 308.6 37.57 1.000E+000 1.255E+000 2.902E-010 4.533E+002 2.645E+000 4.247E-006 4.764E-005 2.093E-002 4.751E-005 2.491E-007 2.506E-001 1.050E-002 2.350E-005 1.184E-003 
GL075 10:00:38 308.6 37.57 1.000E+000 1.231E+000 2.807E-010 4.485E+002 2.553E+000 3.530E-006 5.994E-005 2.614E-002 5.977E-005 3.917E-007 2.507E-001 1.310E-002 2.967E-005 7.016E-004 
GL080 9:57:42 308.5 37.58 1.000E+000 1.231E+000 2.763E-010 4.509E+002 2.588E+000 3.780E-006 7.147E-005 3.125E-002 7.127E-005 5.586E-007 2.508E-001 1.570E-002 3.535E-005 4.342E-004 
GL085 9:54:38 308.3 37.61 1.000E+000 1.244E+000 2.715E-010 4.497E+002 2.601E+000 3.819E-006 8.525E-005 3.711E-002 8.501E-005 7.921E-007 2.511E-001 1.860E-002 4.235E-005 4.558E-004 
GL090 9:51:46 308.3 37.61 1.000E+000 1.249E+000 2.751E-010 4.522E+002 2.615E+000 3.954E-006 9.847E-005 4.300E-002 9.819E-005 1.061E-006 2.513E-001 2.160E-002 4.890E-005 1.040E-003 
GL095 9:48:04 308.4 37.59 1.000E+000 1.253E+000 2.806E-010 4.473E+002 2.581E+000 3.679E-006 1.204E-004 5.199E-002 1.201E-004 1.570E-006 2.516E-001 2.610E-002 5.994E-005 3.529E-003 
GL100 9:43:50 308.4 37.59 1.000E+000 1.234E+000 2.747E-010 4.464E+002 2.578E+000 3.676E-006 1.320E-004 5.678E-002 1.316E-004 1.882E-006 2.518E-001 2.850E-002 6.579E-005 2.754E-003 
GL105 9:39:04 308.2 37.62 1.000E+000 1.237E+000 2.687E-010 4.486E+002 2.598E+000 3.795E-006 1.537E-004 6.619E-002 1.532E-004 2.560E-006 2.523E-001 3.330E-002 7.664E-005 6.128E-004 
GL110 9:35:20 308.2 37.62 1.000E+000 1.264E+000 2.804E-010 4.606E+002 2.730E+000 5.011E-006 1.720E-004 7.502E-002 1.715E-004 3.259E-006 2.533E-001 3.780E-002 8.600E-005 4.032E-003 
