0.000E+0 0
1.000E-2 1.93592867E-12
2.000E-2 4.61236079E-12
3.000E-2 8.31977554E-12
4.000E-2 1.34614216E-11
5.000E-2 2.06025451E-11
6.000E-2 3.05278831E-11
7.000E-2 4.43296676E-11
8.000E-2 6.35317956E-11
9.000E-2 9.02594579E-11
1.000E-1 1.27479204E-10
1.100E-1 1.79327765E-10
1.200E-1 2.51614405E-10
1.300E-1 3.52449066E-10
1.400E-1 4.93206044E-10
1.500E-1 6.89843761E-10
1.600E-1 9.6477422E-10
1.700E-1 1.34950088E-9
1.800E-1 1.88834152E-9
1.900E-1 2.64368305E-9
2.000E-1 3.70339943E-9
2.100E-1 5.19132397E-9
2.200E-1 7.28203531E-9
2.300E-1 1.02217348E-8
2.400E-1 1.43577293E-8
2.500E-1 2.01800647E-8
2.600E-1 2.83803288E-8
2.700E-1 3.99346991E-8
2.800E-1 5.62212441E-8
2.900E-1 7.91856042E-8
3.000E-1 1.11575007E-7
3.100E-1 1.57268794E-7
3.200E-1 2.21745244E-7
3.300E-1 3.12740825E-7
3.400E-1 4.41181096E-7
3.500E-1 6.22494895E-7
3.600E-1 8.78469111E-7
3.700E-1 1.23986526E-6
3.800E-1 1.75010854E-6
3.900E-1 2.47048436E-6
4.000E-1 3.48744943E-6
4.100E-1 4.92289973E-6
4.200E-1 6.94855419E-6
4.300E-1 9.80538159E-6
4.400E-1 1.38347842E-5
4.500E-1 1.95104883E-5
