0.000E+0 -0.182048649
1.000E-2 -0.18204103
2.000E-2 -0.182033035
3.000E-2 -0.182024529
4.000E-2 -0.182015325
5.000E-2 -0.182005163
6.000E-2 -0.18199368
7.000E-2 -0.181980366
8.000E-2 -0.181964512
9.000E-2 -0.181945124
1.000E-1 -0.181920814
1.100E-1 -0.181889635
1.200E-1 -0.18184886
1.300E-1 -0.181794666
1.400E-1 -0.181721684
1.500E-1 -0.181622371
1.600E-1 -0.181486125
1.700E-1 -0.181298024
1.800E-1 -0.181037064
1.900E-1 -0.180673653
2.000E-1 -0.180166086
2.100E-1 -0.179455562
2.200E-1 -0.178459151
2.300E-1 -0.177059853
2.400E-1 -0.175092573
2.500E-1 -0.1723243
2.600E-1 -0.168426121
2.700E-1 -0.162933684
2.800E-1 -0.15519136
2.900E-1 -0.14427337
3.000E-1 -0.128872379
3.100E-1 -0.107142146
3.200E-1 -0.076475296
3.300E-1 -0.0331894986
3.400E-1 0.0279156299
