9.9973980E-3 7.5217870E-7
1.1512790E-2 8.6864720E-7
1.3863590E-2 1.0502720E-6
1.6324490E-2 1.2390460E-6
1.9222680E-2 1.4614650E-6
2.2625920E-2 1.7228920E-6
2.6646610E-2 2.0310270E-6
3.1374690E-2 2.3935810E-6
3.6942010E-2 2.8199590E-6
4.3501850E-2 3.3227880E-6
5.1226140E-2 3.9145360E-6
6.0317520E-2 4.6105890E-6
7.1025610E-2 5.4301790E-6
8.3633420E-2 6.3943080E-6
9.8481180E-2 7.5287640E-6
1.1596130E-1 8.8635010E-6
1.3581680E-1 1.0376670E-5
1.6081070E-1 1.2273620E-5
1.8935370E-1 1.4444010E-5
2.2298740E-1 1.6994750E-5
2.6254150E-1 1.9984760E-5
3.0914570E-1 2.3494690E-5
3.6403040E-1 2.7608750E-5
4.2862960E-1 3.2423110E-5
5.0473380E-1 3.8053330E-5
5.9435370E-1 4.4622270E-5
6.9982790E-1 5.2260740E-5
8.2404640E-1 6.1109440E-5
9.7032090E-1 7.1275930E-5
1.1425680E+0 8.2812580E-5
1.3453620E+0 9.5647880E-5
1.5841770E+0 1.0700860E-4
1.8653870E+0 1.2232180E-4
2.1963960E+0 1.3745630E-4
2.5862850E+0 1.5289420E-4
3.0455510E+0 1.6828080E-4
3.5859720E+0 1.8273630E-4
4.2223220E+0 1.9476940E-4
4.9717750E+0 2.0373950E-4
5.8544600E+0 2.1262800E-4
6.8940120E+0 2.2705970E-4
8.1172700E+0 2.5210840E-4
9.5582500E+0 2.9381600E-4
1.1254790E+1 3.4827110E-4
1.3252730E+1 4.4029350E-4
1.5605180E+1 5.5436640E-4
1.8375130E+1 7.8026750E-4
2.1630890E+1 1.0499440E-3
2.5479310E+1 1.4227780E-3
3.0000730E+1 1.9307360E-3
