0.000E+0 -0.210494322
1.000E-2 -0.210466858
2.000E-2 -0.210436998
3.000E-2 -0.210403826
4.000E-2 -0.21036609
5.000E-2 -0.210322044
6.000E-2 -0.210269249
7.000E-2 -0.210204308
8.000E-2 -0.210122466
9.000E-2 -0.210017083
1.000E-1 -0.209878882
1.100E-1 -0.209694876
1.200E-1 -0.209446898
1.300E-1 -0.20910949
1.400E-1 -0.208646966
1.500E-1 -0.208009253
1.600E-1 -0.207126038
1.700E-1 -0.205898512
1.800E-1 -0.204187732
1.900E-1 -0.201798197
2.000E-1 -0.198454702
2.100E-1 -0.193769685
2.200E-1 -0.187197212
2.300E-1 -0.177968138
2.400E-1 -0.164998788
2.500E-1 -0.146762491
2.600E-1 -0.121109067
2.700E-1 -0.0850116661
2.800E-1 -0.0342126484
2.900E-1 0.0372698727
