0.000E+0 0
1.000E-2 2.88332483E-13
2.000E-2 6.91594437E-13
3.000E-2 1.25590023E-12
4.000E-2 2.04587035E-12
5.000E-2 3.1520624E-12
6.000E-2 4.70139046E-12
7.000E-2 6.87173863E-12
8.000E-2 9.91246205E-12
9.000E-2 1.41731559E-11
1.000E-1 2.01440385E-11
1.100E-1 2.85126523E-11
1.200E-1 4.02434969E-11
1.300E-1 5.66898941E-11
1.400E-1 7.97511549E-11
1.500E-1 1.12093427E-10
1.600E-1 1.57460049E-10
1.700E-1 2.21107715E-10
1.800E-1 3.1041946E-10
1.900E-1 4.35766167E-10
2.000E-1 6.1171732E-10
2.100E-1 8.58742569E-10
2.200E-1 1.2056029E-9
2.300E-1 1.69271071E-9
2.400E-1 2.37685071E-9
2.500E-1 3.33781172E-9
2.600E-1 4.6877005E-9
2.700E-1 6.58401724E-9
2.800E-1 9.24800263E-9
2.900E-1 1.29903626E-8
3.000E-1 1.8247299E-8
3.100E-1 2.56309005E-8
3.200E-1 3.59994677E-8
3.300E-1 5.05553655E-8
3.400E-1 7.09806014E-8
3.500E-1 9.96235421E-8
3.600E-1 1.39753844E-7
3.700E-1 1.95906204E-7
3.800E-1 2.74335511E-7
3.900E-1 3.83603407E-7
4.000E-1 5.34333664E-7
4.100E-1 7.43499611E-7
4.200E-1 1.03062111E-6
4.300E-1 1.42121717E-6
4.400E-1 1.9463702E-6
4.500E-1 2.64180653E-6
