0.000E+0 -0.202154883
1.000E-2 -0.202154013
2.000E-2 -0.202153137
3.000E-2 -0.202152254
4.000E-2 -0.202151361
5.000E-2 -0.202150456
6.000E-2 -0.202149535
7.000E-2 -0.202148594
8.000E-2 -0.202147625
9.000E-2 -0.202146617
1.000E-1 -0.202145554
1.100E-1 -0.202144415
1.200E-1 -0.202143165
1.300E-1 -0.202141759
1.400E-1 -0.202140126
1.500E-1 -0.202138166
1.600E-1 -0.202135734
1.700E-1 -0.202132619
1.800E-1 -0.202128512
1.900E-1 -0.202122968
2.000E-1 -0.202115338
2.100E-1 -0.202104679
2.200E-1 -0.202089624
2.300E-1 -0.202068182
2.400E-1 -0.202037466
2.500E-1 -0.201993276
2.600E-1 -0.201929513
2.700E-1 -0.201837315
2.800E-1 -0.201703806
2.900E-1 -0.201510276
3.000E-1 -0.201229544
3.100E-1 -0.200822114
3.200E-1 -0.200230605
3.300E-1 -0.19937164
3.400E-1 -0.198124083
3.500E-1 -0.196311926
3.600E-1 -0.193679442
3.700E-1 -0.189855077
3.800E-1 -0.184298987
3.900E-1 -0.176226817
4.000E-1 -0.164498965
4.100E-1 -0.147459693
4.200E-1 -0.12270339
4.300E-1 -0.0867350183
4.400E-1 -0.0344768519
4.500E-1 0.0414479957
