0.000E+0 0
1.000E-2 4.13092668E-14
2.000E-2 1.00318892E-13
3.000E-2 1.84675387E-13
4.000E-2 3.05322635E-13
5.000E-2 4.77921242E-13
6.000E-2 7.24879174E-13
7.000E-2 1.07825828E-12
8.000E-2 1.58393698E-12
9.000E-2 2.30757668E-12
1.000E-1 3.34318088E-12
1.100E-1 4.82538578E-12
1.200E-1 6.94712668E-12
1.300E-1 9.98505604E-12
1.400E-1 1.43361462E-11
1.500E-1 2.05704368E-11
1.600E-1 2.95070916E-11
1.700E-1 4.2324109E-11
1.800E-1 6.07166239E-11
1.900E-1 8.71253591E-11
2.000E-1 1.25066354E-10
2.100E-1 1.79606904E-10
2.200E-1 2.58052595E-10
2.300E-1 3.70939109E-10
2.400E-1 5.33464119E-10
2.500E-1 7.67554614E-10
2.600E-1 1.10485186E-9
2.700E-1 1.59102148E-9
2.800E-1 2.29197718E-9
2.900E-1 3.30286803E-9
3.000E-1 4.76105681E-9
3.100E-1 6.86486209E-9
3.200E-1 9.90062389E-9
3.300E-1 1.42817896E-8
3.400E-1 2.06053483E-8
3.500E-1 2.97333734E-8
3.600E-1 4.29106679E-8
3.700E-1 6.19347328E-8
3.800E-1 8.9401095E-8
3.900E-1 1.29057406E-7
4.000E-1 1.86314587E-7
4.100E-1 2.68983872E-7
4.200E-1 3.88339796E-7
4.300E-1 5.60651967E-7
4.400E-1 8.09389562E-7
4.500E-1 1.16839179E-6
