0.000E+0 0
1.000E-2 5.77623992E-13
2.000E-2 1.39774725E-12
3.000E-2 2.56339648E-12
4.000E-2 4.22120849E-12
5.000E-2 6.57981724E-12
6.000E-2 9.93599185E-12
7.000E-2 1.47118169E-11
8.000E-2 2.15076299E-11
9.000E-2 3.11774844E-11
1.000E-1 4.49368813E-11
1.100E-1 6.45168115E-11
1.200E-1 9.2384392E-11
1.300E-1 1.32059399E-10
1.400E-1 1.88569057E-10
1.500E-1 2.69102285E-10
1.600E-1 3.83951817E-10
1.700E-1 5.47871802E-10
1.800E-1 7.82035084E-10
1.900E-1 1.1168559E-9
2.000E-1 1.59606141E-9
2.100E-1 2.28256562E-9
2.200E-1 3.26694408E-9
2.300E-1 4.67966284E-9
2.400E-1 6.70872611E-9
2.500E-1 9.62514657E-9
2.600E-1 1.3819709E-8
2.700E-1 1.98560392E-8
2.800E-1 2.85472153E-8
2.900E-1 4.10663715E-8
3.000E-1 5.91063838E-8
3.100E-1 8.51104266E-8
3.200E-1 1.22604858E-7
3.300E-1 1.76679854E-7
3.400E-1 2.54663168E-7
3.500E-1 3.67221264E-7
3.600E-1 5.29609805E-7
3.700E-1 7.63955027E-7
3.800E-1 1.10217087E-6
3.900E-1 1.5902023E-6
4.000E-1 2.29490791E-6
4.100E-1 3.31187097E-6
4.200E-1 4.77963591E-6
4.300E-1 6.89781746E-6
4.400E-1 9.9540954E-6
4.500E-1 1.43627131E-5
