0.000E+0 -0.259541119
1.000E-2 -0.25954053
2.000E-2 -0.259539928
3.000E-2 -0.259539311
4.000E-2 -0.259538672
5.000E-2 -0.259538002
6.000E-2 -0.25953729
7.000E-2 -0.259536519
8.000E-2 -0.259535663
9.000E-2 -0.259534688
1.000E-1 -0.259533543
1.100E-1 -0.259532154
1.200E-1 -0.259530418
1.300E-1 -0.259528184
1.400E-1 -0.259525238
1.500E-1 -0.259521268
1.600E-1 -0.259515831
1.700E-1 -0.25950829
1.800E-1 -0.259497726
1.900E-1 -0.259482826
2.000E-1 -0.259461699
2.100E-1 -0.259431632
2.200E-1 -0.259388728
2.300E-1 -0.259327392
2.400E-1 -0.259239586
2.500E-1 -0.259113772
2.600E-1 -0.258933375
2.700E-1 -0.258674596
2.800E-1 -0.258303256
2.900E-1 -0.257770271
3.000E-1 -0.257005151
3.100E-1 -0.25590667
3.200E-1 -0.254329457
3.300E-1 -0.252064747
3.400E-1 -0.248812738
3.500E-1 -0.244142893
3.600E-1 -0.237436929
3.700E-1 -0.227806954
3.800E-1 -0.213977908
3.900E-1 -0.194118751
4.000E-1 -0.165600073
4.100E-1 -0.124646059
4.200E-1 -0.0658348044
4.300E-1 0.0186190136
