-9.0065960E-2 -4.2078260E-6
-6.0016160E-2 -2.8007200E-6
-2.9943940E-2 -1.3766220E-6
-1.5348200E-5 3.7702550E-8
9.8282100E-3 5.2696400E-7
2.0034550E-2 1.0328630E-6
3.0053620E-2 1.5255300E-6
3.9903160E-2 2.0822010E-6
4.9946310E-2 2.5809300E-6
5.9967040E-2 3.1955460E-6
6.9998740E-2 3.8038220E-6
8.0053810E-2 4.5570810E-6
8.9925770E-2 5.2055490E-6
9.9991800E-2 6.0140900E-6
1.0993240E-1 6.8021550E-6
1.1997600E-1 7.9264650E-6
1.2996240E-1 9.1475160E-6
1.3997130E-1 1.0581020E-5
1.4998050E-1 1.2563660E-5
1.5996690E-1 1.4892490E-5
1.6993000E-1 1.8305130E-5
1.7992780E-1 2.1996120E-5
1.9001670E-1 2.7274260E-5
1.9996880E-1 3.3221600E-5
2.0996670E-1 4.2868040E-5
2.1988680E-1 5.5348400E-5
2.2987320E-1 7.2507290E-5
2.3993920E-1 9.5150770E-5
2.4992560E-1 1.2504450E-4
2.5988910E-1 1.6572960E-4
2.6997800E-1 2.2974380E-4
2.7998730E-1 3.0583120E-4
2.9003050E-1 4.1548280E-4
2.9992580E-1 5.5036530E-4
3.0990080E-1 7.4926790E-4
3.1973890E-1 1.0096620E-3
3.2998750E-1 1.3786630E-3
3.3991670E-1 1.7754900E-3
3.5005140E-1 2.3836530E-3
3.5991240E-1 3.0848810E-3
3.6991020E-1 4.0847710E-3
3.7997630E-1 5.1267330E-3
3.9005370E-1 6.4164790E-3
3.9993760E-1 7.7954660E-3
4.1000370E-1 9.4829090E-3
4.1994430E-1 1.1210960E-2
4.2995360E-1 1.3355000E-2
4.3994000E-1 1.5472400E-2
4.4998310E-1 1.8045690E-2
4.5998100E-1 2.0423780E-2
4.7001310E-1 2.3050380E-2
4.8001050E-1 2.5613260E-2
4.8999690E-1 2.8461170E-2
4.9996040E-1 3.1406400E-2
