20 1.0 
120 1.034097305304573 
220 1.065231518686895 
320 1.0931944236304258 
420 1.1172120210483594 
520 1.1374040004879433 
620 1.154037577861219 
720 1.1669348220792506 
820 1.1769504090605887 
920 1.1853183726228624 
1020 1.1918051265145964 
1120 1.196211523565821 
1220 1.1991905889163832 
1320 1.2015814598085017 
1420 1.203343527061664 
1520 1.2043804455055607 
1620 1.2052131000411004 
1720 1.2060198020277864 
1820 1.206705296120246 
1920 1.2070672283356647 
2020 1.207372096975827 
2120 1.2076144091994663 
2220 1.2073485373884287 
2320 1.2075385796641447 
2420 1.207590457897649 
2520 1.207590457897649
2620 1.207590457897649 
2720 1.207590457897649 
2820 1.207590457897649 
2920 1.207590457897649 
