0.000E+0 0
1.000E-2 1.15478349E-15
2.000E-2 2.78052914E-15
3.000E-2 5.07719415E-15
4.000E-2 8.32863414E-15
5.000E-2 1.29373595E-14
6.000E-2 1.94735867E-14
7.000E-2 2.87445182E-14
8.000E-2 4.18923524E-14
9.000E-2 6.05332829E-14
1.000E-1 8.69552987E-14
1.100E-1 1.24400821E-13
1.200E-1 1.7747243E-13
1.300E-1 2.52718047E-13
1.400E-1 3.59478735E-13
1.500E-1 5.11121712E-13
1.600E-1 7.26839113E-13
1.700E-1 1.03427785E-12
1.800E-1 1.47339015E-12
1.900E-1 2.10207646E-12
2.000E-1 3.00445947E-12
2.100E-1 4.30302077E-12
2.200E-1 6.17640865E-12
2.300E-1 8.88557492E-12
2.400E-1 1.28121476E-11
2.500E-1 1.85147836E-11
2.600E-1 2.68119477E-11
2.700E-1 3.89035391E-11
2.800E-1 5.65496321E-11
2.900E-1 8.23331957E-11
3.000E-1 1.20046303E-10
3.100E-1 1.75257944E-10
3.200E-1 2.56148915E-10
3.300E-1 3.74739147E-10
3.400E-1 5.48694394E-10
3.500E-1 8.03979403E-10
3.600E-1 1.17876373E-9
3.700E-1 1.72916382E-9
3.800E-1 2.537688E-9
3.900E-1 3.72565507E-9
4.000E-1 5.47145473E-9
4.100E-1 8.03739325E-9
4.200E-1 1.18091505E-8
4.300E-1 1.7353746E-8
4.400E-1 2.55046772E-8
4.500E-1 3.74867732E-8
