0.000E+0 0
1.000E-2 1.26687709E-12
2.000E-2 3.0534488E-12
3.000E-2 5.57721498E-12
4.000E-2 9.14655185E-12
5.000E-2 1.41981135E-11
6.000E-2 2.13523949E-11
7.000E-2 3.14878314E-11
8.000E-2 4.58506254E-11
9.000E-2 6.62087424E-11
1.000E-1 9.50715974E-11
1.100E-1 1.36003248E-10
1.200E-1 1.94059841E-10
1.300E-1 2.76461996E-10
1.400E-1 3.93463814E-10
1.500E-1 5.59688946E-10
1.600E-1 7.95999708E-10
1.700E-1 1.13218555E-9
1.800E-1 1.61081845E-9
1.900E-1 2.29278271E-9
2.000E-1 3.26520774E-9
2.100E-1 4.65284888E-9
2.200E-1 6.63441622E-9
2.300E-1 9.46600455E-9
2.400E-1 1.3514714E-8
2.500E-1 1.93068962E-8
2.600E-1 2.75973881E-8
2.700E-1 3.94688638E-8
2.800E-1 5.64743948E-8
2.900E-1 8.08419867E-8
3.000E-1 1.15767976E-7
3.100E-1 1.65837757E-7
3.200E-1 2.37628812E-7
3.300E-1 3.40551547E-7
3.400E-1 4.88199145E-7
3.500E-1 6.99885672E-7
3.600E-1 1.00339007E-6
3.700E-1 1.43842001E-6
3.800E-1 2.06169535E-6
3.900E-1 2.9540613E-6
4.000E-1 4.23009975E-6
4.100E-1 6.05318785E-6
4.200E-1 8.65087413E-6
4.300E-1 1.23416519E-5
4.400E-1 1.75619777E-5
4.500E-1 2.49067803E-5
