-9.0033530E-2 -4.1632630E-6
-5.9983250E-2 -2.8779180E-6
-3.0024050E-2 -1.4429570E-6
7.4204800E-4 1.0214710E-8
9.9991860E-3 4.8746320E-7
1.9945380E-2 9.9453130E-7
3.0156610E-2 1.5182650E-6
3.9926530E-2 2.0740590E-6
4.9993040E-2 2.6537530E-6
6.0002330E-2 3.2338900E-6
6.9977280E-2 3.8753950E-6
7.9986570E-2 4.5036500E-6
8.9961530E-2 5.2836130E-6
9.9970820E-2 6.1097270E-6
1.0994580E-1 7.1705330E-6
1.2004610E-1 8.1815120E-6
1.2998720E-1 9.4893080E-6
1.4001890E-1 1.1155290E-5
1.5002820E-1 1.3003430E-5
1.5998080E-1 1.5425070E-5
1.6997860E-1 1.8168580E-5
1.7998790E-1 2.2386170E-5
1.8998580E-1 2.7566390E-5
1.9997220E-1 3.5434440E-5
2.0999290E-1 4.4174080E-5
2.2003840E-1 5.6801360E-5
2.2993370E-1 7.2746800E-5
2.4000020E-1 9.5837750E-5
2.5000950E-1 1.2794020E-4
2.5995020E-1 1.7205320E-4
2.6994800E-1 2.2296280E-4
2.8001450E-1 3.0512870E-4
2.8983020E-1 4.0900640E-4
2.9997630E-1 5.6916890E-4
3.1000800E-1 7.5994460E-4
3.2014270E-1 1.0272260E-3
3.2999280E-1 1.3527810E-3
3.3989950E-1 1.8635430E-3
3.4992030E-1 2.4165490E-3
3.6000920E-1 3.1729550E-3
3.6988160E-1 3.9649420E-3
3.8007350E-1 5.1013190E-3
3.8982060E-1 6.3429880E-3
3.9998960E-1 7.9485200E-3
4.0996460E-1 9.5671470E-3
4.1992860E-1 1.1557000E-2
4.3002890E-1 1.3469340E-2
4.3998100E-1 1.5722320E-2
4.4997930E-1 1.7804410E-2
4.5998860E-1 2.0406140E-2
4.6999790E-1 2.2948220E-2
4.8006390E-1 2.5860470E-2
4.8998210E-1 2.8611670E-2
5.0000290E-1 3.1498430E-2
