-9.0080260E-2 -1.8782110E-4
-5.9972290E-2 -1.8174950E-4
-3.0013080E-2 -1.7492400E-4
-8.2850460E-6 -1.6657360E-4
1.0000500E-2 -1.6347110E-4
1.9986900E-2 -1.5981190E-4
2.9997350E-2 -1.5634410E-4
4.0007110E-2 -1.5219200E-4
5.0027850E-2 -1.4778480E-4
5.9968950E-2 -1.4271060E-4
7.0046420E-2 -1.3699870E-4
7.9964640E-2 -1.3082260E-4
8.9940070E-2 -1.2364350E-4
1.0005190E-1 -1.1623230E-4
1.0997010E-1 -1.0697150E-4
1.2000230E-1 -9.6779700E-5
1.2997770E-1 -8.5291820E-5
1.4002130E-1 -7.0957760E-5
1.5004210E-1 -5.6710690E-5
1.6002890E-1 -3.9140200E-5
1.6993570E-1 -2.1044310E-5
1.7992210E-1 3.1406830E-6
1.9013690E-1 3.0850280E-5
1.9992970E-1 5.9756330E-5
2.0999620E-1 9.6375150E-5
2.2003030E-1 1.3876330E-4
2.2990320E-1 1.8477910E-4
2.3996970E-1 2.4139560E-4
2.4989940E-1 3.0439110E-4
2.5998880E-1 3.8298060E-4
2.6987270E-1 4.6270080E-4
2.7998500E-1 5.5869320E-4
2.8985740E-1 6.5602530E-4
2.9992390E-1 7.8246300E-4
3.0991080E-1 9.1413150E-4
3.1993150E-1 1.0635760E-3
3.2995220E-1 1.2163910E-3
3.3992770E-1 1.3898330E-3
3.4995990E-1 1.5748110E-3
3.5996960E-1 1.7826760E-3
3.6993310E-1 1.9797630E-3
3.7997670E-1 2.1959150E-3
3.8994070E-1 2.4038390E-3
3.9995050E-1 2.6531390E-3
4.0997120E-1 2.8982670E-3
4.1994670E-1 3.1745140E-3
4.2996740E-1 3.4224220E-3
4.3996520E-1 3.6947880E-3
4.4992920E-1 3.9453040E-3
4.5995000E-1 4.2424130E-3
4.6997120E-1 4.5261350E-3
4.8001480E-1 4.8435260E-3
4.9001260E-1 5.1320570E-3
5.0004530E-1 5.4398870E-3
5.0996350E-1 5.7363010E-3
5.2000710E-1 6.0590800E-3
5.2997110E-1 6.3824390E-3
5.4000330E-1 6.7090450E-3
5.5002400E-1 7.0314780E-3
5.5998800E-1 7.3446970E-3
5.7003160E-1 7.6929160E-3
5.8001850E-1 8.0325600E-3
5.9003930E-1 8.4008310E-3
6.0002570E-1 8.7255820E-3
