-9.0065480E-2 -1.6145830E-4
-6.0004710E-2 -1.6015930E-4
-3.0045990E-2 -1.5869810E-4
2.5868420E-5 -1.5728320E-4
9.7774860E-3 -1.5636110E-4
1.9829450E-2 -1.5571170E-4
3.0019280E-2 -1.5576960E-4
3.9982800E-2 -1.5516080E-4
4.9980160E-2 -1.5458090E-4
6.0011860E-2 -1.5398370E-4
6.9986820E-2 -1.5327040E-4
8.0098630E-2 -1.5235990E-4
9.0004920E-2 -1.5155400E-4
9.9876880E-2 -1.5076530E-4
1.0998870E-1 -1.4962870E-4
1.1996360E-1 -1.4861980E-4
1.3007500E-1 -1.4719910E-4
1.3999270E-1 -1.4526820E-4
1.5002490E-1 -1.4267610E-4
1.6001080E-1 -1.3971290E-4
1.7003150E-1 -1.3575820E-4
1.7993780E-1 -1.3107270E-4
1.8993520E-1 -1.2360980E-4
2.0000120E-1 -1.1438390E-4
2.0995330E-1 -1.0159170E-4
2.1997590E-1 -8.2728760E-5
2.2989420E-1 -5.8878300E-5
2.3993730E-1 -2.8367340E-5
2.5007150E-1 1.7124330E-5
2.6000120E-1 7.7146920E-5
2.6990750E-1 1.6335070E-4
2.8004170E-1 2.7598790E-4
2.8989120E-1 4.2134780E-4
2.9992340E-1 6.2249880E-4
3.0989790E-1 8.9371160E-4
3.1996440E-1 1.2449680E-3
3.2992740E-1 1.6289860E-3
3.3994820E-1 2.1820930E-3
3.4991170E-1 2.8211380E-3
3.5987520E-1 3.6467720E-3
3.6994120E-1 4.5218370E-3
3.8003020E-1 5.5494760E-3
3.8993640E-1 6.6611390E-3
3.9997960E-1 7.9275820E-3
4.0996600E-1 9.3744120E-3
4.1987230E-1 1.0772910E-2
4.2993880E-1 1.2334730E-2
4.4006160E-1 1.4089450E-2
4.4995690E-1 1.5801310E-2
4.5996570E-1 1.7593120E-2
4.7000890E-1 1.9456160E-2
4.7997240E-1 2.1407860E-2
4.8993590E-1 2.3562880E-2
5.0002480E-1 2.5538330E-2
5.0996540E-1 2.7648750E-2
5.1997470E-1 2.9599280E-2
5.2993820E-1 3.1929840E-2
