9.4992820E-3 3.8436886E-8
1.9991900E-2 8.0091392E-8
2.9983040E-2 1.2202648E-7
3.9974210E-2 1.6728590E-7
4.9973010E-2 2.0853634E-7
5.9981350E-2 2.5240139E-7
6.9979670E-2 3.0563542E-7
7.9961300E-2 3.6554835E-7
8.9983940E-2 4.1692821E-7
9.9984650E-2 4.8831245E-7
1.0998200E-1 5.7777985E-7
1.1997940E-1 6.5483260E-7
1.2998100E-1 7.5276813E-7
1.3997840E-1 8.5953187E-7
1.4997630E-1 9.8189817E-7
1.5997840E-1 1.1237678E-6
1.6997600E-1 1.2832736E-6
1.7997600E-1 1.4649766E-6
1.8997550E-1 1.7087923E-6
1.9997240E-1 1.9176692E-6
2.0997140E-1 2.1921520E-6
2.1997810E-1 2.5116385E-6
2.2996380E-1 2.8682769E-6
2.3997740E-1 3.2624429E-6
2.4996260E-1 3.7252088E-6
2.6000050E-1 4.2162308E-6
2.6999000E-1 4.7923773E-6
2.7997710E-1 5.4382637E-6
2.8999950E-1 6.1647766E-6
2.9997970E-1 6.9597399E-6
3.0999990E-1 7.8435165E-6
3.1999060E-1 8.8452601E-6
3.2997680E-1 9.9394579E-6
3.3999730E-1 1.1137560E-5
3.4997890E-1 1.2486656E-5
3.6000110E-1 1.3957092E-5
3.6998770E-1 1.5540051E-5
3.7997580E-1 1.7295674E-5
3.8999460E-1 1.9109432E-5
3.9998270E-1 2.1164956E-5
4.0996190E-1 2.3352480E-5
4.1998290E-1 2.5767267E-5
4.2997030E-1 2.8283901E-5
4.3998930E-1 3.0877762E-5
4.4997550E-1 3.3696172E-5
4.5995740E-1 3.6708974E-5
4.6999480E-1 4.0103736E-5
4.7998430E-1 4.3351099E-5
4.9000500E-1 4.6816007E-5
4.9999260E-1 5.0638535E-5
5.0997660E-1 5.4526557E-5
5.1999590E-1 5.8475128E-5
5.2998210E-1 6.2638462E-5
5.4000470E-1 6.6951502E-5
5.4999140E-1 7.1539121E-5
5.5997940E-1 7.5989231E-5
5.6999350E-1 8.1070476E-5
5.7998300E-1 8.6048681E-5
5.9000800E-1 9.1200806E-5
5.9999080E-1 9.6462418E-5
6.0997960E-1 1.0176278E-4
6.1999420E-1 1.0728308E-4
6.2998370E-1 1.1294707E-4
6.4000390E-1 1.1865143E-4
6.4999320E-1 1.2433359E-4
6.5997700E-1 1.3007414E-4
6.6999960E-1 1.3628385E-4
6.7997910E-1 1.4224700E-4
6.9000120E-1 1.4825996E-4
6.9998860E-1 1.5448626E-4
7.0997740E-1 1.6059722E-4
7.1999620E-1 1.6680275E-4
7.2997810E-1 1.7303033E-4
7.3999830E-1 1.7930736E-4
7.4998810E-1 1.8569597E-4
7.5997470E-1 1.9209780E-4
7.6999430E-1 1.9848425E-4
7.7997970E-1 2.0479949E-4
7.8999950E-1 2.1124535E-4
7.9998230E-1 2.1785026E-4
8.0997200E-1 2.2424546E-4
8.1999160E-1 2.3085516E-4
8.2997890E-1 2.3744593E-4
8.3996180E-1 2.4401755E-4
8.4998150E-1 2.5055143E-4
8.5997390E-1 2.5723996E-4
8.6998920E-1 2.6387938E-4
8.7997790E-1 2.7059656E-4
8.8995890E-1 2.7722516E-4
8.9998200E-1 2.8395568E-4
9.0997220E-1 2.9055714E-4
9.1999200E-1 2.9740571E-4
9.2997480E-1 3.0404762E-4
9.3996450E-1 3.1057271E-4
9.4997570E-1 3.1715136E-4
9.5996380E-1 3.2392872E-4
9.6998500E-1 3.3051784E-4
9.7997470E-1 3.3715883E-4
9.8995660E-1 3.4369469E-4
9.9997470E-1 3.5030941E-4
