-9.0002060E-2 -8.2213570E-6
-6.0087680E-2 -5.9651590E-6
-3.0002120E-2 -3.2553530E-6
-9.8359580E-4 -7.4469280E-9
1.0160860E-2 1.4089530E-6
1.9987230E-2 2.6287960E-6
3.0123230E-2 4.1228360E-6
4.0098670E-2 5.6376720E-6
4.9983020E-2 7.4322830E-6
5.9924130E-2 9.4456170E-6
6.9944860E-2 1.1479250E-5
7.9920290E-2 1.4032620E-5
8.9986800E-2 1.6767500E-5
9.9882600E-2 2.0087540E-5
1.0998340E-1 2.3591390E-5
1.1996980E-1 2.7529600E-5
1.2986560E-1 3.2243740E-5
1.3995500E-1 3.7766280E-5
1.5006730E-1 4.4837200E-5
1.5991740E-1 5.2053700E-5
1.7000680E-1 6.1163020E-5
1.8002750E-1 7.0510130E-5
1.8995710E-1 8.4897840E-5
1.9994400E-1 1.0078230E-4
2.1001050E-1 1.2224380E-4
2.1993160E-1 1.4374150E-4
2.3007820E-1 1.7719690E-4
2.3993970E-1 2.1386520E-4
2.5001760E-1 2.6959550E-4
2.6003890E-1 3.2329020E-4
2.6999140E-1 3.9697460E-4
2.7988720E-1 4.6733050E-4
2.8996520E-1 5.7117080E-4
2.9981520E-1 6.7920400E-4
3.0991600E-1 8.2407940E-4
3.2001690E-1 9.6203620E-4
3.3011770E-1 1.1137200E-3
3.3989910E-1 1.2797490E-3
3.4997750E-1 1.4972390E-3
3.5996390E-1 1.6770590E-3
3.6995080E-1 1.8942000E-3
3.8001780E-1 2.0794100E-3
3.8987920E-1 2.3199060E-3
3.9994570E-1 2.5466100E-3
4.1001220E-1 2.8172970E-3
4.1985080E-1 3.0586630E-3
4.2998600E-1 3.3186300E-3
4.3989320E-1 3.5668910E-3
4.5006230E-1 3.8376930E-3
4.6002630E-1 4.1263480E-3
4.6989920E-1 4.3977870E-3
4.7994280E-1 4.6771690E-3
4.8996400E-1 4.9269370E-3
5.0007630E-1 5.2420140E-3
5.0996070E-1 5.5310150E-3
5.2009580E-1 5.8773290E-3
5.2996830E-1 6.1467400E-3
5.4003520E-1 6.4575900E-3
5.4989670E-1 6.7125730E-3
5.5990600E-1 7.0493240E-3
5.7002970E-1 7.3448720E-3
5.8013060E-1 7.7089180E-3
5.8999200E-1 8.0005270E-3
6.0003610E-1 8.3340910E-3
