-9.0068340E-2 -3.0270100E-7
-5.9983250E-2 -2.2513590E-7
-3.0012610E-2 -1.3276420E-7
1.2248750E-4 -1.4770930E-8
9.8944310E-3 3.1083500E-8
1.9837170E-2 7.7604010E-8
2.9985900E-2 1.4438360E-7
3.9960860E-2 2.1704570E-7
4.9981590E-2 3.0039500E-7
5.9968470E-2 3.9869110E-7
6.9977760E-2 5.1843220E-7
8.0021380E-2 6.6544610E-7
8.9984890E-2 8.4973790E-7
1.0001710E-1 1.0924410E-6
1.0996910E-1 1.4161430E-6
1.1998990E-1 1.7872680E-6
1.2994240E-1 2.2805560E-6
1.3998600E-1 2.9258700E-6
1.4998390E-1 3.7848950E-6
1.5999320E-1 4.9250830E-6
1.7000250E-1 6.4578220E-6
1.7996640E-1 8.5114300E-6
1.8998720E-1 1.1284120E-5
1.9996210E-1 1.5062190E-5
2.0996000E-1 2.0180990E-5
2.1998310E-1 2.7121850E-5
2.2994710E-1 3.6605560E-5
2.3995640E-1 4.9679470E-5
2.4987460E-1 6.7508560E-5
2.5996350E-1 9.2400310E-5
2.6995040E-1 1.2554040E-4
2.7995970E-1 1.7149210E-4
2.8995750E-1 2.3480600E-4
2.9994440E-1 3.2111330E-4
3.0994220E-1 4.3728550E-4
3.1995150E-1 5.9402220E-4
3.2996080E-1 8.0322310E-4
3.3997060E-1 1.0853560E-3
3.4995700E-1 1.4522340E-3
3.5997770E-1 1.9241140E-3
3.6995320E-1 2.5242960E-3
3.7998530E-1 3.2819250E-3
3.8993740E-1 4.2163580E-3
3.9993570E-1 5.3391250E-3
4.0997930E-1 6.6634990E-3
4.1993140E-1 8.1891880E-3
4.2997500E-1 9.9353180E-3
4.3996190E-1 1.1913960E-2
4.4995980E-1 1.4077750E-2
4.5995760E-1 1.6459360E-2
4.6998980E-1 1.9044890E-2
4.7999950E-1 2.1804810E-2
