-9.0054510E-2 -2.7222060E-7
-5.9993740E-2 -2.0023030E-7
-3.0000690E-2 -1.1399520E-7
-3.3020970E-5 -4.1753620E-9
1.0148610E-2 3.8560130E-8
1.9877910E-2 8.5623270E-8
3.0008320E-2 1.3517870E-7
4.0005680E-2 2.0350290E-7
4.9992080E-2 2.8214440E-7
6.0001370E-2 3.7639550E-7
6.9987300E-2 4.8803530E-7
8.0008030E-2 6.2411640E-7
8.9982990E-2 7.9438810E-7
9.9991800E-2 1.0105200E-6
1.0997820E-1 1.2936330E-6
1.1999890E-1 1.6744450E-6
1.2995100E-1 2.1414780E-6
1.3998270E-1 2.7644600E-6
1.5002580E-1 3.5931610E-6
1.5998940E-1 4.7026370E-6
1.7001010E-1 6.2028810E-6
1.7996220E-1 8.2246150E-6
1.9000530E-1 1.0953310E-5
1.9995740E-1 1.4708090E-5
2.0996670E-1 1.9805880E-5
2.1996640E-1 2.6739610E-5
2.2992990E-1 3.6232360E-5
2.3996210E-1 4.9333800E-5
2.4992560E-1 6.7372380E-5
2.5994590E-1 9.2097080E-5
2.6995520E-1 1.2566500E-4
2.7995300E-1 1.7202720E-4
2.8995080E-1 2.3580950E-4
2.9994870E-1 3.2308300E-4
3.0995750E-1 4.4073700E-4
3.1995530E-1 5.9929070E-4
3.2996460E-1 8.1074800E-4
3.3997390E-1 1.0957030E-3
3.4995990E-1 1.4679600E-3
3.5998060E-1 1.9442350E-3
3.6994410E-1 2.5485160E-3
3.7996480E-1 3.3105300E-3
3.8993980E-1 4.2449980E-3
3.9993760E-1 5.3701140E-3
4.1000370E-1 6.6902260E-3
4.1993280E-1 8.2028400E-3
4.2997650E-1 9.9265580E-3
4.3996290E-1 1.1878330E-2
4.4996020E-1 1.3997450E-2
4.5995810E-1 1.6326290E-2
4.6997880E-1 1.8839940E-2
4.7999910E-1 2.1529690E-2
