-9.0055470E-2 -2.5589910E-7
-5.9925560E-2 -1.8779160E-7
-2.9966830E-2 -1.0383200E-7
2.2375580E-4 -6.0864100E-9
1.0078010E-2 3.2430480E-8
2.0225550E-2 8.6359960E-8
3.0019280E-2 1.3569620E-7
3.9971350E-2 1.9826300E-7
5.0003530E-2 2.7506230E-7
5.9978490E-2 3.6852340E-7
7.0010660E-2 4.8268930E-7
8.0042360E-2 6.2551160E-7
9.0040210E-2 7.9695790E-7
1.0000370E-1 1.0140610E-6
1.0996720E-1 1.2879990E-6
1.1998800E-1 1.6760440E-6
1.2996290E-1 2.1426350E-6
1.4000610E-1 2.7602980E-6
1.5001540E-1 3.5872940E-6
1.5997890E-1 4.6965270E-6
1.7002250E-1 6.1906960E-6
1.7998600E-1 8.2035080E-6
1.8999530E-1 1.0951070E-5
1.9997020E-1 1.4669930E-5
2.0997910E-1 1.9731230E-5
2.1996830E-1 2.6685900E-5
2.2995470E-1 3.6251240E-5
2.3996400E-1 4.9395080E-5
2.4993900E-1 6.7272020E-5
2.5993680E-1 9.1695370E-5
2.6995750E-1 1.2566010E-4
2.7995540E-1 1.7220830E-4
2.8996470E-1 2.3557940E-4
2.9996250E-1 3.2169950E-4
3.0996040E-1 4.3844990E-4
3.1994680E-1 5.9735290E-4
3.2996750E-1 8.1070230E-4
3.3996530E-1 1.0914820E-3
3.4996320E-1 1.4588160E-3
3.5998340E-1 1.9353830E-3
3.6992450E-1 2.5447100E-3
3.7999060E-1 3.3084120E-3
3.8994310E-1 4.2351220E-3
3.9996340E-1 5.3424000E-3
4.0998410E-1 6.6521500E-3
4.1994760E-1 8.1701650E-3
4.3000270E-1 9.9072250E-3
4.3993230E-1 1.1828040E-2
4.4996400E-1 1.3965710E-2
4.5995040E-1 1.6299200E-2
4.6999410E-1 1.8794910E-2
4.8001480E-1 2.1440070E-2
