-9.0044020E-2 -8.3561300E-7
-5.9959890E-2 -6.3900610E-7
-3.0001160E-2 -3.7857670E-7
1.5661120E-4 -7.8913300E-9
9.9908410E-3 1.5274710E-7
1.9995870E-2 3.5398490E-7
3.0019760E-2 6.1128550E-7
3.9971830E-2 9.0410980E-7
5.0037860E-2 1.3116460E-6
5.9944630E-2 1.7623240E-6
7.0033550E-2 2.4218920E-6
8.0031390E-2 3.1845410E-6
9.0029240E-2 4.2586530E-6
9.9969860E-2 5.5971230E-6
1.1001350E-1 7.4461820E-6
1.1999990E-1 9.7927040E-6
1.2998630E-1 1.3018970E-5
1.4000650E-1 1.7291620E-5
1.5000440E-1 2.2992550E-5
1.5999080E-1 3.0594370E-5
1.7002300E-1 4.0779620E-5
1.7998650E-1 5.4558450E-5
1.8999530E-1 7.3192150E-5
1.9997020E-1 9.8282970E-5
2.1000240E-1 1.3172580E-4
2.1999120E-1 1.7695180E-4
2.2995470E-1 2.3793940E-4
2.3998690E-1 3.1967580E-4
2.4993900E-1 4.2774500E-4
2.5994830E-1 5.7012100E-4
2.6995750E-1 7.5829120E-4
2.7994390E-1 1.0041670E-3
2.8996470E-1 1.3224050E-3
3.0006500E-1 1.7313470E-3
3.0992600E-1 2.2405980E-3
3.2003780E-1 2.8841140E-3
3.2988740E-1 3.6560450E-3
3.3999920E-1 4.6134680E-3
3.4991740E-1 5.6976820E-3
3.5998340E-1 6.9836730E-3
3.6994700E-1 8.4432180E-3
3.7997910E-1 1.0098630E-2
3.8994260E-1 1.1935200E-2
3.9994050E-1 1.3946590E-2
4.0999560E-1 1.6146840E-2
4.1995910E-1 1.8498870E-2
4.3002560E-1 2.1002680E-2
