-9.0043070E-2 -4.9951250E-4
-5.9947970E-2 -4.9915300E-4
-2.9977800E-2 -4.9876460E-4
3.5830740E-3 -4.9319190E-4
1.3459620E-2 -4.9264680E-4
1.6477350E-2 -5.0143200E-4
3.0019760E-2 -4.9835280E-4
3.9994240E-2 -4.9805710E-4
5.0026420E-2 -4.9763370E-4
6.0012820E-2 -4.9711760E-4
7.0033070E-2 -4.9646820E-4
8.0019470E-2 -4.9572020E-4
9.0005870E-2 -4.9467060E-4
1.0002610E-1 -4.9338330E-4
1.1000110E-1 -4.9163770E-4
1.2003280E-1 -4.8928350E-4
1.2998490E-1 -4.8618110E-4
1.4000560E-1 -4.8206980E-4
1.5001440E-1 -4.7658410E-4
1.6000080E-1 -4.6913260E-4
1.7001010E-1 -4.5911220E-4
1.7997360E-1 -4.4550250E-4
1.8999390E-1 -4.2704480E-4
1.9998030E-1 -4.0223750E-4
2.1000100E-1 -3.6891760E-4
2.1997790E-1 -3.2368690E-4
2.2991850E-1 -2.6249200E-4
2.3997350E-1 -1.7991700E-4
2.4994850E-1 -6.9948770E-5
2.5921630E-1 4.9772190E-5
2.6993230E-1 2.6683350E-4
2.7996440E-1 5.1931220E-4
2.8995080E-1 8.4769870E-4
2.9997110E-1 1.2662430E-3
3.0994610E-1 1.7933960E-3
3.1994390E-1 2.4573060E-3
3.2996460E-1 3.2719950E-3
3.3997390E-1 4.2515450E-3
3.4996030E-1 5.4070280E-3
3.5996910E-1 6.7459720E-3
3.6996700E-1 8.2816480E-3
3.7999920E-1 1.0029010E-2
3.8995120E-1 1.1961180E-2
3.9996000E-1 1.4094200E-2
4.0998080E-1 1.6426520E-2
4.1994430E-1 1.8919300E-2
4.3003320E-1 2.1574870E-2
