-9.0033050E-2 -4.5263080E-4
-5.9948920E-2 -4.5237570E-4
-3.0001160E-2 -4.5211470E-4
4.8870740E-3 -4.4694210E-4
7.8094600E-3 -4.5260760E-4
1.5150130E-2 -4.5728160E-4
3.0031200E-2 -4.5231760E-4
4.0017600E-2 -4.5215540E-4
5.0015450E-2 -4.5205680E-4
5.9990410E-2 -4.5190600E-4
7.0011140E-2 -4.5170300E-4
8.0020430E-2 -4.5152320E-4
8.9961050E-2 -4.5122750E-4
1.0000470E-1 -4.5095500E-4
1.0996820E-1 -4.5062440E-4
1.2000040E-1 -4.5018360E-4
1.2997530E-1 -4.4970240E-4
1.3999610E-1 -4.4900070E-4
1.4999390E-1 -4.4810190E-4
1.5999170E-1 -4.4697690E-4
1.7001250E-1 -4.4540540E-4
1.7999890E-1 -4.4343960E-4
1.9001960E-1 -4.4069090E-4
1.9998310E-1 -4.3696220E-4
2.0998100E-1 -4.3189400E-4
2.1998170E-1 -4.2509180E-4
2.2993370E-1 -4.1569760E-4
2.3997740E-1 -4.0267910E-4
2.4992990E-1 -3.8483590E-4
2.5995020E-1 -3.6041670E-4
2.6995990E-1 -3.2692800E-4
2.7993490E-1 -2.8100060E-4
2.8996710E-1 -2.1753750E-4
2.9994200E-1 -1.3044380E-4
3.0992840E-1 -1.2684220E-5
3.1996060E-1 1.4645050E-4
3.2993600E-1 3.5703550E-4
3.3996770E-1 6.4420790E-4
3.4994320E-1 1.0129840E-3
3.6000920E-1 1.4971330E-3
3.6993890E-1 2.1041460E-3
3.7999390E-1 2.8709830E-3
3.8996890E-1 3.8120150E-3
3.9995530E-1 4.9431750E-3
4.0998740E-1 6.2732170E-3
4.1995140E-1 7.7979680E-3
4.2998310E-1 9.5373600E-3
4.3995860E-1 1.1507180E-2
4.4995640E-1 1.3649510E-2
4.5995430E-1 1.6007360E-2
4.7002080E-1 1.8552320E-2
4.8000720E-1 2.1271660E-2
