-9.0055470E-2 -4.6695610E-4
-5.9971330E-2 -4.6671250E-4
-2.9978280E-2 -4.6646320E-4
4.4417980E-3 -4.6034540E-4
5.7916640E-3 -4.7053980E-4
1.5101730E-2 -4.7095730E-4
3.0031200E-2 -4.6666040E-4
3.9983270E-2 -4.6648640E-4
5.0004010E-2 -4.6634720E-4
5.9990410E-2 -4.6620230E-4
6.9999690E-2 -4.6603990E-4
8.0031390E-2 -4.6581370E-4
9.0017800E-2 -4.6557600E-4
9.9992750E-2 -4.6529760E-4
1.0999060E-1 -4.6492650E-4
1.1999990E-1 -4.6452640E-4
1.2998630E-1 -4.6400450E-4
1.3999510E-1 -4.6332600E-4
1.5002730E-1 -4.6245040E-4
1.5999080E-1 -4.6126160E-4
1.7002300E-1 -4.5973070E-4
1.7998650E-1 -4.5774750E-4
1.9001820E-1 -4.5501040E-4
1.9999310E-1 -4.5128180E-4
2.1000240E-1 -4.4629480E-4
2.1999120E-1 -4.3940000E-4
2.2995470E-1 -4.2994200E-4
2.3998690E-1 -4.1697570E-4
2.4995040E-1 -3.9929500E-4
2.5995970E-1 -3.7500940E-4
2.6994610E-1 -3.4142250E-4
2.7995540E-1 -2.9514750E-4
2.8996470E-1 -2.3161530E-4
2.9996250E-1 -1.4492240E-4
3.0997180E-1 -2.7191780E-5
3.1860160E-1 1.0019260E-4
3.2997850E-1 3.4323680E-4
3.3996530E-1 6.2676520E-4
3.4997420E-1 9.9683130E-4
3.5998340E-1 1.4709850E-3
3.6995840E-1 2.0796170E-3
3.8000200E-1 2.8456950E-3
3.8995410E-1 3.7776210E-3
3.9995190E-1 4.8922000E-3
4.0998410E-1 6.2046140E-3
4.1994760E-1 7.7239630E-3
4.3001410E-1 9.4628780E-3
4.3995480E-1 1.1395860E-2
4.4996400E-1 1.3539330E-2
4.5996190E-1 1.5891940E-2
4.6999410E-1 1.8409650E-2
4.8001480E-1 2.1087260E-2
