-9.9100000E+37 -4.5530420E-4
-9.0044500E-2 -4.6203090E-4
-5.9971810E-2 -4.6176990E-4
-2.9989720E-2 -4.6151480E-4
4.8446660E-3 -4.5565200E-4
7.5809360E-3 -4.6543490E-4
3.0008320E-2 -4.6163660E-4
3.9994720E-2 -4.6153220E-4
5.0015450E-2 -4.6133490E-4
5.9990410E-2 -4.6121900E-4
6.9976810E-2 -4.6098710E-4
8.0008980E-2 -4.6077250E-4
8.9995380E-2 -4.6053470E-4
9.9993230E-2 -4.6027380E-4
1.0997960E-1 -4.5989100E-4
1.1996600E-1 -4.5943880E-4
1.2996390E-1 -4.5893420E-4
1.4000750E-1 -4.5819780E-4
1.5001680E-1 -4.5728730E-4
1.5999170E-1 -4.5613920E-4
1.7000100E-1 -4.5463140E-4
1.7999890E-1 -4.5250900E-4
1.9000820E-1 -4.4978930E-4
1.9998310E-1 -4.4607800E-4
2.0996950E-1 -4.4099820E-4
2.1995880E-1 -4.3402220E-4
2.2995660E-1 -4.2458730E-4
2.3995450E-1 -4.1166740E-4
2.4992990E-1 -3.9395180E-4
2.5995020E-1 -3.6939920E-4
2.6994850E-1 -3.3548140E-4
2.7995780E-1 -2.8918300E-4
2.8994420E-1 -2.2607340E-4
2.9995350E-1 -1.3987280E-4
3.0997420E-1 -2.2086040E-5
3.1996060E-1 1.3840150E-4
3.2994700E-1 3.5248910E-4
3.3993390E-1 6.3465700E-4
3.4997700E-1 1.0037000E-3
3.5995240E-1 1.4895410E-3
3.6993890E-1 2.1036250E-3
3.7998250E-1 2.8708090E-3
3.8994600E-1 3.8054080E-3
3.9993290E-1 4.9318760E-3
4.0998740E-1 6.2726380E-3
4.1994000E-1 7.8277530E-3
4.2999460E-1 9.5957720E-3
4.3994710E-1 1.1569170E-2
4.4996790E-1 1.3753790E-2
4.5997710E-1 1.6130180E-2
4.6999790E-1 1.8683840E-2
4.8001860E-1 2.1418810E-2
