-9.0033050E-2 -4.6790520E-4
-5.9960370E-2 -4.6761520E-4
-3.0012610E-2 -4.6741800E-4
4.8894290E-3 -4.6136390E-4
6.8435670E-3 -4.7434770E-4
2.0564940E-2 -4.6421120E-4
3.0008320E-2 -4.6759200E-4
3.9983270E-2 -4.6742960E-4
4.9992560E-2 -4.6726720E-4
5.9967520E-2 -4.6705850E-4
6.9976810E-2 -4.6691940E-4
8.0008980E-2 -4.6672800E-4
9.0006830E-2 -4.6650760E-4
1.0000470E-1 -4.6614800E-4
1.0997960E-1 -4.6574790E-4
1.2001180E-1 -4.6534780E-4
1.2998680E-1 -4.6479690E-4
1.3998460E-1 -4.6410690E-4
1.5002820E-1 -4.6317910E-4
1.6000320E-1 -4.6200770E-4
1.6998960E-1 -4.6044190E-4
1.7996450E-1 -4.5841820E-4
1.8998530E-1 -4.5560570E-4
1.9997170E-1 -4.5190600E-4
2.0999240E-1 -4.4680880E-4
2.1998170E-1 -4.3997760E-4
2.2994520E-1 -4.3054290E-4
2.3996590E-1 -4.1755320E-4
2.4994090E-1 -3.9969270E-4
2.5995020E-1 -3.7520390E-4
2.6993700E-1 -3.4166300E-4
2.7995780E-1 -2.9585170E-4
2.8995560E-1 -2.3290460E-4
2.9994200E-1 -1.4623420E-4
3.0996270E-1 -2.8960100E-5
3.1859250E-1 9.9794970E-5
3.2990170E-1 3.4075180E-4
3.3995680E-1 6.2264710E-4
3.4990880E-1 9.9151580E-4
3.5995240E-1 1.4736040E-3
3.6992740E-1 2.0784750E-3
3.7995960E-1 2.8377210E-3
3.8992310E-1 3.7730150E-3
3.9995530E-1 4.9001200E-3
4.0997600E-1 6.2309730E-3
4.1991710E-1 7.7577510E-3
4.2998310E-1 9.4941890E-3
4.3997000E-1 1.1467200E-2
4.4995640E-1 1.3611290E-2
4.5994280E-1 1.5964490E-2
4.7000930E-1 1.8512350E-2
4.8000720E-1 2.1240380E-2
