-9.0044500E-2 -4.6962740E-4
-5.9971810E-2 -4.6939540E-4
-2.9989720E-2 -4.6914610E-4
4.7327580E-3 -4.6297020E-4
1.4650700E-2 -4.6421120E-4
1.5212570E-2 -4.7457390E-4
3.0008320E-2 -4.6932010E-4
3.9971830E-2 -4.6920420E-4
4.9969670E-2 -4.6901280E-4
5.9978960E-2 -4.6885620E-4
6.9988250E-2 -4.6866480E-4
7.9986100E-2 -4.6842130E-4
9.0006830E-2 -4.6820670E-4
1.0003900E-1 -4.6789360E-4
1.0995670E-1 -4.6750510E-4
1.2002330E-1 -4.6712810E-4
1.2996390E-1 -4.6655400E-4
1.3998460E-1 -4.6584070E-4
1.5001680E-1 -4.6495350E-4
1.5999170E-1 -4.6375890E-4
1.6998960E-1 -4.6223380E-4
1.7996450E-1 -4.6015780E-4
1.9001960E-1 -4.5739170E-4
1.9997170E-1 -4.5362830E-4
2.0996950E-1 -4.4867020E-4
2.1997020E-1 -4.4167670E-4
2.2992230E-1 -4.3223030E-4
2.3995450E-1 -4.1921750E-4
2.4991850E-1 -4.0149030E-4
2.5993920E-1 -3.7728560E-4
2.6993700E-1 -3.4368110E-4
2.7994630E-1 -2.9748700E-4
2.8994420E-1 -2.3408180E-4
2.9995350E-1 -1.4776500E-4
3.0997420E-1 -3.0315890E-5
3.1883190E-1 9.7164560E-5
3.2995840E-1 3.3934860E-4
3.3995680E-1 6.2198030E-4
3.4996600E-1 9.9085480E-4
3.5997530E-1 1.4639270E-3
3.6991600E-1 2.0720420E-3
3.7997100E-1 2.8361570E-3
3.8994600E-1 3.7672780E-3
3.9994380E-1 4.8803020E-3
4.0997600E-1 6.1937120E-3
4.1995140E-1 7.7153330E-3
4.2998310E-1 9.4607530E-3
4.3994710E-1 1.1398850E-2
4.4995640E-1 1.3552190E-2
4.5994280E-1 1.5907720E-2
4.7000930E-1 1.8434720E-2
4.7999570E-1 2.1122200E-2
