5.8200E-2 1.9790E-7
7.8400E-2 2.9810E-7
9.8600E-2 4.2240E-7
1.1870E-1 5.7660E-7
1.3900E-1 7.7020E-7
1.5910E-1 1.0201E-6
1.7920E-1 1.3490E-6
1.9960E-1 1.8080E-6
2.1970E-1 2.4650E-6
2.3990E-1 3.4610E-6
2.5990E-1 5.0620E-6
2.8010E-1 7.8080E-6
2.9980E-1 1.2730E-5
3.2010E-1 2.2060E-5
3.4040E-1 4.0490E-5
3.6060E-1 7.7640E-5
3.7920E-1 1.5360E-4
4.0100E-1 3.0860E-4
4.2120E-1 6.2790E-4
4.4140E-1 1.2600E-3
4.6140E-1 2.4770E-3
4.8150E-1 4.6600E-3
5.0170E-1 8.2890E-3
5.2170E-1 1.3810E-2
5.4170E-1 2.1480E-2
