0.000E+0 -36.8050954
1.000E-2 -36.8047054
2.000E-2 -36.8043596
3.000E-2 -36.8040125
4.000E-2 -36.803659
5.000E-2 -36.8033033
6.000E-2 -36.8029417
7.000E-2 -36.8025772
8.000E-2 -36.8022072
9.000E-2 -36.8018329
1.000E-1 -36.801453
1.100E-1 -36.8010665
1.200E-1 -36.8006742
1.300E-1 -36.8002736
1.400E-1 -36.7998658
1.500E-1 -36.7994456
1.600E-1 -36.7990114
1.700E-1 -36.7985602
1.800E-1 -36.7980856
1.900E-1 -36.7975811
2.000E-1 -36.7970358
2.100E-1 -36.796434
2.200E-1 -36.7957544
2.300E-1 -36.7949649
2.400E-1 -36.7940202
2.500E-1 -36.7928552
2.600E-1 -36.7913767
2.700E-1 -36.7894502
2.800E-1 -36.7868821
2.900E-1 -36.7833977
3.000E-1 -36.7785953
3.100E-1 -36.7719153
3.200E-1 -36.7625515
3.300E-1 -36.749371
3.400E-1 -36.7307884
3.500E-1 -36.7046149
3.600E-1 -36.6678866
3.700E-1 -36.616682
3.800E-1 -36.5460042
3.900E-1 -36.4497476
4.000E-1 -36.3208964
4.100E-1 -36.1519505
4.200E-1 -35.9355233
4.300E-1 -35.6647362
4.400E-1 -35.3327103
4.500E-1 -34.9302919
4.600E-1 -34.4417608
4.700E-1 -33.8395861
4.800E-1 -33.0800631
4.900E-1 -32.1007932
5.000E-1 -30.8192515
5.100E-1 -29.131113
5.200E-1 -26.9060369
5.300E-1 -23.9809481
5.400E-1 -20.1490214
5.500E-1 -15.1445138
5.600E-1 -8.62271493
5.700E-1 -0.134885863
5.800E-1 10.9031137
