0.000E+0 -0.0992005455
1.000E-2 -0.0991806812
2.000E-2 -0.0991605428
3.000E-2 -0.0991400706
4.000E-2 -0.0991191822
5.000E-2 -0.0990977637
6.000E-2 -0.099075657
7.000E-2 -0.0990526417
8.000E-2 -0.0990284103
9.000E-2 -0.099002534
1.000E-1 -0.0989744131
1.100E-1 -0.0989432086
1.200E-1 -0.0989077443
1.300E-1 -0.0988663675
1.400E-1 -0.0988167505
1.500E-1 -0.0987556044
1.600E-1 -0.098678267
1.700E-1 -0.0985781059
1.800E-1 -0.0984456538
1.900E-1 -0.098267352
2.000E-1 -0.0980237252
2.100E-1 -0.0976867266
2.200E-1 -0.097215875
2.300E-1 -0.0965526335
2.400E-1 -0.0956122243
2.500E-1 -0.0942717102
2.600E-1 -0.092352633
2.700E-1 -0.0895957248
2.800E-1 -0.0856240719
2.900E-1 -0.0798894733
3.000E-1 -0.0715943714
3.100E-1 -0.0595783301
3.200E-1 -0.0421532032
3.300E-1 -0.0168643244
3.400E-1 0.0198543405
