0.000E+0 0
1.000E-2 3.76175465E-13
2.000E-2 9.09860393E-13
3.000E-2 1.66735176E-12
4.000E-2 2.74281836E-12
5.000E-2 4.26793786E-12
6.000E-2 6.43448055E-12
7.000E-2 9.51236229E-12
8.000E-2 1.38834823E-11
9.000E-2 2.00912485E-11
1.000E-1 2.89072944E-11
1.100E-1 4.14275413E-11
1.200E-1 5.9209326E-11
1.300E-1 8.44656779E-11
1.400E-1 1.20342937E-10
1.500E-1 1.71315941E-10
1.600E-1 2.43751769E-10
1.700E-1 3.46713866E-10
1.800E-1 4.93109598E-10
1.900E-1 7.01327442E-10
2.000E-1 9.97575198E-10
2.100E-1 1.41921656E-9
2.200E-1 2.01953487E-9
2.300E-1 2.87453435E-9
2.400E-1 4.09264949E-9
2.500E-1 5.82860945E-9
2.600E-1 8.30323073E-9
2.700E-1 1.18316797E-8
2.800E-1 1.68638279E-8
2.900E-1 2.40418749E-8
3.000E-1 3.42826309E-8
3.100E-1 4.88950144E-8
3.200E-1 6.97478333E-8
3.300E-1 9.95093829E-8
3.400E-1 1.41989584E-7
3.500E-1 2.02628569E-7
3.600E-1 2.89194371E-7
3.700E-1 4.12779218E-7
3.800E-1 5.89222184E-7
3.900E-1 8.41140577E-7
4.000E-1 1.20083039E-6
4.100E-1 1.71440726E-6
4.200E-1 2.44771773E-6
4.300E-1 3.49456996E-6
4.400E-1 4.98980442E-6
4.500E-1 7.12440282E-6
4.600E-1 1.01720332E-5
4.700E-1 1.4522897E-5
4.800E-1 2.07335684E-5
4.900E-1 2.959576E-5
5.000E-1 4.224515E-5
5.100E-1 6.0285091E-5
5.200E-1 8.60031749E-5
5.300E-1 0.00012264053
5.400E-1 0.000174779133
5.500E-1 0.000248867813
5.600E-1 0.00035392869
5.700E-1 0.000502474939
5.800E-1 0.000711652899
5.900E-1 0.00100456386
6.000E-1 0.00141161309
6.100E-1 0.00197155793
6.200E-1 0.00273163648
