0.000E+0 0
1.000E-2 7.37665868E-13
2.000E-2 1.77992362E-12
3.000E-2 3.25237532E-12
4.000E-2 5.33251115E-12
5.000E-2 8.27804717E-12
6.000E-2 1.24458591E-11
7.000E-2 1.83435768E-11
8.000E-2 2.66885648E-11
9.000E-2 3.84958907E-11
1.000E-1 5.52014816E-11
1.100E-1 7.88370744E-11
1.200E-1 1.122786E-10
1.300E-1 1.59598918E-10
1.400E-1 2.26569177E-10
1.500E-1 3.21373123E-10
1.600E-1 4.55622988E-10
1.700E-1 6.45808051E-10
1.800E-1 9.15361785E-10
1.900E-1 1.29760833E-9
2.000E-1 1.83996768E-9
2.100E-1 2.60995663E-9
2.200E-1 3.70375248E-9
2.300E-1 5.25841345E-9
2.400E-1 7.46930889E-9
2.500E-1 1.06151019E-8
2.600E-1 1.50931795E-8
2.700E-1 2.14704792E-8
2.800E-1 3.05559166E-8
2.900E-1 4.35038286E-8
3.000E-1 6.19616618E-8
3.100E-1 8.82808309E-8
3.200E-1 1.25817802E-7
3.300E-1 1.79363994E-7
3.400E-1 2.55759615E-7
3.500E-1 3.64770142E-7
3.600E-1 5.20337816E-7
3.700E-1 7.42368508E-7
3.800E-1 1.05928295E-6
3.900E-1 1.51165896E-6
4.000E-1 2.15743068E-6
4.100E-1 3.0793093E-6
4.200E-1 4.39537186E-6
4.300E-1 6.27373453E-6
4.400E-1 8.95624505E-6
4.500E-1 1.27848533E-5
4.600E-1 1.82496001E-5
4.700E-1 2.60485418E-5
4.800E-1 3.71762408E-5
4.900E-1 5.30409346E-5
5.000E-1 7.56769312E-5
5.100E-1 0.000107916543
5.200E-1 0.000153804438
5.300E-1 0.000219028605
5.400E-1 0.000311556748
5.500E-1 0.00044245983
5.600E-1 0.000626946821
5.700E-1 0.000885581721
5.800E-1 0.00124556223
5.900E-1 0.00174178513
6.000E-1 0.0024172196
6.100E-1 0.00332187532
6.200E-1 0.0045099504
