0.000E+0 -0.109492931
1.000E-2 -0.109487637
2.000E-2 -0.109482297
3.000E-2 -0.109476902
4.000E-2 -0.10947144
5.000E-2 -0.109465898
6.000E-2 -0.109460254
7.000E-2 -0.109454482
8.000E-2 -0.109448543
9.000E-2 -0.109442387
1.000E-1 -0.109435946
1.100E-1 -0.109429127
1.200E-1 -0.109421806
1.300E-1 -0.109413814
1.400E-1 -0.109404919
1.500E-1 -0.109394808
1.600E-1 -0.109383049
1.700E-1 -0.109369044
1.800E-1 -0.109351962
1.900E-1 -0.109330636
2.000E-1 -0.109303422
2.100E-1 -0.109267985
2.200E-1 -0.109221001
2.300E-1 -0.109157714
2.400E-1 -0.109071297
2.500E-1 -0.108951925
2.600E-1 -0.108785422
2.700E-1 -0.108551299
2.800E-1 -0.108219888
2.900E-1 -0.107748173
3.000E-1 -0.107073708
3.100E-1 -0.106105748
3.200E-1 -0.104712311
3.300E-1 -0.102701294
3.400E-1 -0.0997929189
3.500E-1 -0.0955794939
3.600E-1 -0.0894666711
3.700E-1 -0.0805876646
3.800E-1 -0.0676779786
3.900E-1 -0.0488924647
4.000E-1 -0.0215381623
4.100E-1 0.0183158023
