0.000E+0 0
1.000E-2 6.3692253E-13
2.000E-2 1.52570399E-12
3.000E-2 2.76687814E-12
4.000E-2 4.50111517E-12
5.000E-2 6.92525761E-12
6.000E-2 1.03147774E-11
7.000E-2 1.50552369E-11
8.000E-2 2.16863804E-11
9.000E-2 3.09639531E-11
1.000E-1 4.39464119E-11
1.100E-1 6.21165993E-11
1.200E-1 8.75525434E-11
1.300E-1 1.23167292E-10
1.400E-1 1.73045775E-10
1.500E-1 2.42918031E-10
1.600E-1 3.40824099E-10
1.700E-1 4.78048276E-10
1.800E-1 6.70431931E-10
1.900E-1 9.40218285E-10
2.000E-1 1.31864472E-9
2.100E-1 1.84958544E-9
2.200E-1 2.59466969E-9
2.300E-1 3.64047291E-9
2.400E-1 5.10861859E-9
2.500E-1 7.1699666E-9
2.600E-1 1.00645349E-8
2.700E-1 1.41294597E-8
2.800E-1 1.98382136E-8
2.900E-1 2.78555671E-8
3.000E-1 3.91145179E-8
3.100E-1 5.49237815E-8
3.200E-1 7.71176094E-8
3.300E-1 1.08263836E-7
3.400E-1 1.51951569E-7
3.500E-1 2.13185521E-7
3.600E-1 2.9892182E-7
3.700E-1 4.1878436E-7
3.800E-1 5.86001326E-7
3.900E-1 8.18587624E-7
4.000E-1 1.14075621E-6
4.100E-1 1.58444343E-6
4.200E-1 2.19064311E-6
4.300E-1 3.00991799E-6
4.400E-1 4.10099544E-6
4.500E-1 5.52586535E-6
