0.000E+0 0
1.000E-2 2.15023435E-15
2.000E-2 5.22293479E-15
3.000E-2 9.62127714E-15
4.000E-2 1.59245171E-14
5.000E-2 2.49649031E-14
6.000E-2 3.79382871E-14
7.000E-2 5.65633076E-14
8.000E-2 8.33106772E-14
9.000E-2 1.21733778E-13
1.000E-1 1.76945849E-13
1.100E-1 2.56309563E-13
1.200E-1 3.70434597E-13
1.300E-1 5.34622252E-13
1.400E-1 7.70959203E-13
1.500E-1 1.11135413E-12
1.600E-1 1.60194395E-12
1.700E-1 2.30948952E-12
1.800E-1 3.33066086E-12
1.900E-1 4.80551922E-12
2.000E-1 6.93709447E-12
2.100E-1 1.00198154E-11
2.200E-1 1.44807991E-11
2.300E-1 2.09398181E-11
2.400E-1 3.02964021E-11
2.500E-1 4.38563559E-11
2.600E-1 6.35155431E-11
2.700E-1 9.20268658E-11
2.800E-1 1.33388117E-10
2.900E-1 1.93405447E-10
3.000E-1 2.80511985E-10
3.100E-1 4.06957173E-10
3.200E-1 5.90534746E-10
3.300E-1 8.57093303E-10
3.400E-1 1.24418399E-9
3.500E-1 1.80636034E-9
3.600E-1 2.62287857E-9
3.700E-1 3.80888572E-9
3.800E-1 5.53167513E-9
3.900E-1 8.03430422E-9
4.000E-1 1.16699081E-8
4.100E-1 1.69515513E-8
4.200E-1 2.4628054E-8
4.300E-1 3.57722166E-8
4.400E-1 5.19674908E-8
4.500E-1 7.54960526E-8
