-9.0054510E-2 -2.0082760E-4
-5.9970380E-2 -1.9936620E-4
-2.9977800E-2 -1.9793400E-4
-9.5427040E-5 -1.9672200E-4
1.0348830E-2 -1.9662350E-4
2.0241860E-2 -1.9522010E-4
2.9996400E-2 -1.9490130E-4
3.9982800E-2 -1.9421700E-4
5.0025940E-2 -1.9371240E-4
5.9966560E-2 -1.9306880E-4
7.0021630E-2 -1.9253530E-4
8.0007550E-2 -1.9201350E-4
8.9993950E-2 -1.9125950E-4
9.9991800E-2 -1.9034340E-4
1.1001210E-1 -1.8944450E-4
1.2002130E-1 -1.8811070E-4
1.2998490E-1 -1.8674230E-4
1.3999410E-1 -1.8526360E-4
1.5001440E-1 -1.8337320E-4
1.5994360E-1 -1.8108260E-4
1.7000960E-1 -1.7823550E-4
1.7997310E-1 -1.7472720E-4
1.8998240E-1 -1.6946180E-4
1.9996880E-1 -1.6283380E-4
2.0998910E-1 -1.5274970E-4
2.1995500E-1 -1.4144780E-4
2.2995280E-1 -1.2507200E-4
2.3997310E-1 -1.0481080E-4
2.4991420E-1 -7.5030880E-5
2.5996880E-1 -3.3999410E-5
2.6972720E-1 2.1111210E-5
2.7983900E-1 9.6403320E-5
2.9001900E-1 1.9089670E-4
2.9986860E-1 3.3440230E-4
3.0992320E-1 5.1521810E-4
3.1990960E-1 7.8113280E-4
3.2993030E-1 1.0645280E-3
3.3996200E-1 1.5029030E-3
3.4994840E-1 2.0237970E-3
3.6001440E-1 2.7579390E-3
3.6993270E-1 3.5249960E-3
3.8003300E-1 4.5055320E-3
3.8993930E-1 5.5218800E-3
3.9993720E-1 6.8383400E-3
4.0987780E-1 8.2503580E-3
4.1994430E-1 9.9091160E-3
4.2998740E-1 1.1511040E-2
4.3996240E-1 1.3522420E-2
4.4996020E-1 1.5369270E-2
4.5998100E-1 1.7453060E-2
4.6998980E-1 1.9422140E-2
4.8001050E-1 2.1713910E-2
4.8998550E-1 2.4016100E-2
5.0001720E-1 2.6474120E-2
5.0996970E-1 2.8853940E-2
5.2004720E-1 3.1280100E-2
