0.000E+0 0
1.000E-2 2.12679488E-15
2.000E-2 5.19691237E-15
3.000E-2 9.63199019E-15
4.000E-2 1.60421469E-14
5.000E-2 2.53102799E-14
6.000E-2 3.87141229E-14
7.000E-2 5.81030305E-14
8.000E-2 8.61541123E-14
9.000E-2 1.26743473E-13
1.000E-1 1.85484504E-13
1.100E-1 2.70508697E-13
1.200E-1 3.93598672E-13
1.300E-1 5.7183284E-13
1.400E-1 8.29973359E-13
1.500E-1 1.20393404E-12
1.600E-1 1.74581731E-12
1.700E-1 2.53123078E-12
1.800E-1 3.66991592E-12
1.900E-1 5.32118834E-12
2.000E-1 7.71636899E-12
2.100E-1 1.11913716E-11
2.200E-1 1.62340468E-11
2.300E-1 2.35529647E-11
2.400E-1 3.41773486E-11
2.500E-1 4.96022682E-11
2.600E-1 7.19995931E-11
2.700E-1 1.04524498E-10
2.800E-1 1.51760802E-10
2.900E-1 2.20368038E-10
3.000E-1 3.20021629E-10
3.100E-1 4.64778982E-10
3.200E-1 6.75064411E-10
3.300E-1 9.80553281E-10
3.400E-1 1.42436273E-9
3.500E-1 2.06914089E-9
3.600E-1 3.00591479E-9
3.700E-1 4.36694657E-9
3.800E-1 6.34441421E-9
3.900E-1 9.21740204E-9
4.000E-1 1.33918856E-8
4.100E-1 1.94572986E-8
4.200E-1 2.82702597E-8
4.300E-1 4.10754649E-8
4.400E-1 5.96815002E-8
4.500E-1 8.67163032E-8
