-9.0043070E-2 -1.1143090E-3
-6.0027600E-2 -7.4454130E-4
-2.9898170E-2 -3.7264040E-4
-2.4765730E-5 -9.5552650E-9
1.0013130E-2 1.2379770E-4
1.9990980E-2 2.4803360E-4
3.0076500E-2 3.7278540E-4
3.9914610E-2 4.9981060E-4
5.0003530E-2 6.2362870E-4
5.9989930E-2 7.4800970E-4
7.0021630E-2 8.7262810E-4
8.0008030E-2 9.9877170E-4
8.9982990E-2 1.1256620E-3
1.0003760E-1 1.2513510E-3
1.0998960E-1 1.3770410E-3
1.2001040E-1 1.5049890E-3
1.2995100E-1 1.6327650E-3
1.4000560E-1 1.7615820E-3
1.4999200E-1 1.8904580E-3
1.6000080E-1 2.0195660E-3
1.6999860E-1 2.1500070E-3
1.7997360E-1 2.2832880E-3
1.8998240E-1 2.4187120E-3
1.9994590E-1 2.5561060E-3
2.1000100E-1 2.6954130E-3
2.1997790E-1 2.8375590E-3
2.2994140E-1 2.9859640E-3
2.3996210E-1 3.1410900E-3
2.4993710E-1 3.3039250E-3
2.5993490E-1 3.4747530E-3
2.6995520E-1 3.6585650E-3
2.7997590E-1 3.8576740E-3
2.8996230E-1 4.0793830E-3
2.9996010E-1 4.3291380E-3
3.0994610E-1 4.6118670E-3
3.1994390E-1 4.9363750E-3
3.2997610E-1 5.3137890E-3
3.3995100E-1 5.7596400E-3
3.4994890E-1 6.2935720E-3
3.5996910E-1 6.9371410E-3
3.6992120E-1 7.7043140E-3
3.7995340E-1 8.6314230E-3
3.8996270E-1 9.7344030E-3
3.9994910E-1 1.1086990E-2
4.0999220E-1 1.2691110E-2
4.1995570E-1 1.4608640E-2
4.2999940E-1 1.6905610E-2
4.3996290E-1 1.9631280E-2
4.4997170E-1 2.2786210E-2
4.5998100E-1 2.6439370E-2
4.7000170E-1 3.0573340E-2
