-9.0054510E-2 -1.1353440E-3
-5.9936520E-2 -7.5728130E-4
-2.9978280E-2 -3.7860160E-4
-3.1828880E-5 -1.0285800E-8
9.9990070E-3 1.2637810E-4
2.0002750E-2 2.5244060E-4
3.0007840E-2 3.7929760E-4
3.9982800E-2 5.0754610E-4
5.0014970E-2 6.3512800E-4
5.9978490E-2 7.6228050E-4
7.0010190E-2 8.8876070E-4
7.9996590E-2 1.0164060E-3
9.0005400E-2 1.1465810E-3
1.0001470E-1 1.2745300E-3
1.1000110E-1 1.4026540E-3
1.2000990E-1 1.5319340E-3
1.2997340E-1 1.6621440E-3
1.4000560E-1 1.7939750E-3
1.5000300E-1 1.9257500E-3
1.5998940E-1 2.0582170E-3
1.7001010E-1 2.1912080E-3
1.7997360E-1 2.3268070E-3
1.8998240E-1 2.4651870E-3
1.9995740E-1 2.6068110E-3
2.1001200E-1 2.7505790E-3
2.2000070E-1 2.8996800E-3
2.2991850E-1 3.0487790E-3
2.4003030E-1 3.2146850E-3
2.4987980E-1 3.3804740E-3
2.6001450E-1 3.5664290E-3
2.6992080E-1 3.7617700E-3
2.8003260E-1 3.9765830E-3
2.8990510E-1 4.2159670E-3
3.0005120E-1 4.4934210E-3
3.0987790E-1 4.8118440E-3
3.1997820E-1 5.1873480E-3
3.2995320E-1 5.6248530E-3
3.3993960E-1 6.1604080E-3
3.4997130E-1 6.7992270E-3
3.5988950E-1 7.6044700E-3
3.7002370E-1 8.5636820E-3
3.7998720E-1 9.7499920E-3
3.8995120E-1 1.1191840E-2
3.9993720E-1 1.2929200E-2
4.0999220E-1 1.5004890E-2
4.1995570E-1 1.7461170E-2
4.3002180E-1 2.0370480E-2
4.3992850E-1 2.3747880E-2
4.4997170E-1 2.7611320E-2
4.5995810E-1 3.1957310E-2
