-9.0054040E-2 -1.3463220E-3
-5.9936050E-2 -9.7654970E-4
-2.9977800E-2 -6.0551010E-4
-1.2993810E-5 -2.3525910E-4
9.9906920E-3 -1.1023200E-4
1.9977870E-2 1.3806830E-5
3.0007840E-2 1.3679780E-4
3.9994240E-2 2.6179800E-4
5.0014500E-2 3.8682160E-4
5.9989450E-2 5.1232050E-4
7.0009710E-2 6.3685090E-4
8.0029960E-2 7.6140460E-4
8.9982030E-2 8.8619040E-4
1.0000280E-1 1.0122810E-3
1.0993190E-1 1.1402550E-3
1.1999800E-1 1.2650750E-3
1.2996100E-1 1.3923270E-3
1.3999320E-1 1.5190580E-3
1.4996770E-1 1.6497300E-3
1.6005660E-1 1.7788370E-3
1.6992900E-1 1.9103770E-3
1.8014290E-1 2.0398330E-3
1.8988990E-1 2.1749080E-3
1.9996740E-1 2.3102720E-3
2.0987370E-1 2.4506210E-3
2.1993060E-1 2.5908540E-3
2.2999670E-1 2.7418660E-3
2.3992590E-1 2.8902680E-3
2.4993520E-1 3.0517690E-3
2.5995540E-1 3.2220760E-3
2.6997570E-1 3.4057110E-3
2.7996210E-1 3.6026740E-3
2.8999420E-1 3.8188770E-3
2.9995730E-1 4.0605760E-3
3.0997800E-1 4.3366940E-3
3.1997590E-1 4.6562740E-3
3.2997320E-1 5.0269070E-3
3.3999400E-1 5.4606420E-3
3.4996840E-1 5.9733040E-3
3.5998920E-1 6.5896320E-3
3.6994120E-1 7.3303750E-3
3.7999580E-1 8.2331370E-3
3.8995930E-1 9.3091060E-3
3.9996860E-1 1.0607230E-2
4.0998890E-1 1.2176570E-2
4.1996380E-1 1.4037890E-2
4.3000700E-1 1.6239850E-2
4.3998190E-1 1.8853110E-2
4.5000220E-1 2.1921710E-2
4.5997710E-1 2.5507630E-2
4.7004320E-1 2.9572050E-2
4.8004100E-1 3.4127150E-2
