-9.0044020E-2 -1.3726520E-3
-5.9948440E-2 -9.9300520E-4
-2.9966830E-2 -6.1558660E-4
1.4096500E-5 -2.3705470E-4
1.0009680E-2 -1.0958430E-4
1.9964040E-2 1.7068360E-5
3.0042650E-2 1.4379340E-4
3.9994720E-2 2.7045420E-4
5.0004010E-2 3.9810660E-4
5.9978960E-2 5.2636210E-4
6.9999220E-2 6.5453070E-4
8.0008510E-2 7.8215990E-4
9.0006350E-2 9.0941790E-4
1.0002710E-1 1.0375810E-3
1.1000200E-1 1.1682060E-3
1.2002230E-1 1.2977200E-3
1.2998630E-1 1.4267140E-3
1.4001800E-1 1.5569240E-3
1.5000440E-1 1.6887560E-3
1.5999080E-1 1.8226170E-3
1.7001150E-1 1.9567660E-3
1.7999790E-1 2.0921920E-3
1.8999530E-1 2.2289510E-3
1.9998170E-1 2.3696500E-3
2.0999100E-1 2.5143460E-3
2.1996830E-1 2.6633890E-3
2.2995470E-1 2.8166620E-3
2.3997550E-1 2.9772370E-3
2.4993900E-1 3.1468530E-3
2.5993680E-1 3.3292750E-3
2.6994610E-1 3.5292540E-3
2.7996680E-1 3.7478360E-3
2.8996470E-1 3.9916820E-3
2.9995110E-1 4.2686760E-3
3.0996040E-1 4.5902300E-3
3.1995820E-1 4.9731550E-3
3.2996700E-1 5.4289180E-3
3.3996490E-1 5.9742700E-3
3.4997420E-1 6.6345330E-3
3.5999490E-1 7.4379300E-3
3.6993600E-1 8.4247910E-3
3.8001350E-1 9.6380560E-3
3.8994260E-1 1.1089980E-2
3.9997480E-1 1.2862100E-2
4.0999560E-1 1.4992270E-2
4.1994760E-1 1.7489120E-2
4.2999120E-1 2.0408300E-2
4.3995480E-1 2.3779350E-2
4.4996400E-1 2.7655570E-2
4.5996190E-1 3.2058390E-2
