-9.0016370E-2 -4.4030280E-6
-5.9933660E-2 -2.9579420E-6
-2.9953480E-2 -1.5217340E-6
-2.8312210E-5 -2.4782170E-9
1.0353120E-2 5.2640690E-7
1.9740460E-2 1.0479460E-6
3.0029770E-2 1.5986220E-6
4.0072440E-2 2.1851940E-6
5.0092700E-2 2.7663750E-6
5.9964660E-2 3.3839460E-6
7.0030210E-2 4.0549550E-6
8.0027580E-2 4.7471370E-6
9.0024950E-2 5.5161510E-6
9.9987980E-2 6.3145160E-6
1.0996250E-1 7.3107290E-6
1.2000510E-1 8.4166110E-6
1.3000250E-1 9.8420550E-6
1.3997700E-1 1.1290930E-5
1.5004250E-1 1.3206210E-5
1.6003990E-1 1.5781390E-5
1.7003730E-1 1.8741600E-5
1.8001170E-1 2.2695120E-5
1.8997480E-1 2.7414060E-5
2.0010900E-1 3.4560320E-5
2.1001480E-1 4.3675200E-5
2.2002600E-1 5.6856120E-5
2.3000050E-1 7.3047110E-5
2.4010040E-1 9.5894340E-5
2.5000670E-1 1.2507990E-4
2.5987860E-1 1.7167790E-4
2.7006960E-1 2.2573330E-4
2.7998730E-1 3.0489660E-4
2.9006430E-1 3.9914250E-4
2.9999350E-1 5.4338460E-4
3.0987640E-1 7.3018880E-4
3.1994250E-1 9.9540830E-4
3.2999660E-1 1.2808520E-3
3.3991430E-1 1.7165450E-3
3.4994600E-1 2.2290140E-3
3.6001160E-1 2.9386750E-3
3.6995170E-1 3.6755090E-3
3.8002920E-1 4.6099390E-3
3.8990120E-1 5.5585650E-3
3.9989850E-1 6.7933850E-3
4.0989590E-1 8.0928730E-3
4.1996150E-1 9.6345130E-3
4.3000460E-1 1.1097540E-2
4.4000200E-1 1.2935040E-2
4.4996500E-1 1.4609190E-2
4.5997380E-1 1.6502310E-2
4.6997120E-1 1.8275510E-2
4.7994570E-1 2.0349950E-2
4.9001120E-1 2.2403540E-2
5.0002000E-1 2.4655240E-2
5.0997160E-1 2.6789920E-2
5.2000330E-1 2.9009740E-2
5.2990960E-1 3.1259130E-2
