0.000E+0 0
1.000E-2 1.04737415E-14
2.000E-2 2.54774151E-14
3.000E-2 4.69884234E-14
4.000E-2 7.7846993E-14
5.000E-2 1.22132607E-13
6.000E-2 1.85704837E-13
7.000E-2 2.76980578E-13
8.000E-2 4.08051437E-13
9.000E-2 5.9629081E-13
1.000E-1 8.66666405E-13
1.100E-1 1.25506959E-12
1.200E-1 1.8131113E-12
1.300E-1 2.61503401E-12
1.400E-1 3.76767819E-12
1.500E-1 5.42485863E-12
1.600E-1 7.80810815E-12
1.700E-1 1.12366157E-11
1.800E-1 1.61704405E-11
1.900E-1 2.32728937E-11
2.000E-1 3.35005953E-11
2.100E-1 4.82334824E-11
2.200E-1 6.94624918E-11
2.300E-1 1.00060488E-10
2.400E-1 1.44173324E-10
2.500E-1 2.07784235E-10
2.600E-1 2.99528189E-10
2.700E-1 4.31866531E-10
2.800E-1 6.22780446E-10
2.900E-1 8.98210593E-10
3.000E-1 1.29556789E-9
3.100E-1 1.86877768E-9
3.200E-1 2.69551036E-9
3.300E-1 3.88751119E-9
3.400E-1 5.60528494E-9
3.500E-1 8.0788184E-9
3.600E-1 1.16365234E-8
3.700E-1 1.67449788E-8
3.800E-1 2.40622217E-8
3.900E-1 3.45064362E-8
4.000E-1 4.93389524E-8
4.100E-1 7.02531467E-8
4.200E-1 9.94462107E-8
4.300E-1 1.39625504E-7
4.400E-1 1.93866789E-7
4.500E-1 2.65213153E-7
