-9.0057370E-2 -8.4316010E-4
-5.9972760E-2 -7.9018050E-4
-3.0001640E-2 -7.3480000E-4
5.8412550E-6 -6.7820760E-4
9.9875330E-3 -6.5807930E-4
1.9997510E-2 -6.3797410E-4
2.9997350E-2 -6.1750370E-4
3.9995190E-2 -5.9668530E-4
4.9993520E-2 -5.7537980E-4
5.9991360E-2 -5.5352910E-4
6.9989680E-2 -5.3165540E-4
8.0101490E-2 -5.0923070E-4
8.9894290E-2 -4.8693350E-4
1.0007480E-1 -4.6370270E-4
1.0992430E-1 -4.4033270E-4
1.1995650E-1 -4.1567530E-4
1.2995480E-1 -3.9119200E-4
1.3991830E-1 -3.6571120E-4
1.5015600E-1 -3.4005650E-4
1.5989160E-1 -3.1208780E-4
1.7016360E-1 -2.8363800E-4
1.7996740E-1 -2.5247420E-4
1.9010260E-1 -2.2023170E-4
1.9989540E-1 -1.8441130E-4
2.1008680E-1 -1.4544210E-4
2.1996210E-1 -9.9466390E-5
2.2992560E-1 -4.7579520E-5
2.3990110E-1 1.4053260E-5
2.4987650E-1 8.8338800E-5
2.5993160E-1 1.8221020E-4
2.6992940E-1 2.9814570E-4
2.7993920E-1 4.4771610E-4
2.8994850E-1 6.3611120E-4
2.9992390E-1 8.8053150E-4
3.0995610E-1 1.1908340E-3
3.1995390E-1 1.5951490E-3
3.2996370E-1 2.1107290E-3
3.3993860E-1 2.7525800E-3
3.4995990E-1 3.5528670E-3
3.5995770E-1 4.5301900E-3
3.6991020E-1 5.7017020E-3
3.7997670E-1 7.1130690E-3
3.8992930E-1 8.7087750E-3
3.9998440E-1 1.0534660E-2
4.0997120E-1 1.2565790E-2
4.1994620E-1 1.4775950E-2
4.2998980E-1 1.7173810E-2
4.3996520E-1 1.9754720E-2
4.4996310E-1 2.2476430E-2
4.5995000E-1 2.5415380E-2
4.7000500E-1 2.8420950E-2
4.8000340E-1 3.1557460E-2
