-9.0034010E-2 -8.5077310E-4
-5.9937950E-2 -7.9757350E-4
-3.0013080E-2 -7.4247190E-4
-7.1227550E-6 -6.8594950E-4
1.0008660E-2 -6.6589090E-4
1.9998520E-2 -6.4585560E-4
3.0042650E-2 -6.2546060E-4
3.9983750E-2 -6.0449160E-4
5.0015930E-2 -5.8308770E-4
5.9979440E-2 -5.6136480E-4
7.0011620E-2 -5.3963030E-4
8.0032350E-2 -5.1739140E-4
9.0007310E-2 -4.9482760E-4
1.0002800E-1 -4.7156230E-4
1.1000350E-1 -4.4791410E-4
1.2001280E-1 -4.2365130E-4
1.2997630E-1 -3.9915660E-4
1.3998560E-1 -3.7408190E-4
1.5006350E-1 -3.4725600E-4
1.5997030E-1 -3.2056910E-4
1.7003680E-1 -2.9107570E-4
1.7996600E-1 -2.6090370E-4
1.9005540E-1 -2.2771640E-4
1.9992780E-1 -1.9345620E-4
2.1005110E-1 -1.5295050E-4
2.1996070E-1 -1.0770120E-4
2.2993560E-1 -5.5654240E-5
2.4000220E-1 6.3631090E-6
2.4992040E-1 8.0773240E-5
2.5994110E-1 1.7330140E-4
2.6997330E-1 2.8856330E-4
2.7994870E-1 4.3239720E-4
2.8994660E-1 6.2221170E-4
2.9995580E-1 8.6255330E-4
3.0996510E-1 1.1734980E-3
3.1996350E-1 1.5684220E-3
3.2997270E-1 2.0783190E-3
3.3991380E-1 2.7209760E-3
3.4996890E-1 3.5262410E-3
3.5996680E-1 4.4916180E-3
3.6994170E-1 5.6562830E-3
3.7997390E-1 7.0216260E-3
3.8996080E-1 8.6223610E-3
3.9994720E-1 1.0423080E-2
4.0995690E-1 1.2439980E-2
4.1994330E-1 1.4655900E-2
4.3000980E-1 1.7078070E-2
4.3993950E-1 1.9616690E-2
4.4996020E-1 2.2323300E-2
4.5995810E-1 2.5167230E-2
4.7001310E-1 2.8180880E-2
4.8001100E-1 3.1294180E-2
