-1.9000E-3 -1.2140E-4
1.8500E-2 -1.2140E-4
3.8600E-2 -1.2130E-4
5.9100E-2 -1.2130E-4
7.9100E-2 -1.2130E-4
9.9100E-2 -1.2130E-4
1.1930E-1 -1.2120E-4
1.3950E-1 -1.2110E-4
1.5960E-1 -1.2120E-4
1.7990E-1 -1.2110E-4
2.0020E-1 -1.2080E-4
2.2020E-1 -1.2080E-4
2.4040E-1 -1.2030E-4
2.6050E-1 -1.1920E-4
2.8060E-1 -1.1730E-4
3.0070E-1 -1.1320E-4
3.2080E-1 -1.0490E-4
3.4110E-1 -8.6960E-5
3.6110E-1 -4.8930E-5
3.8130E-1 3.0810E-5
4.0140E-1 1.8000E-4
4.2160E-1 5.5050E-4
4.4190E-1 1.2400E-3
4.6200E-1 2.6240E-3
4.8220E-1 5.1380E-3
5.0220E-1 9.4120E-3
5.2250E-1 1.5570E-2
5.4250E-1 2.5650E-2
