-9.0033050E-2 -1.9820400E-4
-5.9937480E-2 -1.9653390E-4
-3.0024050E-2 -1.9486380E-4
-1.1429190E-4 -1.9290370E-4
1.0311340E-2 -1.9266010E-4
2.0000760E-2 -1.9144240E-4
3.0042650E-2 -1.9115240E-4
3.9994720E-2 -1.9049130E-4
4.9958230E-2 -1.8978390E-4
6.0036180E-2 -1.8924460E-4
7.0022580E-2 -1.8831680E-4
7.9928870E-2 -1.8727300E-4
8.9983940E-2 -1.8632190E-4
9.9993230E-2 -1.8541740E-4
1.0992290E-1 -1.8429230E-4
1.2008000E-1 -1.8301080E-4
1.2999820E-1 -1.8143350E-4
1.3984780E-1 -1.7959520E-4
1.4999390E-1 -1.7746120E-4
1.5995740E-1 -1.7500830E-4
1.7002390E-1 -1.7123900E-4
1.7998740E-1 -1.6689570E-4
1.9005350E-1 -1.6040090E-4
1.9989200E-1 -1.5328560E-4
2.1001530E-1 -1.4295200E-4
2.2001600E-1 -1.3032210E-4
2.2995660E-1 -1.1260040E-4
2.4000020E-1 -8.8287890E-5
2.5002100E-1 -5.1374150E-5
2.6008700E-1 -8.5086530E-6
2.6991420E-1 4.8769190E-5
2.7998070E-1 1.3528160E-4
2.8989840E-1 2.3692080E-4
3.0004450E-1 3.9742560E-4
3.1004240E-1 6.0101110E-4
3.1990390E-1 9.0954130E-4
3.2994750E-1 1.2419840E-3
3.4005930E-1 1.7118900E-3
3.4999990E-1 2.3175140E-3
3.5997530E-1 3.1221340E-3
3.6995030E-1 4.0343070E-3
3.7992530E-1 5.1641930E-3
3.8986640E-1 6.3541720E-3
3.9997820E-1 7.9639330E-3
4.0999890E-1 9.6807260E-3
4.1991710E-1 1.1606810E-2
4.2997220E-1 1.3733510E-2
4.3995860E-1 1.6165490E-2
4.4991060E-1 1.8500750E-2
4.5994280E-1 2.1072940E-2
4.7006610E-1 2.3504940E-2
4.7998430E-1 2.6520310E-2
4.9001650E-1 2.9435460E-2
4.9992320E-1 3.2813490E-2
