0.000E+0 -0.282324656
1.000E-2 -0.2823189
2.000E-2 -0.282313086
3.000E-2 -0.282307202
4.000E-2 -0.282301233
5.000E-2 -0.282295159
6.000E-2 -0.282288953
7.000E-2 -0.282282574
8.000E-2 -0.282275966
9.000E-2 -0.282269047
1.000E-1 -0.282261704
1.100E-1 -0.282253773
1.200E-1 -0.282245019
1.300E-1 -0.282235107
1.400E-1 -0.282223555
1.500E-1 -0.282209674
1.600E-1 -0.28219247
1.700E-1 -0.282170519
1.800E-1 -0.282141766
1.900E-1 -0.282103256
2.000E-1 -0.282050733
2.100E-1 -0.281978059
2.200E-1 -0.281876387
2.300E-1 -0.281732958
2.400E-1 -0.281529366
2.500E-1 -0.281239056
2.600E-1 -0.280823707
2.700E-1 -0.280228015
2.800E-1 -0.279372157
2.900E-1 -0.278140915
3.000E-1 -0.276367973
3.100E-1 -0.273813257
3.200E-1 -0.270130229
3.300E-1 -0.264818714
3.400E-1 -0.257156888
3.500E-1 -0.246103285
3.600E-1 -0.230155759
3.700E-1 -0.207148815
3.800E-1 -0.173962999
3.900E-1 -0.126109535
4.000E-1 -0.057139377
4.100E-1 0.0421919538
