0.000E+0 0
1.000E-2 2.10245724E-12
2.000E-2 4.96971837E-12
3.000E-2 8.89038392E-12
4.000E-2 1.42630866E-11
5.000E-2 2.1638525E-11
6.000E-2 3.1768517E-11
7.000E-2 4.5700732E-11
8.000E-2 6.48689956E-11
9.000E-2 9.12546833E-11
1.000E-1 1.27597622E-10
1.100E-1 1.77692718E-10
1.200E-1 2.46801492E-10
1.300E-1 3.42234732E-10
1.400E-1 4.74170287E-10
1.500E-1 6.56804248E-10
1.600E-1 9.0997266E-10
1.700E-1 1.26143722E-9
1.800E-1 1.750114E-9
1.900E-1 2.43059431E-9
2.000E-1 3.37958872E-9
2.100E-1 4.70494771E-9
2.200E-1 6.55842562E-9
2.300E-1 9.15369706E-9
2.400E-1 1.27917233E-8
2.500E-1 1.78966915E-8
2.600E-1 2.50666141E-8
2.700E-1 3.51448466E-8
2.800E-1 4.93210596E-8
2.900E-1 6.92738279E-8
3.000E-1 9.73720075E-8
3.100E-1 1.36959144E-7
3.200E-1 1.92755159E-7
3.300E-1 2.7142368E-7
3.400E-1 3.82373308E-7
3.500E-1 5.38889233E-7
3.600E-1 7.59730756E-7
3.700E-1 1.07138953E-6
3.800E-1 1.51127218E-6
3.900E-1 2.13219728E-6
4.000E-1 3.00873618E-6
4.100E-1 4.24615284E-6
4.200E-1 5.9929957E-6
4.300E-1 8.45797091E-6
4.400E-1 1.19390174E-5
4.500E-1 1.68497459E-5
