1.0 0.03508481105420402 
1.0365079365079366 -0.002101818979347945 
1.073015873015873 -0.03916353058597351 
1.1095238095238096 -0.0761081921908225 
1.146031746031746 -0.11294578236777691 
1.1825396825396826 -0.14968176248339152 
1.219047619047619 -0.18633922545162748 
1.2555555555555555 -0.22293404416743584 
1.292063492063492 -0.25947000771659345 
1.3285714285714285 -0.2959705127678679 
1.3650793650793651 -0.332445787257528 
1.4015873015873015 -0.3689109974463446 
1.438095238095238 -0.4053810803246934 
1.4746031746031745 -0.44187117464808034 
1.511111111111111 -0.4783947401061734 
1.5476190476190474 -0.5149669409710846 
1.584126984126984 -0.5516007822184326 
1.6206349206349207 -0.58830859212094 
1.657142857142857 -0.6251037954587266 
1.6936507936507934 -0.6619990628963246 
1.73015873015873 -0.699002750458333 
1.7666666666666666 -0.7361253596281037 
1.803174603174603 -0.7733763563355128 
1.8396825396825396 -0.8107630443856836 
1.8761904761904762 -0.8482928261978189 
1.9126984126984126 -0.8859739976368164 
1.949206349206349 -0.9238128918816351 
1.9857142857142855 -0.9618184613105659 
2.022222222222222 -1.0 
2.0587301587301585 -1.0383745517130376 
2.095238095238095 -1.076956354844633 
2.1317460317460313 -1.1157710852830367 
2.168253968253968 -1.1548482129871567 
2.204761904761905 -1.1942247722624983 
2.2412698412698413 -1.2339488169310329 
2.2777777777777777 -1.274079786881672 
2.314285714285714 -1.3146837209238154 
2.3507936507936504 -1.3558417308017188 
2.387301587301587 -1.397641793488717 
2.4238095238095236 -1.4401873947031345 
2.46031746031746 -1.483584100042791 
2.496825396825397 -1.5279497501395443 
2.533333333333333 -1.5734008768850445 
2.5698412698412696 -1.620059158626209 
2.606349206349206 -1.668030306460871 
2.6428571428571423 -1.717421792090297 
2.679365079365079 -1.768320028516262 
2.7158730158730156 -1.8207928692920594 
2.7523809523809524 -1.8748828321520257 
2.7888888888888888 -1.9306041597202857 
2.825396825396825 -1.9879410391991874 
2.8619047619047615 -2.0468435721221603 
2.898412698412698 -2.1072313108615526 
2.9349206349206347 -2.1689920413613177 
2.971428571428571 -2.2319854309700564 
3.0079365079365075 -2.2960480823292606 
3.0444444444444443 -2.360996045279242 
3.0809523809523807 -2.426632438280496 
3.117460317460317 -2.492751788852215 
3.153968253968254 -2.5591463341369143 
3.1904761904761902 -2.625613713106141 
3.2269841269841266 -2.691961901177628 
3.263492063492063 -2.7580157234927065 
3.3 -2.823625424269781 
