1.0 -0.09064121682277033 
1.0365079365079366 -0.12397933462013397 
1.073015873015873 -0.1571729795910723 
1.1095238095238096 -0.19022981008944664 
1.146031746031746 -0.2231569352674131 
1.1825396825396826 -0.25595710362197294 
1.219047619047619 -0.28865419036823625 
1.2555555555555555 -0.32126245189583563 
1.292063492063492 -0.35378170714165985 
1.3285714285714285 -0.38623325078347387 
1.3650793650793651 -0.41862703243182614 
1.4015873015873015 -0.4509747815620556 
1.438095238095238 -0.4832870085607385 
1.4746031746031745 -0.5155755193948816 
1.511111111111111 -0.5478506587524451 
1.5476190476190474 -0.5801215159582277 
1.584126984126984 -0.6123962908606624 
1.6206349206349207 -0.644680406885187 
1.657142857142857 -0.6769797933118189 
1.6936507936507934 -0.7092955796535331 
1.73015873015873 -0.741629021655102 
1.7666666666666666 -0.7739764202698284 
1.803174603174603 -0.8063339513539273 
1.8396825396825396 -0.8386923381235384 
1.8761904761904762 -0.8710396706656992 
1.9126984126984126 -0.9033614786060389 
1.949206349206349 -0.9356441141855156 
1.9857142857142855 -0.9678625531106295 
2.022222222222222 -1.0 
2.0587301587301585 -1.032035423886068 
2.095238095238095 -1.06394182323256 
2.1317460317460313 -1.0956970004915838 
2.168253968253968 -1.127284156758574 
2.204761904761905 -1.1586780036021898 
2.2412698412698413 -1.1898670145247043 
2.2777777777777777 -1.220835905121097 
2.314285714285714 -1.2515796625656892 
2.3507936507936504 -1.2820873932771628 
2.387301587301587 -1.3123666359712975 
2.4238095238095236 -1.3424162123075747 
2.46031746031746 -1.3722530641547146 
2.496825396825397 -1.401886312844194 
2.533333333333333 -1.431334846146087 
2.5698412698412696 -1.4606202704551794 
2.606349206349206 -1.4897661240863391 
2.6428571428571423 -1.5187985156200894 
2.679365079365079 -1.5477450243113813 
2.7158730158730156 -1.5766346033742045 
2.7523809523809524 -1.605497268858158 
2.7888888888888888 -1.6343630430527878 
2.825396825396825 -1.6632621609556266 
2.8619047619047615 -1.6922269639842062 
2.898412698412698 -1.7212892156854678 
2.9349206349206347 -1.7504828183574255 
2.971428571428571 -1.7798434302467323 
3.0079365079365075 -1.8094100471687915 
3.0444444444444443 -1.8392249641346439 
3.0809523809523807 -1.8693351903578235 
3.117460317460317 -1.8997934848821179 
3.153968253968254 -1.930658351652206 
3.1904761904761902 -1.9619954344190311 
3.2269841269841266 -1.9938767819783758 
3.263492063492063 -2.0263817185992603 
3.3 -2.0595951423417422 
