1.0 0.7677915664209426 
1.0365079365079366 0.704316585224017 
1.073015873015873 0.6409878710509888 
1.1095238095238096 0.5777992439473779 
1.146031746031746 0.5147380269006728 
1.1825396825396826 0.45178972376738274 
1.219047619047619 0.38893261202134677 
1.2555555555555555 0.3261481345861522 
1.292063492063492 0.2634352021503761 
1.3285714285714285 0.20076423142109723 
1.3650793650793651 0.13813701750433954 
1.4015873015873015 0.07551352053293696 
1.438095238095238 0.012901288402405547 
1.4746031746031745 -0.04972446606498012 
1.511111111111111 -0.11238028253287839 
1.5476190476190474 -0.17507695733826242 
1.584126984126984 -0.23782961854087326 
1.6206349206349207 -0.30065161193214707 
1.657142857142857 -0.36355583672931974 
1.6936507936507934 -0.42655534778139165 
1.73015873015873 -0.48966219023073393 
1.7666666666666666 -0.5528876089967644 
1.803174603174603 -0.6162450162797406 
1.8396825396825396 -0.6797455289237602 
1.8761904761904762 -0.7434058137636544 
1.9126984126984126 -0.8072398018244855 
1.949206349206349 -0.8712668164879195 
1.9857142857142855 -0.935511340088753 
2.022222222222222 -1.0 
2.0587301587301585 -1.0647705644671643 
2.095238095238095 -1.1298683065422566 
2.1317460317460313 -1.1953487422880384 
2.168253968253968 -1.2612779998795243 
2.204761904761905 -1.327739921538563 
2.2412698412698413 -1.3948326105149882 
2.2777777777777777 -1.462670780012787 
2.314285714285714 -1.5313881200430228 
2.3507936507936504 -1.6011436623191317 
2.387301587301587 -1.6721042282804426 
2.4238095238095236 -1.7444650842631184 
2.46031746031746 -1.8184381410288024 
2.496825396825397 -1.894248306603063 
2.533333333333333 -1.9721290392304167 
2.5698412698412696 -2.052320882308317 
2.606349206349206 -2.135068063835445 
2.6428571428571423 -2.220603185169873 
2.679365079365079 -2.309137875038004 
2.7158730158730156 -2.4008583324049773 
2.7523809523809524 -2.495916583735056 
2.7888888888888888 -2.5944102979766885 
2.825396825396825 -2.696386687931044 
2.8619047619047615 -2.801830451709512 
2.898412698412698 -2.910654806798134 
2.9349206349206347 -3.0227113984313108 
2.971428571428571 -3.137785405498594 
3.0079365079365075 -3.2555978985743876 
3.0444444444444443 -3.375817573596432 
3.0809523809523807 -3.498068658493067 
3.117460317460317 -3.6219393975122984 
3.153968253968254 -3.7469977947232675 
3.1904761904761902 -3.8728018852678576 
3.2269841269841266 -3.9989151844954005 
3.263492063492063 -4.124920084700238 
3.3 -4.250432161849052 
