1.0 0.28131325281045244 
1.0365079365079366 0.2346594608536765 
1.073015873015873 0.18816163530559063 
1.1095238095238096 0.14180979823350492 
1.146031746031746 0.09559104327413906 
1.1825396825396826 0.049509789453776855 
1.219047619047619 0.0035351000515386416 
1.2555555555555555 -0.04234426835301371 
1.292063492063492 -0.08813062907893585 
1.3285714285714285 -0.13384786381206504 
1.3650793650793651 -0.17950349051726047 
1.4015873015873015 -0.22510940986048425 
1.438095238095238 -0.27067843423023835 
1.4746031746031745 -0.31622168877696166 
1.511111111111111 -0.3617476426553751 
1.5476190476190474 -0.40726798649024787 
1.584126984126984 -0.4527890776841892 
1.6206349206349207 -0.4983185641453678 
1.657142857142857 -0.5438624252856631 
1.6936507936507934 -0.589422406247365 
1.73015873015873 -0.6350018438343936 
1.7666666666666666 -0.680601085401702 
1.803174603174603 -0.7262189294360524 
1.8396825396825396 -0.7718499154165518 
1.8761904761904762 -0.8174898821309451 
1.9126984126984126 -0.8631315723283479 
1.949206349206349 -0.9087697468850137 
1.9857142857142855 -0.9543954369676304 
2.022222222222222 -1.0 
2.0587301587301585 -1.0455811306316358 
2.095238095238095 -1.0911323634875454 
2.1317460317460313 -1.1366514647682244 
2.168253968253968 -1.1821459155325964 
2.204761904761905 -1.2276216361621062 
2.2412698412698413 -1.2730962659043537 
2.2777777777777777 -1.3185870555132428 
2.314285714285714 -1.3641275386413325 
2.3507936507936504 -1.4097580055133827 
2.387301587301587 -1.4555255160603822 
2.4238095238095236 -1.501488520565652 
2.46031746031746 -1.547717568590834 
2.496825396825397 -1.5942905958197646 
2.533333333333333 -1.6413041412232348 
2.5698412698412696 -1.6888568773151973 
2.606349206349206 -1.7370613634604772 
2.6428571428571423 -1.7860471182587758 
2.679365079365079 -1.8359443292987923 
2.7158730158730156 -1.8868974488805967 
2.7523809523809524 -1.939058601100882 
2.7888888888888888 -1.992583239576417 
2.825396825396825 -2.0476308488604356 
2.8619047619047615 -2.1043649574987593 
2.898412698412698 -2.1629306969595423 
2.9349206349206347 -2.2234818331654016 
2.971428571428571 -2.286147264920009 
3.0079365079365075 -2.3510387344241948 
3.0444444444444443 -2.4182417382562367 
3.0809523809523807 -2.4878107093607778 
3.117460317460317 -2.559762589729388 
3.153968253968254 -2.634074228972737 
3.1904761904761902 -2.7106783336582585 
3.2269841269841266 -2.7894629809668268 
3.263492063492063 -2.870272179460664 
3.3 -2.9529091996665913 
