1.0 -0.05720147215366058 
1.0365079365079366 -0.09165603832477265 
1.073015873015873 -0.12597037963019955 
1.1095238095238096 -0.16015282308743714 
1.146031746031746 -0.19421227954525483 
1.1825396825396826 -0.22815010522464182 
1.219047619047619 -0.261990849179524 
1.2555555555555555 -0.2957479141112878 
1.292063492063492 -0.32942180519675274 
1.3285714285714285 -0.3630348537269849 
1.3650793650793651 -0.3965934839805689 
1.4015873015873015 -0.4301111844586371 
1.438095238095238 -0.4635988966552334 
1.4746031746031745 -0.4970672454399841 
1.511111111111111 -0.5305264304016285 
1.5476190476190474 -0.5639847490808874 
1.584126984126984 -0.5974511449234301 
1.6206349206349207 -0.6309308282614754 
1.657142857142857 -0.664429818858328 
1.6936507936507934 -0.6979509905603576 
1.73015873015873 -0.7314940975195539 
1.7666666666666666 -0.76505846057748 
1.803174603174603 -0.7986402252519123 
1.8396825396825396 -0.8322351133205366 
1.8761904761904762 -0.8658297899748821 
1.9126984126984126 -0.89941833488907 
1.949206349206349 -0.9329848254275699 
1.9857142857142855 -0.9665184256949169 
2.022222222222222 -1.0 
2.0587301587301585 -1.0334174897054995 
2.095238095238095 -1.0667515278467636 
2.1317460317460313 -1.099993631749114 
2.168253968253968 -1.1331280085127218 
2.204761904761905 -1.1661501486030255 
2.2412698412698413 -1.1990562415328965 
2.2777777777777777 -1.2318427732298265 
2.314285714285714 -1.264522701180416 
2.3507936507936504 -1.29710384064272 
2.387301587301587 -1.3296025822595166 
2.4238095238095236 -1.3620534502216892 
2.46031746031746 -1.3944787668869443 
2.496825396825397 -1.426923735297019 
2.533333333333333 -1.4594342514155392 
2.5698412698412696 -1.4920618144682172 
2.606349206349206 -1.5248626631313238 
2.6428571428571423 -1.557903097233349 
2.679365079365079 -1.5912532352744213 
2.7158730158730156 -1.6249890330613952 
2.7523809523809524 -1.659191071374494 
2.7888888888888888 -1.6939449168950882 
2.825396825396825 -1.7293398412901142 
2.8619047619047615 -1.7654691743720734 
2.898412698412698 -1.8024291202367437 
2.9349206349206347 -1.8403171462836474 
2.971428571428571 -1.8792317720434968 
3.0079365079365075 -1.9192706542402869 
3.0444444444444443 -1.9605273793323377 
3.0809523809523807 -2.0030894968944715 
3.117460317460317 -2.0470356187276293 
3.153968253968254 -2.0924308307284183 
3.1904761904761902 -2.1393230738116285 
3.2269841269841266 -2.1877404053368124 
3.263492063492063 -2.237685867636192 
3.3 -2.289137356192301 
