1.0 -0.2544567342378048 
1.0365079365079366 -0.2812286954393963 
1.073015873015873 -0.3078993536519249 
1.1095238095238096 -0.3344760647928742 
1.146031746031746 -0.3609668191049007 
1.1825396825396826 -0.38737577572473464 
1.219047619047619 -0.4137218460722113 
1.2555555555555555 -0.44001744457191283 
1.292063492063492 -0.46626905754953496 
1.3285714285714285 -0.49249442114414604 
1.3650793650793651 -0.5187044951440465 
1.4015873015873015 -0.544912747532672 
1.438095238095238 -0.5711353023912523 
1.4746031746031745 -0.5973841198454973 
1.511111111111111 -0.6236729585758988 
1.5476190476190474 -0.650014662928413 
1.584126984126984 -0.6764221050623734 
1.6206349206349207 -0.7029028750600619 
1.657142857142857 -0.7294723234478734 
1.6936507936507934 -0.7561342364182503 
1.73015873015873 -0.7828932317359653 
1.7666666666666666 -0.8097517955051844 
1.803174603174603 -0.8367121499576694 
1.8396825396825396 -0.8637649970777747 
1.8761904761904762 -0.8909037099338939 
1.9126984126984126 -0.918115551946956 
1.949206349206349 -0.9453855267959401 
1.9857142857142855 -0.9726873548235008 
2.022222222222222 -1.0 
2.0587301587301585 -1.027293045433481 
2.095238095238095 -1.0545350367809916 
2.1317460317460313 -1.0816922877536304 
2.168253968253968 -1.1087300655832348 
2.204761904761905 -1.1356140016769134 
2.2412698412698413 -1.162311038594921 
2.2777777777777777 -1.188790440857104 
2.314285714285714 -1.2150253630718362 
2.3507936507936504 -1.2409938170933807 
2.387301587301587 -1.266678384174453 
2.4238095238095236 -1.2920685968177685 
2.46031746031746 -1.3171600819263236 
2.496825396825397 -1.341952755976018 
2.533333333333333 -1.3664549604541556 
2.5698412698412696 -1.3906780789689661 
2.606349206349206 -1.4146378878568142 
2.6428571428571423 -1.4383548251378946 
2.679365079365079 -1.4618504115482336 
2.7158730158730156 -1.4851474690696653 
2.7523809523809524 -1.508269164973428 
2.7888888888888888 -1.5312387741111595 
2.825396825396825 -1.5540767708886816 
2.8619047619047615 -1.5768035837371082 
2.898412698412698 -1.5994366168167595 
2.9349206349206347 -1.6219908395352687 
2.971428571428571 -1.644480657752874 
3.0079365079365075 -1.6669182879787334 
3.0444444444444443 -1.6893169656802602 
3.0809523809523807 -1.7116880246120014 
3.117460317460317 -1.7340461973433248 
3.153968253968254 -1.756405562983875 
3.1904761904761902 -1.7787834058611363 
3.2269841269841266 -1.8012006554904356 
3.263492063492063 -1.823679644928154 
3.3 -1.84624602487001 
