1.0 -0.11743231465382963 
1.0365079365079366 -0.1497301928003908 
1.073015873015873 -0.18188858785136106 
1.1095238095238096 -0.2139148882978376 
1.146031746031746 -0.24581781052721904 
1.1825396825396826 -0.27759913925089225 
1.219047619047619 -0.3092819645246057 
1.2555555555555555 -0.34088100332293875 
1.292063492063492 -0.37239524038757565 
1.3285714285714285 -0.40384768390760384 
1.3650793650793651 -0.4352458889886791 
1.4015873015873015 -0.4666030461310009 
1.438095238095238 -0.49793052876970134 
1.4746031746031745 -0.529240415608108 
1.511111111111111 -0.5605410874893405 
1.5476190476190474 -0.591843223315321 
1.584126984126984 -0.6231554405077336 
1.6206349206349207 -0.6544857617718202 
1.657142857142857 -0.6858368105887183 
1.6936507936507934 -0.7172132665654952 
1.73015873015873 -0.7486158697860168 
1.7666666666666666 -0.7800439485890945 
1.803174603174603 -0.8114924826836918 
1.8396825396825396 -0.8429524895957289 
1.8761904761904762 -0.8744158604193221 
1.9126984126984126 -0.9058697754856471 
1.949206349206349 -0.9372958831841488 
1.9857142857142855 -0.9686800976536899 
2.022222222222222 -1.0 
2.0587301587301585 -1.03123579877673 
2.095238095238095 -1.062364021800073 
2.1317460317460313 -1.0933681301891205 
2.168253968253968 -1.1242236864329913 
2.204761904761905 -1.1549144401453315 
2.2412698412698413 -1.1854271011535116 
2.2777777777777777 -1.2157526514533687 
2.314285714285714 -1.2458796706229696 
2.3507936507936504 -1.2758125764800115 
2.387301587301587 -1.3055525108322268 
2.4238095238095236 -1.3351115130745204 
2.46031746031746 -1.3645024589305796 
2.496825396825397 -1.3937458446801811 
2.533333333333333 -1.422867342059559 
2.5698412698412696 -1.451896027462945 
2.606349206349206 -1.4808653256956774 
2.6428571428571423 -1.509812829821867 
2.679365079365079 -1.5387785950932877 
2.7158730158730156 -1.5678055394853443 
2.7523809523809524 -1.5969396350322602 
2.7888888888888888 -1.6262287484446405 
2.825396825396825 -1.6557233824869826 
2.8619047619047615 -1.685476427005596 
2.898412698412698 -1.7155440010108807 
2.9349206349206347 -1.7459846539311643 
2.971428571428571 -1.7768615645541903 
3.0079365079365075 -1.8082415024041232 
3.0444444444444443 -1.8401964250318092 
3.0809523809523807 -1.8728022562110611 
3.117460317460317 -1.9061401269130342 
3.153968253968254 -1.9402947477976504 
3.1904761904761902 -1.9753531537453604 
3.2269841269841266 -2.0114031484015036 
3.263492063492063 -2.0485308136531546 
3.3 -2.0868170933836825 
