1.0 -0.21972413335414273 
1.0365079365079366 -0.24781804821252776 
1.073015873015873 -0.2758048103437193 
1.1095238095238096 -0.30369140744159384 
1.146031746031746 -0.3314860284344316 
1.1825396825396826 -0.35919290268487725 
1.219047619047619 -0.3868321838467814 
1.2555555555555555 -0.4144167330083629 
1.292063492063492 -0.44195355559483585 
1.3285714285714285 -0.46945895832296314 
1.3650793650793651 -0.4969467227462294 
1.4015873015873015 -0.5244305937041464 
1.438095238095238 -0.5519229149680521 
1.4746031746031745 -0.579437719381366 
1.511111111111111 -0.606990832471943 
1.5476190476190474 -0.6345923883414116 
1.584126984126984 -0.6622532990636607 
1.6206349206349207 -0.6899844442134574 
1.657142857142857 -0.717796344258265 
1.6936507936507934 -0.7456912319333365 
1.73015873015873 -0.7736768761897752 
1.7666666666666666 -0.8017498760306444 
1.803174603174603 -0.8299098544368415 
1.8396825396825396 -0.8581499688279317 
1.8761904761904762 -0.8864581141580649 
1.9126984126984126 -0.9148188688603236 
1.949206349206349 -0.9432105668030611 
1.9857142857142855 -0.971613792905813 
2.022222222222222 -1.0 
2.0587301587301585 -1.0283387119169978 
2.095238095238095 -1.0565938694672563 
2.1317460317460313 -1.0847322415637393 
2.168253968253968 -1.1127180799554925 
2.204761904761905 -1.1405175948385027 
2.2412698412698413 -1.1680969499469838 
2.2777777777777777 -1.1954271732939847 
2.314285714285714 -1.2224824697775527 
2.3507936507936504 -1.249242019490203 
2.387301587301587 -1.2756910911839758 
2.4238095238095236 -1.3018204587932056 
2.46031746031746 -1.3276272449348436 
2.496825396825397 -1.353113294957381 
2.533333333333333 -1.378287073607988 
2.5698412698412696 -1.4031604667092488 
2.606349206349206 -1.427749282987236 
2.6428571428571423 -1.452072668760301 
2.679365079365079 -1.476149557112993 
2.7158730158730156 -1.500001716556351 
2.7523809523809524 -1.523648170545444 
2.7888888888888888 -1.5471081556848252 
2.825396825396825 -1.5703989300332315 
2.8619047619047615 -1.593534247382291 
2.898412698412698 -1.6165268561240203 
2.9349206349206347 -1.6393853208050047 
2.971428571428571 -1.6621177505371114 
3.0079365079365075 -1.6847283555232566 
3.0444444444444443 -1.7072222058308975 
3.0809523809523807 -1.7296011526194761 
3.117460317460317 -1.7518693273596757 
3.153968253968254 -1.7740289445516435 
3.1904761904761902 -1.7960845277271518 
3.2269841269841266 -1.818037965741408 
3.263492063492063 -1.839896646765698 
3.3 -1.8616642230829148 
