1.0 -0.0745743292863415 
1.0365079365079366 -0.10841419648419054 
1.073015873015873 -0.14211033860115008 
1.1095238095238096 -0.17567074836093463 
1.146031746031746 -0.20910340659967921 
1.1825396825396826 -0.24241086919125826 
1.219047619047619 -0.27561670828511575 
1.2555555555555555 -0.3087353296779711 
1.292063492063492 -0.3417672297650535 
1.3285714285714285 -0.3747341819905256 
1.3650793650793651 -0.407646023977836 
1.4015873015873015 -0.44051427222478473 
1.438095238095238 -0.47334973031339733 
1.4746031746031745 -0.5061666023430397 
1.511111111111111 -0.5389738498204322 
1.5476190476190474 -0.5717825135629288 
1.584126984126984 -0.6046002366364424 
1.6206349206349207 -0.6374371958500051 
1.657142857142857 -0.6702966250823844 
1.6936507936507934 -0.7031850998057978 
1.73015873015873 -0.7361015657280989 
1.7666666666666666 -0.7690503021486031 
1.803174603174603 -0.8020259343518391 
1.8396825396825396 -0.835023920169785 
1.8761904761904762 -0.8680360596593278 
1.9126984126984126 -0.9010550949756447 
1.949206349206349 -0.934062848023415 
1.9857142857142855 -0.9670505811168693 
2.022222222222222 -1.0 
2.0587301587301585 -1.032894865357072 
2.095238095238095 -1.0657166893007093 
2.1317460317460313 -1.098453374234827 
2.168253968253968 -1.131087882908834 
2.204761904761905 -1.1636093706355985 
2.2412698412698413 -1.1960149107669815 
2.2777777777777777 -1.2282941679686958 
2.314285714285714 -1.2604577032894906 
2.3507936507936504 -1.292509990276465 
2.387301587301587 -1.3244661619470561 
2.4238095238095236 -1.3563470837528266 
2.46031746031746 -1.3881871845230456 
2.496825396825397 -1.4200167065373057 
2.533333333333333 -1.4518822405001313 
2.5698412698412696 -1.4838322303899185 
2.606349206349206 -1.515923201939119 
2.6428571428571423 -1.548217672183172 
2.679365079365079 -1.5807830082230072 
2.7158730158730156 -1.6136929663278892 
2.7523809523809524 -1.6470252814857143 
2.7888888888888888 -1.6808625289312484 
2.825396825396825 -1.7152905698191763 
2.8619047619047615 -1.7503983353125157 
2.898412698412698 -1.7862773612512888 
2.9349206349206347 -1.8230204423730652 
2.971428571428571 -1.8607206374671992 
3.0079365079365075 -1.8994693699746394 
3.0444444444444443 -1.939354820447015 
3.0809523809523807 -1.980459888538756 
3.117460317460317 -2.0228583979228243 
3.153968253968254 -2.0666129984051187 
3.1904761904761902 -2.111770229836317 
3.2269841269841266 -2.1583583119051037 
3.263492063492063 -2.2063838521704513 
3.3 -2.255828129319453 
