1.0 -0.15402789490621324 
1.0365079365079366 -0.18494148001292357 
1.073015873015873 -0.21571871328830372 
1.1095238095238096 -0.24636694986475197 
1.146031746031746 -0.2768952104389929 
1.1825396825396826 -0.30730534740064314 
1.219047619047619 -0.33761891637962327 
1.2555555555555555 -0.36785146223406895 
1.292063492063492 -0.39800307812047 
1.3285714285714285 -0.42809536850890134 
1.3650793650793651 -0.4581376078239313 
1.4015873015873015 -0.48814348157167353 
1.438095238095238 -0.5181234305296446 
1.4746031746031745 -0.5480909909856382 
1.511111111111111 -0.5780578738629346 
1.5476190476190474 -0.6080338960725956 
1.584126984126984 -0.63802746599226 
1.6206349206349207 -0.6680488936230362 
1.657142857142857 -0.6981024029754405 
1.6936507936507934 -0.7281931676713447 
1.73015873015873 -0.7583229778342301 
1.7666666666666666 -0.7884922444560829 
1.803174603174603 -0.8186932390980535 
1.8396825396825396 -0.8489226573147128 
1.8761904761904762 -0.8791686128447126 
1.9126984126984126 -0.9094183719647141 
1.949206349206349 -0.9396535535553598 
1.9857142857142855 -0.9698559484414268 
2.022222222222222 -1.0 
2.0587301587301585 -1.0300633284807919 
2.095238095238095 -1.0600195377376902 
2.1317460317460313 -1.0898409434530945 
2.168253968253968 -1.1195058742805286 
2.204761904761905 -1.1489835173425336 
2.2412698412698413 -1.178258954272124 
2.2777777777777777 -1.2073109051561033 
2.314285714285714 -1.2361250240309325 
2.3507936507936504 -1.2646918406619287 
2.387301587301587 -1.2930076975816192 
2.4238095238095236 -1.3210725639999783 
2.46031746031746 -1.3488924429656188 
2.496825396825397 -1.3764786170686139 
2.533333333333333 -1.403846165035959 
2.5698412698412696 -1.4310142247219975 
2.606349206349206 -1.4580052765959286 
2.6428571428571423 -1.484844684352457 
2.679365079365079 -1.5115594425226178 
2.7158730158730156 -1.5381780871034207 
2.7523809523809524 -1.564728639501879 
2.7888888888888888 -1.5912410759407227 
2.825396825396825 -1.6177448704677837 
2.8619047619047615 -1.6442687734107326 
2.898412698412698 -1.6708417862546447 
2.9349206349206347 -1.697494135219665 
2.971428571428571 -1.7242557731576207 
3.0079365079365075 -1.751159511578944 
3.0444444444444443 -1.7782393382665935 
3.0809523809523807 -1.805533468555037 
3.117460317460317 -1.8330841025449633 
3.153968253968254 -1.8609377290594493 
3.1904761904761902 -1.889147358921579 
3.2269841269841266 -1.917769884348216 
3.263492063492063 -1.9468696617900638 
3.3 -1.9765159168340567 
