-8.9986320E-2 -2.0051460E-4
-5.9913640E-2 -1.9905320E-4
-2.9989240E-2 -1.9764990E-4
2.3514030E-5 -1.9615960E-4
1.0265200E-2 -1.9585810E-4
2.0124080E-2 -1.9511000E-4
2.9984950E-2 -1.9491870E-4
3.9994240E-2 -1.9446630E-4
5.0014500E-2 -1.9388650E-4
5.9989450E-2 -1.9323120E-4
6.9964410E-2 -1.9259910E-4
7.9962250E-2 -1.9179890E-4
8.9971070E-2 -1.9102760E-4
9.9980350E-2 -1.9029700E-4
1.1000060E-1 -1.8949100E-4
1.1996410E-1 -1.8846460E-4
1.2997340E-1 -1.8720620E-4
1.4001660E-1 -1.8587840E-4
1.5001440E-1 -1.8366320E-4
1.6004610E-1 -1.8132050E-4
1.6996380E-1 -1.7802090E-4
1.7997310E-1 -1.7461120E-4
1.8998240E-1 -1.6914880E-4
1.9996830E-1 -1.6242790E-4
2.1000050E-1 -1.5221050E-4
2.1997790E-1 -1.4007930E-4
2.2990750E-1 -1.2546060E-4
2.3991630E-1 -1.0194630E-4
2.4985740E-1 -7.2145950E-5
2.5985530E-1 -3.3993610E-5
2.7014920E-1 2.5013870E-5
2.7986190E-1 8.7530450E-5
2.8984830E-1 1.7242740E-4
3.0009700E-1 2.7910410E-4
3.1001470E-1 4.3191110E-4
3.1997820E-1 5.8350620E-4
3.2998750E-1 7.7852930E-4
3.3987140E-1 9.6632120E-4
3.4988020E-1 1.2568550E-3
3.6000350E-1 1.5239960E-3
3.6993310E-1 1.8283950E-3
3.7994190E-1 2.1153540E-3
3.8995120E-1 2.4914350E-3
3.9998340E-1 2.8549430E-3
4.1001510E-1 3.2954630E-3
4.1985320E-1 3.6655760E-3
4.2998790E-1 4.0940440E-3
4.3990560E-1 4.4613160E-3
4.4989200E-1 4.9312170E-3
4.5992420E-1 5.3661150E-3
4.6994450E-1 5.8861970E-3
4.8003340E-1 6.3251540E-3
4.9005410E-1 6.8095400E-3
4.9990370E-1 7.2451350E-3
5.1000400E-1 7.7409370E-3
5.1997900E-1 8.2338420E-3
5.2991960E-1 8.7411180E-3
5.4003140E-1 9.2367460E-3
5.4999490E-1 9.7068770E-3
5.5999280E-1 1.0231190E-2
5.7009320E-1 1.0762570E-2
5.8001140E-1 1.1238750E-2
5.8997490E-1 1.1754930E-2
6.0006380E-1 1.2288480E-2
