0.000E+0 -0.0839050074
1.000E-2 -0.0838937954
2.000E-2 -0.0838819145
3.000E-2 -0.0838691389
4.000E-2 -0.0838551632
5.000E-2 -0.0838395747
6.000E-2 -0.0838218166
7.000E-2 -0.0838011387
8.000E-2 -0.0837765313
9.000E-2 -0.0837466354
1.000E-1 -0.0837096216
1.100E-1 -0.0836630232
1.200E-1 -0.083603508
1.300E-1 -0.0835265605
1.400E-1 -0.0834260384
1.500E-1 -0.083293551
1.600E-1 -0.083117582
1.700E-1 -0.082882252
1.800E-1 -0.0825655667
1.900E-1 -0.0821369345
2.000E-1 -0.0815536486
2.100E-1 -0.080755895
2.200E-1 -0.0796596679
2.300E-1 -0.0781467057
2.400E-1 -0.0760501902
2.500E-1 -0.073134412
2.600E-1 -0.0690658415
2.700E-1 -0.0633719591
2.800E-1 -0.0553826392
2.900E-1 -0.0441466781
3.000E-1 -0.0283128993
3.100E-1 -0.00596079064
3.200E-1 0.0256407455
