-9.0019230E-2 -4.1699750E-6
-6.0026650E-2 -2.8544950E-6
-2.9977800E-2 -1.3928290E-6
7.7724460E-5 -1.2355710E-8
1.0117830E-2 4.6470270E-7
1.9964750E-2 9.5583870E-7
3.0030250E-2 1.4700340E-6
3.9993760E-2 1.9940510E-6
5.0036910E-2 2.5969280E-6
5.9988980E-2 3.1210060E-6
6.9963460E-2 3.7124720E-6
8.0006600E-2 4.2798490E-6
9.0140820E-2 5.0364560E-6
1.0000180E-1 5.8101180E-6
1.1003350E-1 6.8089540E-6
1.2001940E-1 7.7918790E-6
1.3000580E-1 9.0648920E-6
1.3991210E-1 1.0389000E-5
1.5006920E-1 1.2495030E-5
1.6000940E-1 1.4927030E-5
1.7001870E-1 1.7707560E-5
1.8008420E-1 2.1991700E-5
1.9000200E-1 2.7288320E-5
2.0001130E-1 3.5368360E-5
2.1002010E-1 4.4655100E-5
2.1999690E-1 5.7418230E-5
2.2991470E-1 7.5163100E-5
2.3999210E-1 9.9529610E-5
2.4994420E-1 1.3348550E-4
2.5999880E-1 1.7974850E-4
2.6995090E-1 2.3643180E-4
2.7997110E-1 3.2139620E-4
2.8991170E-1 4.3236810E-4
2.9984090E-1 5.8984640E-4
3.0989550E-1 7.8666980E-4
3.1990430E-1 1.0426040E-3
3.2995890E-1 1.3686160E-3
3.3997960E-1 1.8411150E-3
3.4998850E-1 2.3454260E-3
3.6005450E-1 3.0028930E-3
3.6993790E-1 3.7005750E-3
3.8007260E-1 4.6044890E-3
3.8989930E-1 5.6034940E-3
3.9996530E-1 6.7620850E-3
4.1001990E-1 7.9824500E-3
4.1997150E-1 9.2822000E-3
4.3006040E-1 1.0776880E-2
4.3997810E-1 1.2331160E-2
4.5000980E-1 1.3824600E-2
4.6003060E-1 1.5555560E-2
4.7000500E-1 1.7308530E-2
4.8004820E-1 1.9172150E-2
4.9004600E-1 2.1023600E-2
5.0002100E-1 2.2882580E-2
5.0995020E-1 2.4855700E-2
5.2003860E-1 2.6886730E-2
5.3001360E-1 2.9077660E-2
5.4004530E-1 3.1058880E-2
