0.000E+0 0
1.000E-2 7.63379814E-15
2.000E-2 1.85044352E-14
3.000E-2 3.40280753E-14
4.000E-2 5.62365229E-14
5.000E-2 8.8043113E-14
6.000E-2 1.33623121E-13
7.000E-2 1.98958361E-13
8.000E-2 2.92617692E-13
9.000E-2 4.26877471E-13
1.000E-1 6.19333457E-13
1.100E-1 8.95225795E-13
1.200E-1 1.29080233E-12
1.300E-1 1.85819873E-12
1.400E-1 2.67254032E-12
1.500E-1 3.84230387E-12
1.600E-1 5.52446813E-12
1.700E-1 7.94670189E-12
1.800E-1 1.14398941E-11
1.900E-1 1.64858808E-11
2.000E-1 2.37874983E-11
2.100E-1 3.43714362E-11
2.200E-1 4.97392796E-11
2.300E-1 7.20893621E-11
2.400E-1 1.04642686E-10
2.500E-1 1.52121812E-10
2.600E-1 2.21454642E-10
2.700E-1 3.22808845E-10
2.800E-1 4.71112476E-10
2.900E-1 6.88289533E-10
3.000E-1 1.00654685E-9
3.100E-1 1.47320702E-9
3.200E-1 2.15781467E-9
3.300E-1 3.16155049E-9
3.400E-1 4.63624785E-9
3.500E-1 6.80200194E-9
3.600E-1 9.98340122E-9
3.700E-1 1.46575992E-8
3.800E-1 2.15259624E-8
3.900E-1 3.1619251E-8
4.000E-1 4.6451879E-8
4.100E-1 6.82478223E-8
4.200E-1 1.00272649E-7
4.300E-1 1.4730573E-7
4.400E-1 2.16359557E-7
4.500E-1 3.17648058E-7
