0.000E+0 0
1.000E-2 2.37299946E-14
2.000E-2 5.64802402E-14
3.000E-2 1.01859715E-13
4.000E-2 1.648704E-13
5.000E-2 2.52314834E-13
6.000E-2 3.73509176E-13
7.000E-2 5.41084494E-13
8.000E-2 7.71966453E-13
9.000E-2 1.08876987E-12
1.000E-1 1.52148339E-12
1.100E-1 2.10961266E-12
1.200E-1 2.90494088E-12
1.300E-1 3.97512515E-12
1.400E-1 5.40847937E-12
1.500E-1 7.32047852E-12
1.600E-1 9.8627314E-12
1.700E-1 1.32358882E-11
1.800E-1 1.7707621E-11
1.900E-1 2.36389123E-11
2.000E-1 3.15218187E-11
2.100E-1 4.20340019E-11
2.200E-1 5.61182064E-11
2.300E-1 7.50976046E-11
2.400E-1 1.00843901E-10
2.500E-1 1.36024018E-10
2.600E-1 1.84461266E-10
2.700E-1 2.51666917E-10
2.800E-1 3.45623636E-10
2.900E-1 4.77942266E-10
3.000E-1 6.65572567E-10
3.100E-1 9.33336405E-10
3.200E-1 1.31768286E-9
3.300E-1 1.87225973E-9
3.400E-1 2.67618632E-9
3.500E-1 3.84634501E-9
3.600E-1 5.55565381E-9
3.700E-1 8.06024219E-9
3.800E-1 1.17398838E-8
3.900E-1 1.71581722E-8
4.000E-1 2.51521027E-8
4.100E-1 3.69655106E-8
4.200E-1 5.44475599E-8
4.300E-1 8.03488609E-8
4.400E-1 1.18762144E-7
4.500E-1 1.75778996E-7
