4.487E-4 -3.307E-4
1.043E-2 -3.278E-4
2.021E-2 -3.253E-4
3.012E-2 -3.221E-4
4.002E-2 -3.193E-4
4.957E-2 -3.161E-4
6.093E-2 -3.124E-4
7.066E-2 -3.092E-4
8.041E-2 -3.061E-4
9.028E-2 -3.023E-4
1.001E-1 -2.986E-4
1.113E-1 -2.939E-4
1.209E-1 -2.900E-4
1.308E-1 -2.858E-4
1.405E-1 -2.808E-4
1.507E-1 -2.762E-4
1.614E-1 -2.711E-4
1.714E-1 -2.653E-4
1.810E-1 -2.600E-4
1.909E-1 -2.547E-4
2.008E-1 -2.489E-4
2.108E-1 -2.426E-4
2.220E-1 -2.362E-4
2.317E-1 -2.292E-4
2.415E-1 -2.220E-4
2.513E-1 -2.155E-4
2.611E-1 -2.076E-4
2.722E-1 -1.993E-4
2.821E-1 -1.923E-4
2.917E-1 -1.841E-4
3.017E-1 -1.763E-4
3.114E-1 -1.673E-4
3.225E-1 -1.577E-4
3.325E-1 -1.494E-4
3.421E-1 -1.415E-4
3.521E-1 -1.312E-4
3.618E-1 -1.220E-4
3.727E-1 -1.117E-4
3.828E-1 -1.025E-4
3.927E-1 -9.342E-5
4.025E-1 -8.401E-5
4.218E-1 -6.505E-5
4.430E-1 -4.367E-5
4.627E-1 -2.445E-5
4.834E-1 -5.131E-6
5.033E-1 1.167E-5
5.537E-1 5.192E-5
6.040E-1 8.562E-5
6.545E-1 1.160E-4
7.048E-1 1.437E-4
7.552E-1 1.701E-4
8.057E-1 1.948E-4
8.560E-1 2.186E-4
9.065E-1 2.405E-4
9.567E-1 2.617E-4
1.006E+0 2.813E-4
