0.000E+0 0
1.000E-2 6.51461317E-14
2.000E-2 1.57121985E-13
3.000E-2 2.87034678E-13
4.000E-2 4.70587157E-13
5.000E-2 7.29996273E-13
6.000E-2 1.09662831E-12
7.000E-2 1.61485539E-12
8.000E-2 2.34742677E-12
9.000E-2 3.3830747E-12
1.000E-1 4.84731105E-12
1.100E-1 6.91771854E-12
1.200E-1 9.84562886E-12
1.300E-1 1.39868677E-11
1.400E-1 1.98453746E-11
1.500E-1 2.81351061E-11
1.600E-1 3.98679037E-11
1.700E-1 5.64782367E-11
1.800E-1 8.00003091E-11
1.900E-1 1.13319532E-10
2.000E-1 1.605296E-10
2.100E-1 2.27439532E-10
2.200E-1 3.22293688E-10
2.300E-1 4.56794247E-10
2.400E-1 6.47553217E-10
2.500E-1 9.18154493E-10
2.600E-1 1.30208227E-9
2.700E-1 1.84687989E-9
2.800E-1 2.62005593E-9
2.900E-1 3.71747177E-9
3.000E-1 5.27525241E-9
3.100E-1 7.48669987E-9
3.200E-1 1.0626308E-8
3.300E-1 1.50838558E-8
3.400E-1 2.14128004E-8
3.500E-1 3.03989482E-8
3.600E-1 4.31578401E-8
3.700E-1 6.1272953E-8
3.800E-1 8.69912413E-8
3.900E-1 1.235002E-7
4.000E-1 1.75319479E-7
4.100E-1 2.4887158E-7
4.200E-1 3.53173025E-7
4.300E-1 5.01109495E-7
4.400E-1 7.10803889E-7
4.500E-1 1.00787953E-6
