0.000E+0 -0.172032764
1.000E-2 -0.172025873
2.000E-2 -0.172018837
3.000E-2 -0.172011612
4.000E-2 -0.172004138
5.000E-2 -0.171996329
6.000E-2 -0.171988066
7.000E-2 -0.171979183
8.000E-2 -0.171969446
9.000E-2 -0.171958524
1.000E-1 -0.171945956
1.100E-1 -0.171931091
1.200E-1 -0.171913012
1.300E-1 -0.171890425
1.400E-1 -0.171861501
1.500E-1 -0.171823654
1.600E-1 -0.171773222
1.700E-1 -0.171705009
1.800E-1 -0.171611639
1.900E-1 -0.171482631
2.000E-1 -0.171303079
2.100E-1 -0.171051771
2.200E-1 -0.1706985
2.300E-1 -0.170200236
2.400E-1 -0.169495656
2.500E-1 -0.16849734
2.600E-1 -0.167080632
2.700E-1 -0.165067744
2.800E-1 -0.162205059
2.900E-1 -0.158130739
3.000E-1 -0.152328473
3.100E-1 -0.14406146
3.200E-1 -0.132278165
3.300E-1 -0.115477771
3.400E-1 -0.0915181482
3.500E-1 -0.0573417443
3.600E-1 -0.00858443813
3.700E-1 0.0609825243
