0.000E+0 0
1.000E-2 1.70353646E-14
2.000E-2 4.13992824E-14
3.000E-2 7.6254687E-14
4.000E-2 1.26128595E-13
5.000E-2 1.97499848E-13
6.000E-2 2.99639981E-13
7.000E-2 4.45816283E-13
8.000E-2 6.55013358E-13
9.000E-2 9.54396871E-13
1.000E-1 1.38284043E-12
1.100E-1 1.99597559E-12
1.200E-1 2.87342553E-12
1.300E-1 4.12916906E-12
1.400E-1 5.9263971E-12
1.500E-1 8.4988143E-12
1.600E-1 1.21811943E-11
1.700E-1 1.74532177E-11
1.800E-1 2.50023852E-11
1.900E-1 3.58143123E-11
2.000E-1 5.13023581E-11
2.100E-1 7.34937091E-11
2.200E-1 1.0529653E-10
2.300E-1 1.50883548E-10
2.400E-1 2.16242699E-10
2.500E-1 3.09967856E-10
2.600E-1 4.44394015E-10
2.700E-1 6.37227267E-10
2.800E-1 9.13885111E-10
2.900E-1 1.31085656E-9
3.000E-1 1.88052649E-9
3.100E-1 2.69810178E-9
3.200E-1 3.87192075E-9
3.300E-1 5.55589169E-9
3.400E-1 7.97364596E-9
3.500E-1 1.14442544E-8
3.600E-1 1.64262178E-8
3.700E-1 2.3577529E-8
3.800E-1 3.38422429E-8
3.900E-1 4.8574373E-8
4.000E-1 6.97230094E-8
4.100E-1 1.00054355E-7
4.200E-1 1.43549815E-7
4.300E-1 2.05921857E-7
4.400E-1 2.95242062E-7
4.500E-1 4.23193131E-7
4.600E-1 6.06152034E-7
4.700E-1 8.67480328E-7
4.800E-1 1.23992181E-6
4.900E-1 1.77085672E-6
5.000E-1 2.52451444E-6
5.100E-1 3.59322792E-6
5.200E-1 5.10282075E-6
5.300E-1 7.22524866E-6
5.400E-1 1.01910015E-5
5.500E-1 1.43030186E-5
5.600E-1 1.99517918E-5
5.700E-1 2.76322891E-5
5.800E-1 3.7966639E-5
5.900E-1 5.17276982E-5
6.000E-1 6.98923864E-5
6.100E-1 9.36909005E-5
6.200E-1 0.000124680083
