0.000E+0 -0.12820566
1.000E-2 -0.128203472
2.000E-2 -0.128201274
3.000E-2 -0.128199065
4.000E-2 -0.128196845
5.000E-2 -0.128194613
6.000E-2 -0.128192369
7.000E-2 -0.128190112
8.000E-2 -0.12818784
9.000E-2 -0.128185552
1.000E-1 -0.128183245
1.100E-1 -0.128180917
1.200E-1 -0.128178563
1.300E-1 -0.128176177
1.400E-1 -0.128173749
1.500E-1 -0.128171267
1.600E-1 -0.128168711
1.700E-1 -0.128166053
1.800E-1 -0.128163251
1.900E-1 -0.128160246
2.000E-1 -0.128156948
2.100E-1 -0.128153225
2.200E-1 -0.128148881
2.300E-1 -0.128143627
2.400E-1 -0.128137034
2.500E-1 -0.128128467
2.600E-1 -0.128116981
2.700E-1 -0.128101172
2.800E-1 -0.128078954
2.900E-1 -0.128047226
3.000E-1 -0.128001374
3.100E-1 -0.127934532
3.200E-1 -0.127836482
3.300E-1 -0.127692013
3.400E-1 -0.127478474
3.500E-1 -0.127162134
3.600E-1 -0.126692752
3.700E-1 -0.125995486
3.800E-1 -0.124958842
3.900E-1 -0.123416701
4.000E-1 -0.121121541
4.100E-1 -0.117704525
4.200E-1 -0.112616009
4.300E-1 -0.10503688
4.400E-1 -0.0937463995
4.500E-1 -0.0769252428
4.600E-1 -0.0518619735
4.700E-1 -0.0145156345
4.800E-1 0.0411359515
