0.000E+0 2.60143255E-8
1.000E-2 2.60196854E-8
2.000E-2 2.60251523E-8
3.000E-2 2.60307634E-8
4.000E-2 2.60365628E-8
5.000E-2 2.60426131E-8
6.000E-2 2.60490029E-8
7.000E-2 2.60558582E-8
8.000E-2 2.60633581E-8
9.000E-2 2.60717577E-8
1.000E-1 2.60814204E-8
1.100E-1 2.60928647E-8
1.200E-1 2.61068302E-8
1.300E-1 2.61243732E-8
1.400E-1 2.61470031E-8
1.500E-1 2.61768778E-8
1.600E-1 2.62170846E-8
1.700E-1 2.62720424E-8
1.800E-1 2.6348079E-8
1.900E-1 2.64542597E-8
2.000E-1 2.66035759E-8
2.100E-1 2.68146508E-8
2.200E-1 2.71141858E-8
2.300E-1 2.75404707E-8
2.400E-1 2.81484164E-8
2.500E-1 2.90167701E-8
2.600E-1 3.02584515E-8
2.700E-1 3.20353488E-8
2.800E-1 3.45794724E-8
2.900E-1 3.82231463E-8
3.000E-1 4.34419938E-8
3.100E-1 5.09159353E-8
3.200E-1 6.16153532E-8
3.300E-1 7.69220835E-8
3.400E-1 9.87980572E-8
3.500E-1 1.30018377E-7
3.600E-1 1.74490881E-7
3.700E-1 2.3769237E-7
3.800E-1 3.27266682E-7
3.900E-1 4.53859194E-7
4.000E-1 6.32315089E-7
4.100E-1 8.83444226E-7
4.200E-1 1.23662855E-6
