-9.0007310E-2 -2.0134040E-4
-5.9947010E-2 -1.9989070E-4
-3.0045990E-2 -1.9834820E-4
-1.8894670E-5 -1.9716530E-4
1.0391090E-2 -1.9672470E-4
2.0148520E-2 -1.9558810E-4
2.9916290E-2 -1.9543150E-4
4.0050510E-2 -1.9484000E-4
4.9933910E-2 -1.9397030E-4
6.0102460E-2 -1.9374410E-4
6.9837570E-2 -1.9288590E-4
8.0154420E-2 -1.9240460E-4
8.9935300E-2 -1.9161590E-4
9.9989890E-2 -1.9086790E-4
1.0993050E-1 -1.8980670E-4
1.2004180E-1 -1.8828750E-4
1.3006210E-1 -1.8718570E-4
1.3999130E-1 -1.8573030E-4
1.5001200E-1 -1.8399060E-4
1.6005470E-1 -1.8146240E-4
1.7004110E-1 -1.7864420E-4
1.7998170E-1 -1.7437640E-4
1.9000200E-1 -1.6950550E-4
1.9998790E-1 -1.6262230E-4
2.0995140E-1 -1.5443460E-4
2.1990590E-1 -1.4170640E-4
2.2993800E-1 -1.2545850E-4
2.3996970E-1 -1.0277380E-4
2.4995570E-1 -7.2667830E-5
2.5986190E-1 -3.2323600E-5
2.6996230E-1 1.9729600E-5
2.7985720E-1 9.4639500E-5
2.8999190E-1 2.0616780E-4
2.9989810E-1 3.4285730E-4
3.1001000E-1 5.2840800E-4
3.1995010E-1 7.7411530E-4
3.3001610E-1 1.1323650E-3
3.3991150E-1 1.5393270E-3
3.4999990E-1 2.0938800E-3
3.5996340E-1 2.7161720E-3
3.6994980E-1 3.5599380E-3
3.7989040E-1 4.5303760E-3
3.8994500E-1 5.7322530E-3
4.0001110E-1 7.0112010E-3
4.0994020E-1 8.4663070E-3
4.1991470E-1 1.0069930E-2
4.2999220E-1 1.1926790E-2
4.3992140E-1 1.3686140E-2
4.4994160E-1 1.5744980E-2
4.5993950E-1 1.7875660E-2
4.6998260E-1 2.0147680E-2
4.8000290E-1 2.2425500E-2
4.9000070E-1 2.4726510E-2
4.9996380E-1 2.7219250E-2
5.0993870E-1 2.9756020E-2
5.2003910E-1 3.2535520E-2
