4.473E-4 -3.420E-4
1.040E-2 -3.389E-4
2.029E-2 -3.361E-4
3.001E-2 -3.333E-4
3.996E-2 -3.302E-4
4.956E-2 -3.266E-4
6.065E-2 -3.228E-4
7.067E-2 -3.196E-4
8.048E-2 -3.159E-4
9.015E-2 -3.121E-4
1.000E-1 -3.081E-4
1.112E-1 -3.038E-4
1.208E-1 -2.993E-4
1.307E-1 -2.944E-4
1.406E-1 -2.903E-4
1.503E-1 -2.851E-4
1.616E-1 -2.792E-4
1.714E-1 -2.740E-4
1.812E-1 -2.683E-4
1.909E-1 -2.622E-4
2.009E-1 -2.561E-4
2.107E-1 -2.506E-4
2.218E-1 -2.428E-4
2.316E-1 -2.355E-4
2.414E-1 -2.287E-4
2.512E-1 -2.217E-4
2.609E-1 -2.140E-4
2.721E-1 -2.061E-4
2.818E-1 -1.980E-4
2.916E-1 -1.895E-4
3.016E-1 -1.811E-4
3.115E-1 -1.731E-4
3.225E-1 -1.630E-4
3.323E-1 -1.543E-4
3.422E-1 -1.456E-4
3.520E-1 -1.363E-4
3.619E-1 -1.264E-4
3.728E-1 -1.162E-4
3.827E-1 -1.072E-4
3.926E-1 -9.664E-5
4.024E-1 -8.713E-5
4.221E-1 -6.771E-5
4.428E-1 -4.578E-5
4.625E-1 -2.616E-5
4.834E-1 -6.641E-6
5.031E-1 1.102E-5
5.534E-1 5.197E-5
6.038E-1 8.633E-5
6.543E-1 1.174E-4
7.048E-1 1.454E-4
7.550E-1 1.723E-4
8.053E-1 1.975E-4
8.560E-1 2.213E-4
9.063E-1 2.432E-4
9.565E-1 2.647E-4
1.006E+0 2.849E-4
