-9.0045450E-2 -7.5766510E-4
-5.9983730E-2 -7.0707500E-4
-3.0001640E-2 -6.5422920E-4
1.0579820E-5 -6.0027000E-4
1.0000440E-2 -5.8116820E-4
2.0007970E-2 -5.6127780E-4
3.0008320E-2 -5.4100470E-4
3.9995190E-2 -5.2051120E-4
5.0015930E-2 -4.9949000E-4
5.9956550E-2 -4.7825430E-4
7.0000170E-2 -4.5616020E-4
7.9998020E-2 -4.3357910E-4
8.9984890E-2 -4.1053410E-4
1.0000560E-1 -3.8740780E-4
1.0999200E-1 -3.6362060E-4
1.2000130E-1 -3.3950270E-4
1.2996530E-1 -3.1445710E-4
1.3997460E-1 -2.8916790E-4
1.5001770E-1 -2.6319430E-4
1.5997030E-1 -2.3715700E-4
1.6999100E-1 -2.1049350E-4
1.7997740E-1 -1.8334270E-4
1.8999810E-1 -1.5532810E-4
1.9996210E-1 -1.2626360E-4
2.0996000E-1 -9.6399660E-5
2.1996070E-1 -6.5877280E-5
2.2992420E-1 -3.4036770E-5
2.3987670E-1 1.1899900E-8
2.4992040E-1 3.6100460E-5
2.5992970E-1 7.5358130E-5
2.6990510E-1 1.1921950E-4
2.7993730E-1 1.6746180E-4
2.8994660E-1 2.2324290E-4
2.9999020E-1 2.8949700E-4
3.0988550E-1 3.7102590E-4
3.1999780E-1 4.7192930E-4
3.2985880E-1 5.9938080E-4
3.4000490E-1 7.6234570E-4
3.4988880E-1 9.7505490E-4
3.5996680E-1 1.2648250E-3
3.6990790E-1 1.6409160E-3
3.7996290E-1 2.1449010E-3
3.8993790E-1 2.8003080E-3
3.9993570E-1 3.6754590E-3
4.0999080E-1 4.8135260E-3
4.1994330E-1 6.2784850E-3
4.2997550E-1 8.0960650E-3
4.3991660E-1 1.0333550E-2
4.4996020E-1 1.3079550E-2
4.5994660E-1 1.6300040E-2
4.7000170E-1 1.9960810E-2
4.7999950E-1 2.4174840E-2
4.8998640E-1 2.8887080E-2
4.9999570E-1 3.4055840E-2
