-9.0044980E-2 -7.4047690E-4
-5.9948920E-2 -6.8995680E-4
-2.9978750E-2 -6.3694330E-4
7.0333480E-6 -5.8237560E-4
1.0005060E-2 -5.6333770E-4
1.9999560E-2 -5.4343590E-4
3.0008790E-2 -5.2327310E-4
4.0097710E-2 -5.0253620E-4
4.9993040E-2 -4.8163700E-4
6.0013770E-2 -4.6022170E-4
7.0022580E-2 -4.3837130E-4
8.0066200E-2 -4.1569190E-4
8.9927200E-2 -3.9308770E-4
1.0007330E-1 -3.6923110E-4
1.0995720E-1 -3.4611080E-4
1.2000080E-1 -3.2136110E-4
1.2994150E-1 -2.9705790E-4
1.4005330E-1 -2.7109040E-4
1.4997150E-1 -2.4558100E-4
1.6007180E-1 -2.1935840E-4
1.6993280E-1 -1.9296760E-4
1.7998790E-1 -1.6571850E-4
1.8998580E-1 -1.3747790E-4
1.9997220E-1 -1.0875590E-4
2.1000430E-1 -7.8815910E-5
2.1998170E-1 -4.8206780E-5
2.2994520E-1 -1.6287680E-5
2.3997740E-1 1.7183910E-5
2.4992940E-1 5.3551600E-5
2.5991630E-1 9.2647150E-5
2.6997090E-1 1.3687040E-4
2.7996870E-1 1.8508920E-4
2.8995560E-1 2.4203540E-4
2.9996490E-1 3.0968660E-4
3.0996270E-1 3.9221790E-4
3.1996060E-1 4.9358470E-4
3.2999280E-1 6.2236890E-4
3.3995630E-1 7.8702000E-4
3.4996560E-1 1.0059260E-3
3.5997490E-1 1.2940800E-3
3.6996170E-1 1.6710370E-3
3.8000490E-1 2.1601820E-3
3.8993450E-1 2.8085730E-3
3.9997820E-1 3.6435570E-3
4.0997600E-1 4.7109760E-3
4.1990570E-1 6.0389300E-3
4.3002890E-1 7.6459110E-3
4.3990140E-1 9.5848220E-3
4.4997930E-1 1.1899960E-2
4.5996570E-1 1.4513280E-2
4.7000930E-1 1.7511860E-2
4.8001860E-1 2.0819780E-2
4.9001650E-1 2.4474160E-2
5.0001430E-1 2.8327230E-2
5.0997780E-1 3.2465320E-2
