9.323E-4 -2.249E-4
1.058E-2 -2.235E-4
2.046E-2 -2.220E-4
3.026E-2 -2.201E-4
4.023E-2 -2.186E-4
4.986E-2 -2.169E-4
6.102E-2 -2.150E-4
7.081E-2 -2.131E-4
8.065E-2 -2.111E-4
9.054E-2 -2.095E-4
1.002E-1 -2.073E-4
1.114E-1 -2.047E-4
1.213E-1 -2.027E-4
1.309E-1 -2.004E-4
1.411E-1 -1.978E-4
1.509E-1 -1.953E-4
1.618E-1 -1.921E-4
1.717E-1 -1.892E-4
1.814E-1 -1.858E-4
1.914E-1 -1.823E-4
2.012E-1 -1.789E-4
2.111E-1 -1.750E-4
2.221E-1 -1.703E-4
2.319E-1 -1.654E-4
2.418E-1 -1.613E-4
2.516E-1 -1.556E-4
2.614E-1 -1.503E-4
2.726E-1 -1.441E-4
2.825E-1 -1.381E-4
2.922E-1 -1.314E-4
3.019E-1 -1.252E-4
3.120E-1 -1.178E-4
3.229E-1 -1.101E-4
3.327E-1 -1.021E-4
3.426E-1 -9.473E-5
3.525E-1 -8.577E-5
3.623E-1 -7.697E-5
3.733E-1 -6.646E-5
3.830E-1 -5.680E-5
3.931E-1 -4.724E-5
4.029E-1 -3.672E-5
4.224E-1 -1.429E-5
4.435E-1 1.011E-5
4.629E-1 3.607E-5
4.839E-1 6.399E-5
5.037E-1 9.292E-5
5.542E-1 1.700E-4
6.045E-1 2.506E-4
6.550E-1 3.315E-4
7.053E-1 4.098E-4
7.557E-1 4.841E-4
8.061E-1 5.550E-4
8.566E-1 6.233E-4
9.069E-1 6.878E-4
9.573E-1 7.519E-4
1.006E+0 8.104E-4
