0.000E+0 0
1.000E-2 2.82000897E-14
2.000E-2 6.75401002E-14
3.000E-2 1.226006E-13
4.000E-2 1.99829306E-13
5.000E-2 3.08296548E-13
6.000E-2 4.60756666E-13
7.000E-2 6.75141611E-13
8.000E-2 9.7666749E-13
9.000E-2 1.40081415E-12
1.000E-1 1.99755399E-12
1.100E-1 2.83737612E-12
1.200E-1 4.01990036E-12
1.300E-1 5.68623803E-12
1.400E-1 8.03678374E-12
1.500E-1 1.13568869E-11
1.600E-1 1.60539592E-11
1.700E-1 2.27111771E-11
1.800E-1 3.21652605E-11
1.900E-1 4.5619174E-11
2.000E-1 6.48054809E-11
2.100E-1 9.22231773E-11
2.200E-1 1.31481133E-10
2.300E-1 1.87796246E-10
2.400E-1 2.68716155E-10
2.500E-1 3.85167981E-10
2.600E-1 5.52980427E-10
2.700E-1 7.95093304E-10
2.800E-1 1.14476537E-9
2.900E-1 1.65023211E-9
3.000E-1 2.3814696E-9
3.100E-1 3.44001736E-9
3.200E-1 4.97321394E-9
3.300E-1 7.19502994E-9
3.400E-1 1.04160136E-8
3.500E-1 1.50871064E-8
3.600E-1 2.18631307E-8
3.700E-1 3.16950471E-8
3.800E-1 4.5963972E-8
3.900E-1 6.66758558E-8
4.000E-1 9.67442694E-8
4.100E-1 1.40401154E-7
4.200E-1 2.03793379E-7
4.300E-1 2.95849048E-7
4.400E-1 4.29535233E-7
4.500E-1 6.23683449E-7
