-9.0181350E-2 -4.1959100E-6
-5.9845920E-2 -2.8995350E-6
-3.0103680E-2 -1.3789270E-6
-5.8072810E-4 -1.2092660E-8
1.0091040E-2 5.1702500E-7
1.9971280E-2 1.0313180E-6
2.9928680E-2 1.5220680E-6
3.9937970E-2 2.1074050E-6
4.9993040E-2 2.6772720E-6
5.9979440E-2 3.2732590E-6
6.9977280E-2 3.9483640E-6
8.0031870E-2 4.6336120E-6
9.0018270E-2 5.4708200E-6
1.0000470E-1 6.2876150E-6
1.0994580E-1 7.2665150E-6
1.1998940E-1 8.2848470E-6
1.2995290E-1 9.7098620E-6
1.3997360E-1 1.1368700E-5
1.5000530E-1 1.3202330E-5
1.5998080E-1 1.5764320E-5
1.6999010E-1 1.8889970E-5
1.7997650E-1 2.3360390E-5
1.8999670E-1 2.8391590E-5
1.9993780E-1 3.5403700E-5
2.0997000E-1 4.3682320E-5
2.1996970E-1 5.6877910E-5
2.2980830E-1 7.3538950E-5
2.3994300E-1 9.7608160E-5
2.4999810E-1 1.2466380E-4
2.5982480E-1 1.7005250E-4
2.7005050E-1 2.2517210E-4
2.7986620E-1 3.1381570E-4
2.9004670E-1 4.1572730E-4
3.0003310E-1 5.6551560E-4
3.0991700E-1 7.4429880E-4
3.1993770E-1 1.0151240E-3
3.2998130E-1 1.3765410E-3
3.3992200E-1 1.8397850E-3
3.4993120E-1 2.3619610E-3
3.5995200E-1 3.1374320E-3
3.6988160E-1 4.0248610E-3
3.8002780E-1 5.2570850E-3
3.8994600E-1 6.5001450E-3
4.0004630E-1 8.0334150E-3
4.0995310E-1 9.6143740E-3
4.1993950E-1 1.1672850E-2
4.2996030E-1 1.3553920E-2
4.3993570E-1 1.5941890E-2
4.4994500E-1 1.8309000E-2
4.5996570E-1 2.1148850E-2
4.6998640E-1 2.3726820E-2
4.8001860E-1 2.6586350E-2
4.8999360E-1 2.9331190E-2
4.9999140E-1 3.2443900E-2
